Type,Name,Request Count,Failure Count,Median Response Time,Average Response Time,Min Response Time,Max Response Time,Average Content Size,Requests/s,Failures/s,50%,66%,75%,80%,90%,95%,98%,99%,99.9%,99.99%,100%
GET,/,2807,358,23000.0,153238.46130980892,3.079809999974259,1818098.4962269997,2276.545065906662,0.7742988374695188,0.09875275518848868,23000,47000,69000,96000,155000,1459000,1634000,1703000,1818000,1818000,1818000
GET,/api/cart/add/anonymous-1/HPTD/1,1,0,41468.68777999998,41468.68777999998,41468.68777999998,41468.68777999998,121.0,0.0002758456848840466,0.0,41000,41000,41000,41000,41000,41000,41000,41000,41000,41000,41000
GET,/api/cart/add/anonymous-1/RMC/1,1,0,59.585888000015075,59.585888000015075,59.585888000015075,59.585888000015075,216.0,0.0002758456848840466,0.0,60,60,60,60,60,60,60,60,60,60,60
GET,/api/cart/add/anonymous-1/UHJ/1,1,0,118.49077299996225,118.49077299996225,118.49077299996225,118.49077299996225,138.0,0.0002758456848840466,0.0,120,120,120,120,120,120,120,120,120,120,120
GET,/api/cart/add/anonymous-10/EMM/1,2,0,50,30572.00290999984,49.55595600000606,61094.449863999675,137.0,0.0005516913697680932,0.0,61000,61000,61000,61000,61000,61000,61000,61000,61000,61000,61000
GET,/api/cart/add/anonymous-10/HPTD/1,1,0,256.680107999955,256.680107999955,256.680107999955,256.680107999955,223.0,0.0002758456848840466,0.0,260,260,260,260,260,260,260,260,260,260,260
GET,/api/cart/add/anonymous-10/RED/1,1,0,55996.97590100004,55996.97590100004,55996.97590100004,55996.97590100004,280.0,0.0002758456848840466,0.0,56000,56000,56000,56000,56000,56000,56000,56000,56000,56000,56000
GET,/api/cart/add/anonymous-10/RMC/1,1,0,28.377889000012146,28.377889000012146,28.377889000012146,28.377889000012146,184.0,0.0002758456848840466,0.0,28,28,28,28,28,28,28,28,28,28,28
GET,/api/cart/add/anonymous-10/Watson/1,2,0,50,455.94216450012937,49.738657000034436,862.1456720002243,156.0,0.0005516913697680932,0.0,860,860,860,860,860,860,860,860,860,860,860
GET,/api/cart/add/anonymous-100/EMM/1,1,0,97.51410799998439,97.51410799998439,97.51410799998439,97.51410799998439,229.0,0.0002758456848840466,0.0,98,98,98,98,98,98,98,98,98,98,98
GET,/api/cart/add/anonymous-100/HPTD/1,1,0,735.7937379997566,735.7937379997566,735.7937379997566,735.7937379997566,121.0,0.0002758456848840466,0.0,740,740,740,740,740,740,740,740,740,740,740
GET,/api/cart/add/anonymous-100/SHCE/1,3,0,78,77.32777700001255,35.709712000027594,118.22537299997293,124.33333333333333,0.0008275370546521397,0.0,78,78,120,120,120,120,120,120,120,120,120
GET,/api/cart/add/anonymous-1001/UHJ/1,1,0,56070.39552100014,56070.39552100014,56070.39552100014,56070.39552100014,209.0,0.0002758456848840466,0.0,56000,56000,56000,56000,56000,56000,56000,56000,56000,56000,56000
GET,/api/cart/add/anonymous-1001/Watson/1,1,0,109960.5822010003,109960.5822010003,109960.5822010003,109960.5822010003,106.0,0.0002758456848840466,0.0,110000,110000,110000,110000,110000,110000,110000,110000,110000,110000,110000
GET,/api/cart/add/anonymous-1002/HPTD/1,1,0,73932.0045520003,73932.0045520003,73932.0045520003,73932.0045520003,121.0,0.0002758456848840466,0.0,74000,74000,74000,74000,74000,74000,74000,74000,74000,74000,74000
GET,/api/cart/add/anonymous-1002/SHCE/1,1,0,56082.560679999915,56082.560679999915,56082.560679999915,56082.560679999915,213.0,0.0002758456848840466,0.0,56000,56000,56000,56000,56000,56000,56000,56000,56000,56000,56000
GET,/api/cart/add/anonymous-1003/HPTD/1,1,0,74373.3674570003,74373.3674570003,74373.3674570003,74373.3674570003,121.0,0.0002758456848840466,0.0,74000,74000,74000,74000,74000,74000,74000,74000,74000,74000,74000
GET,/api/cart/add/anonymous-1004/EPE/1,1,0,28248.049745000117,28248.049745000117,28248.049745000117,28248.049745000117,222.0,0.0002758456848840466,0.0,28000,28000,28000,28000,28000,28000,28000,28000,28000,28000,28000
GET,/api/cart/add/anonymous-1004/SHCE/1,1,0,50141.57049699998,50141.57049699998,50141.57049699998,50141.57049699998,124.0,0.0002758456848840466,0.0,50000,50000,50000,50000,50000,50000,50000,50000,50000,50000,50000
GET,/api/cart/add/anonymous-1005/RED/1,1,0,28275.995407999744,28275.995407999744,28275.995407999744,28275.995407999744,132.0,0.0002758456848840466,0.0,28000,28000,28000,28000,28000,28000,28000,28000,28000,28000,28000
GET,/api/cart/add/anonymous-1005/SHCE/1,1,0,45953.57427599993,45953.57427599993,45953.57427599993,45953.57427599993,124.0,0.0002758456848840466,0.0,46000,46000,46000,46000,46000,46000,46000,46000,46000,46000,46000
GET,/api/cart/add/anonymous-1008/EPE/1,1,0,27029.817962999914,27029.817962999914,27029.817962999914,27029.817962999914,129.0,0.0002758456848840466,0.0,27000,27000,27000,27000,27000,27000,27000,27000,27000,27000,27000
GET,/api/cart/add/anonymous-1008/SHCE/1,1,0,49487.003460999855,49487.003460999855,49487.003460999855,49487.003460999855,222.0,0.0002758456848840466,0.0,49000,49000,49000,49000,49000,49000,49000,49000,49000,49000,49000
GET,/api/cart/add/anonymous-101/EMM/1,2,0,28,30.293495500018253,27.938288000029843,32.64870300000666,137.0,0.0005516913697680932,0.0,33,33,33,33,33,33,33,33,33,33,33
GET,/api/cart/add/anonymous-101/RED/1,1,0,190.36830099997815,190.36830099997815,190.36830099997815,190.36830099997815,132.0,0.0002758456848840466,0.0,190,190,190,190,190,190,190,190,190,190,190
GET,/api/cart/add/anonymous-101/STAN-1/1,1,0,129.55610899996373,129.55610899996373,129.55610899996373,129.55610899996373,196.0,0.0002758456848840466,0.0,130,130,130,130,130,130,130,130,130,130,130
GET,/api/cart/add/anonymous-101/Watson/1,1,0,67119.5406630004,67119.5406630004,67119.5406630004,67119.5406630004,106.0,0.0002758456848840466,0.0,67000,67000,67000,67000,67000,67000,67000,67000,67000,67000,67000
GET,/api/cart/add/anonymous-1011/RED/1,1,0,24241.033009000148,24241.033009000148,24241.033009000148,24241.033009000148,132.0,0.0002758456848840466,0.0,24000,24000,24000,24000,24000,24000,24000,24000,24000,24000,24000
GET,/api/cart/add/anonymous-1011/SHCE/1,1,0,49424.889154000084,49424.889154000084,49424.889154000084,49424.889154000084,225.0,0.0002758456848840466,0.0,49000,49000,49000,49000,49000,49000,49000,49000,49000,49000,49000
GET,/api/cart/add/anonymous-1016/EMM/1,1,0,49496.48238199961,49496.48238199961,49496.48238199961,49496.48238199961,137.0,0.0002758456848840466,0.0,49000,49000,49000,49000,49000,49000,49000,49000,49000,49000,49000
GET,/api/cart/add/anonymous-1016/Watson/1,1,0,28854.385878999892,28854.385878999892,28854.385878999892,28854.385878999892,206.0,0.0002758456848840466,0.0,29000,29000,29000,29000,29000,29000,29000,29000,29000,29000,29000
GET,/api/cart/add/anonymous-1017/RED/1,1,0,29266.14118999987,29266.14118999987,29266.14118999987,29266.14118999987,132.0,0.0002758456848840466,0.0,29000,29000,29000,29000,29000,29000,29000,29000,29000,29000,29000
GET,/api/cart/add/anonymous-1017/Watson/1,1,0,88426.01467299982,88426.01467299982,88426.01467299982,88426.01467299982,202.0,0.0002758456848840466,0.0,88000,88000,88000,88000,88000,88000,88000,88000,88000,88000,88000
GET,/api/cart/add/anonymous-1018/RED/1,1,0,70009.87872199994,70009.87872199994,70009.87872199994,70009.87872199994,132.0,0.0002758456848840466,0.0,70000,70000,70000,70000,70000,70000,70000,70000,70000,70000,70000
GET,/api/cart/add/anonymous-1018/UHJ/1,1,0,49574.65875700018,49574.65875700018,49574.65875700018,49574.65875700018,138.0,0.0002758456848840466,0.0,50000,50000,50000,50000,50000,50000,50000,50000,50000,50000,50000
GET,/api/cart/add/anonymous-1019/HPTD/1,1,0,51899.13855099985,51899.13855099985,51899.13855099985,51899.13855099985,121.0,0.0002758456848840466,0.0,52000,52000,52000,52000,52000,52000,52000,52000,52000,52000,52000
GET,/api/cart/add/anonymous-1019/STAN-1/1,1,0,48707.25611499984,48707.25611499984,48707.25611499984,48707.25611499984,200.0,0.0002758456848840466,0.0,49000,49000,49000,49000,49000,49000,49000,49000,49000,49000,49000
GET,/api/cart/add/anonymous-102/EMM/1,2,0,76.01234000003387,76.93139300002372,76.01234000003387,77.85044600001356,207.5,0.0005516913697680932,0.0,78,78,78,78,78,78,78,78,78,78,78
GET,/api/cart/add/anonymous-102/RED/1,1,0,67108.13403300017,67108.13403300017,67108.13403300017,67108.13403300017,132.0,0.0002758456848840466,0.0,67000,67000,67000,67000,67000,67000,67000,67000,67000,67000,67000
GET,/api/cart/add/anonymous-102/STAN-1/1,2,0,51.26956200001587,181.03794199987533,51.26956200001587,310.8063219997348,111.0,0.0005516913697680932,0.0,310,310,310,310,310,310,310,310,310,310,310
GET,/api/cart/add/anonymous-102/UHJ/1,1,0,129.41080799998872,129.41080799998872,129.41080799998872,129.41080799998872,138.0,0.0002758456848840466,0.0,130,130,130,130,130,130,130,130,130,130,130
GET,/api/cart/add/anonymous-1020/RMC/1,1,0,49595.2706170001,49595.2706170001,49595.2706170001,49595.2706170001,108.0,0.0002758456848840466,0.0,50000,50000,50000,50000,50000,50000,50000,50000,50000,50000,50000
GET,/api/cart/add/anonymous-1023/EPE/1,1,0,22563.36219900004,22563.36219900004,22563.36219900004,22563.36219900004,129.0,0.0002758456848840466,0.0,23000,23000,23000,23000,23000,23000,23000,23000,23000,23000,23000
GET,/api/cart/add/anonymous-1023/UHJ/1,1,0,43470.06333599984,43470.06333599984,43470.06333599984,43470.06333599984,220.0,0.0002758456848840466,0.0,43000,43000,43000,43000,43000,43000,43000,43000,43000,43000,43000
GET,/api/cart/add/anonymous-1024/EMM/1,1,0,49152.19821099981,49152.19821099981,49152.19821099981,49152.19821099981,201.0,0.0002758456848840466,0.0,49000,49000,49000,49000,49000,49000,49000,49000,49000,49000,49000
GET,/api/cart/add/anonymous-1024/STAN-1/1,1,0,29266.580396000336,29266.580396000336,29266.580396000336,29266.580396000336,111.0,0.0002758456848840466,0.0,29000,29000,29000,29000,29000,29000,29000,29000,29000,29000,29000
GET,/api/cart/add/anonymous-1026/EPE/1,1,0,54979.50677099971,54979.50677099971,54979.50677099971,54979.50677099971,179.0,0.0002758456848840466,0.0,55000,55000,55000,55000,55000,55000,55000,55000,55000,55000,55000
GET,/api/cart/add/anonymous-1026/STAN-1/1,1,0,29286.150333000023,29286.150333000023,29286.150333000023,29286.150333000023,111.0,0.0002758456848840466,0.0,29000,29000,29000,29000,29000,29000,29000,29000,29000,29000,29000
GET,/api/cart/add/anonymous-1027/EPE/1,1,0,29255.483756000103,29255.483756000103,29255.483756000103,29255.483756000103,129.0,0.0002758456848840466,0.0,29000,29000,29000,29000,29000,29000,29000,29000,29000,29000,29000
GET,/api/cart/add/anonymous-1027/HPTD/1,1,0,48930.48319799982,48930.48319799982,48930.48319799982,48930.48319799982,217.0,0.0002758456848840466,0.0,49000,49000,49000,49000,49000,49000,49000,49000,49000,49000,49000
GET,/api/cart/add/anonymous-1029/STAN-1/1,1,0,139802.60391499996,139802.60391499996,139802.60391499996,139802.60391499996,111.0,0.0002758456848840466,0.0,140000,140000,140000,140000,140000,140000,140000,140000,140000,140000,140000
GET,/api/cart/add/anonymous-1029/UHJ/1,1,0,48820.34034800017,48820.34034800017,48820.34034800017,48820.34034800017,138.0,0.0002758456848840466,0.0,49000,49000,49000,49000,49000,49000,49000,49000,49000,49000,49000
GET,/api/cart/add/anonymous-103/EPE/1,1,0,106.81543700002294,106.81543700002294,106.81543700002294,106.81543700002294,200.0,0.0002758456848840466,0.0,110,110,110,110,110,110,110,110,110,110,110
GET,/api/cart/add/anonymous-103/HPTD/1,1,0,159.1850030000046,159.1850030000046,159.1850030000046,159.1850030000046,199.0,0.0002758456848840466,0.0,160,160,160,160,160,160,160,160,160,160,160
GET,/api/cart/add/anonymous-103/RMC/1,1,0,292.6650239999731,292.6650239999731,292.6650239999731,292.6650239999731,108.0,0.0002758456848840466,0.0,290,290,290,290,290,290,290,290,290,290,290
GET,/api/cart/add/anonymous-103/Watson/1,1,0,57.41988099998707,57.41988099998707,57.41988099998707,57.41988099998707,106.0,0.0002758456848840466,0.0,57,57,57,57,57,57,57,57,57,57,57
GET,/api/cart/add/anonymous-1030/STAN-1/1,1,1,121854.74213099996,121854.74213099996,121854.74213099996,121854.74213099996,0.0,0.0002758456848840466,0.0002758456848840466,122000,122000,122000,122000,122000,122000,122000,122000,122000,122000,122000
GET,/api/cart/add/anonymous-1030/UHJ/1,1,0,22547.702196000046,22547.702196000046,22547.702196000046,22547.702196000046,138.0,0.0002758456848840466,0.0,23000,23000,23000,23000,23000,23000,23000,23000,23000,23000,23000
GET,/api/cart/add/anonymous-1031/HPTD/1,1,0,151073.70231799997,151073.70231799997,151073.70231799997,151073.70231799997,121.0,0.0002758456848840466,0.0,151000,151000,151000,151000,151000,151000,151000,151000,151000,151000,151000
GET,/api/cart/add/anonymous-1031/RED/1,1,0,48827.927562000245,48827.927562000245,48827.927562000245,48827.927562000245,132.0,0.0002758456848840466,0.0,49000,49000,49000,49000,49000,49000,49000,49000,49000,49000,49000
GET,/api/cart/add/anonymous-1034/EMM/1,1,0,106029.03684400007,106029.03684400007,106029.03684400007,106029.03684400007,221.0,0.0002758456848840466,0.0,106000,106000,106000,106000,106000,106000,106000,106000,106000,106000,106000
GET,/api/cart/add/anonymous-1034/RED/1,1,0,28089.66940399978,28089.66940399978,28089.66940399978,28089.66940399978,132.0,0.0002758456848840466,0.0,28000,28000,28000,28000,28000,28000,28000,28000,28000,28000,28000
GET,/api/cart/add/anonymous-1035/EPE/1,1,0,90078.23030300005,90078.23030300005,90078.23030300005,90078.23030300005,217.0,0.0002758456848840466,0.0,90000,90000,90000,90000,90000,90000,90000,90000,90000,90000,90000
GET,/api/cart/add/anonymous-1035/HPTD/1,1,0,41017.01857399985,41017.01857399985,41017.01857399985,41017.01857399985,121.0,0.0002758456848840466,0.0,41000,41000,41000,41000,41000,41000,41000,41000,41000,41000,41000
GET,/api/cart/add/anonymous-1036/STAN-1/1,2,0,41015.203050999844,65493.486778500024,41015.203050999844,89971.7705060002,111.5,0.0005516913697680932,0.0,90000,90000,90000,90000,90000,90000,90000,90000,90000,90000,90000
GET,/api/cart/add/anonymous-1037/Watson/1,1,0,41111.02953200043,41111.02953200043,41111.02953200043,41111.02953200043,106.0,0.0002758456848840466,0.0,41000,41000,41000,41000,41000,41000,41000,41000,41000,41000,41000
GET,/api/cart/add/anonymous-104/HPTD/1,2,0,98.12340900003846,151.51947800003995,98.12340900003846,204.91554700004144,121.0,0.0005516913697680932,0.0,200,200,200,200,200,200,200,200,200,200,200
GET,/api/cart/add/anonymous-104/STAN-1/1,1,0,140.39564399996607,140.39564399996607,140.39564399996607,140.39564399996607,200.0,0.0002758456848840466,0.0,140,140,140,140,140,140,140,140,140,140,140
GET,/api/cart/add/anonymous-104/UHJ/1,1,0,72.20882799998662,72.20882799998662,72.20882799998662,72.20882799998662,226.0,0.0002758456848840466,0.0,72,72,72,72,72,72,72,72,72,72,72
GET,/api/cart/add/anonymous-1043/Watson/1,1,0,48943.661641999824,48943.661641999824,48943.661641999824,48943.661641999824,106.0,0.0002758456848840466,0.0,49000,49000,49000,49000,49000,49000,49000,49000,49000,49000,49000
GET,/api/cart/add/anonymous-105/EPE/1,1,0,102.45482400000583,102.45482400000583,102.45482400000583,102.45482400000583,220.0,0.0002758456848840466,0.0,100,100,100,100,100,100,100,100,100,100,100
GET,/api/cart/add/anonymous-105/RED/1,2,0,60.16549000003124,89.84268350002367,60.16549000003124,119.5198770000161,133.0,0.0005516913697680932,0.0,120,120,120,120,120,120,120,120,120,120,120
GET,/api/cart/add/anonymous-105/UHJ/1,1,0,243.92387000000326,243.92387000000326,243.92387000000326,243.92387000000326,138.0,0.0002758456848840466,0.0,240,240,240,240,240,240,240,240,240,240,240
GET,/api/cart/add/anonymous-1051/UHJ/1,1,0,139794.32961500014,139794.32961500014,139794.32961500014,139794.32961500014,138.0,0.0002758456848840466,0.0,140000,140000,140000,140000,140000,140000,140000,140000,140000,140000,140000
GET,/api/cart/add/anonymous-1051/Watson/1,1,0,52679.50738599984,52679.50738599984,52679.50738599984,52679.50738599984,209.0,0.0002758456848840466,0.0,53000,53000,53000,53000,53000,53000,53000,53000,53000,53000,53000
GET,/api/cart/add/anonymous-1055/UHJ/1,1,0,28628.368816999682,28628.368816999682,28628.368816999682,28628.368816999682,138.0,0.0002758456848840466,0.0,29000,29000,29000,29000,29000,29000,29000,29000,29000,29000,29000
GET,/api/cart/add/anonymous-1056/STAN-1/1,1,0,83244.58679599957,83244.58679599957,83244.58679599957,83244.58679599957,111.0,0.0002758456848840466,0.0,83000,83000,83000,83000,83000,83000,83000,83000,83000,83000,83000
GET,/api/cart/add/anonymous-1056/Watson/1,1,0,45855.09985099998,45855.09985099998,45855.09985099998,45855.09985099998,182.0,0.0002758456848840466,0.0,46000,46000,46000,46000,46000,46000,46000,46000,46000,46000,46000
GET,/api/cart/add/anonymous-1057/SHCE/1,1,0,22226.691822000248,22226.691822000248,22226.691822000248,22226.691822000248,124.0,0.0002758456848840466,0.0,22000,22000,22000,22000,22000,22000,22000,22000,22000,22000,22000
GET,/api/cart/add/anonymous-1057/Watson/1,1,0,46103.75972499969,46103.75972499969,46103.75972499969,46103.75972499969,198.0,0.0002758456848840466,0.0,46000,46000,46000,46000,46000,46000,46000,46000,46000,46000,46000
GET,/api/cart/add/anonymous-1058/EPE/1,1,0,137605.18681099985,137605.18681099985,137605.18681099985,137605.18681099985,129.0,0.0002758456848840466,0.0,138000,138000,138000,138000,138000,138000,138000,138000,138000,138000,138000
GET,/api/cart/add/anonymous-1058/UHJ/1,1,0,51646.30002300009,51646.30002300009,51646.30002300009,51646.30002300009,138.0,0.0002758456848840466,0.0,52000,52000,52000,52000,52000,52000,52000,52000,52000,52000,52000
GET,/api/cart/add/anonymous-1059/HPTD/1,1,0,38244.68268500004,38244.68268500004,38244.68268500004,38244.68268500004,219.0,0.0002758456848840466,0.0,38000,38000,38000,38000,38000,38000,38000,38000,38000,38000,38000
GET,/api/cart/add/anonymous-1059/RED/1,1,0,51550.15138299996,51550.15138299996,51550.15138299996,51550.15138299996,132.0,0.0002758456848840466,0.0,52000,52000,52000,52000,52000,52000,52000,52000,52000,52000,52000
GET,/api/cart/add/anonymous-106/HPTD/1,1,0,230.02002599997695,230.02002599997695,230.02002599997695,230.02002599997695,121.0,0.0002758456848840466,0.0,230,230,230,230,230,230,230,230,230,230,230
GET,/api/cart/add/anonymous-106/SHCE/1,1,0,77.76934600002505,77.76934600002505,77.76934600002505,77.76934600002505,124.0,0.0002758456848840466,0.0,78,78,78,78,78,78,78,78,78,78,78
GET,/api/cart/add/anonymous-106/UHJ/1,1,0,82.0733589999918,82.0733589999918,82.0733589999918,82.0733589999918,230.0,0.0002758456848840466,0.0,82,82,82,82,82,82,82,82,82,82,82
GET,/api/cart/add/anonymous-106/Watson/1,1,0,428.1572520000054,428.1572520000054,428.1572520000054,428.1572520000054,193.0,0.0002758456848840466,0.0,430,430,430,430,430,430,430,430,430,430,430
GET,/api/cart/add/anonymous-1060/EPE/1,1,0,30136.850611999762,30136.850611999762,30136.850611999762,30136.850611999762,201.0,0.0002758456848840466,0.0,30000,30000,30000,30000,30000,30000,30000,30000,30000,30000,30000
GET,/api/cart/add/anonymous-1060/RED/1,1,0,982.3102410000502,982.3102410000502,982.3102410000502,982.3102410000502,132.0,0.0002758456848840466,0.0,980,980,980,980,980,980,980,980,980,980,980
GET,/api/cart/add/anonymous-1063/RED/1,2,0,57087.23318500006,66404.33494750006,57087.23318500006,75721.43671000004,133.0,0.0005516913697680932,0.0,76000,76000,76000,76000,76000,76000,76000,76000,76000,76000,76000
GET,/api/cart/add/anonymous-1064/HPTD/1,1,0,52546.72892000008,52546.72892000008,52546.72892000008,52546.72892000008,121.0,0.0002758456848840466,0.0,53000,53000,53000,53000,53000,53000,53000,53000,53000,53000,53000
GET,/api/cart/add/anonymous-1066/SHCE/1,1,0,67102.26066500036,67102.26066500036,67102.26066500036,67102.26066500036,124.0,0.0002758456848840466,0.0,67000,67000,67000,67000,67000,67000,67000,67000,67000,67000,67000
GET,/api/cart/add/anonymous-1066/STAN-1/1,1,0,30941.743592999956,30941.743592999956,30941.743592999956,30941.743592999956,111.0,0.0002758456848840466,0.0,31000,31000,31000,31000,31000,31000,31000,31000,31000,31000,31000
GET,/api/cart/add/anonymous-1067/EPE/1,1,1,66922.864313,66922.864313,66922.864313,66922.864313,0.0,0.0002758456848840466,0.0002758456848840466,67000,67000,67000,67000,67000,67000,67000,67000,67000,67000,67000
GET,/api/cart/add/anonymous-1067/SHCE/1,1,0,66267.31443000017,66267.31443000017,66267.31443000017,66267.31443000017,124.0,0.0002758456848840466,0.0,66000,66000,66000,66000,66000,66000,66000,66000,66000,66000,66000
GET,/api/cart/add/anonymous-107/RMC/1,1,0,144.3268560000206,144.3268560000206,144.3268560000206,144.3268560000206,216.0,0.0002758456848840466,0.0,140,140,140,140,140,140,140,140,140,140,140
GET,/api/cart/add/anonymous-107/SHCE/1,1,0,82.9307619999895,82.9307619999895,82.9307619999895,82.9307619999895,230.0,0.0002758456848840466,0.0,83,83,83,83,83,83,83,83,83,83,83
GET,/api/cart/add/anonymous-107/UHJ/1,2,0,51.29986200000758,142.29589900000406,51.29986200000758,233.29193600000053,138.0,0.0005516913697680932,0.0,230,230,230,230,230,230,230,230,230,230,230
GET,/api/cart/add/anonymous-1075/STAN-1/1,1,0,75992.23404399981,75992.23404399981,75992.23404399981,75992.23404399981,111.0,0.0002758456848840466,0.0,76000,76000,76000,76000,76000,76000,76000,76000,76000,76000,76000
GET,/api/cart/add/anonymous-1076/EPE/1,1,0,75047.58192899999,75047.58192899999,75047.58192899999,75047.58192899999,129.0,0.0002758456848840466,0.0,75000,75000,75000,75000,75000,75000,75000,75000,75000,75000,75000
GET,/api/cart/add/anonymous-1079/EMM/1,1,0,67109.43074700027,67109.43074700027,67109.43074700027,67109.43074700027,137.0,0.0002758456848840466,0.0,67000,67000,67000,67000,67000,67000,67000,67000,67000,67000,67000
GET,/api/cart/add/anonymous-1079/RED/1,1,0,577.2137409999232,577.2137409999232,577.2137409999232,577.2137409999232,132.0,0.0002758456848840466,0.0,580,580,580,580,580,580,580,580,580,580,580
GET,/api/cart/add/anonymous-108/HPTD/1,1,0,28.911292000032063,28.911292000032063,28.911292000032063,28.911292000032063,121.0,0.0002758456848840466,0.0,29,29,29,29,29,29,29,29,29,29,29
GET,/api/cart/add/anonymous-108/RMC/1,1,0,423.8467380000088,423.8467380000088,423.8467380000088,423.8467380000088,199.0,0.0002758456848840466,0.0,420,420,420,420,420,420,420,420,420,420,420
GET,/api/cart/add/anonymous-108/SHCE/1,1,0,142.01224800001455,142.01224800001455,142.01224800001455,142.01224800001455,124.0,0.0002758456848840466,0.0,140,140,140,140,140,140,140,140,140,140,140
GET,/api/cart/add/anonymous-108/Watson/1,1,0,314.4684929999926,314.4684929999926,314.4684929999926,314.4684929999926,198.0,0.0002758456848840466,0.0,310,310,310,310,310,310,310,310,310,310,310
GET,/api/cart/add/anonymous-1080/HPTD/1,1,0,28240.87064499963,28240.87064499963,28240.87064499963,28240.87064499963,121.0,0.0002758456848840466,0.0,28000,28000,28000,28000,28000,28000,28000,28000,28000,28000,28000
GET,/api/cart/add/anonymous-1080/STAN-1/1,1,0,620.3782800002955,620.3782800002955,620.3782800002955,620.3782800002955,111.0,0.0002758456848840466,0.0,620,620,620,620,620,620,620,620,620,620,620
GET,/api/cart/add/anonymous-1088/STAN-1/1,1,1,86115.52373299992,86115.52373299992,86115.52373299992,86115.52373299992,0.0,0.0002758456848840466,0.0002758456848840466,86000,86000,86000,86000,86000,86000,86000,86000,86000,86000,86000
GET,/api/cart/add/anonymous-1088/UHJ/1,1,0,47428.61154599996,47428.61154599996,47428.61154599996,47428.61154599996,138.0,0.0002758456848840466,0.0,47000,47000,47000,47000,47000,47000,47000,47000,47000,47000,47000
GET,/api/cart/add/anonymous-109/EMM/1,2,0,180.0,194.9575154999934,178.0226619999894,211.89236899999742,137.0,0.0005516913697680932,0.0,210,210,210,210,210,210,210,210,210,210,210
GET,/api/cart/add/anonymous-109/EPE/1,1,0,730.36716300021,730.36716300021,730.36716300021,730.36716300021,287.0,0.0002758456848840466,0.0,730,730,730,730,730,730,730,730,730,730,730
GET,/api/cart/add/anonymous-109/SHCE/1,1,0,436.2848769999914,436.2848769999914,436.2848769999914,436.2848769999914,203.0,0.0002758456848840466,0.0,440,440,440,440,440,440,440,440,440,440,440
GET,/api/cart/add/anonymous-109/STAN-1/1,1,0,76.22894100001076,76.22894100001076,76.22894100001076,76.22894100001076,111.0,0.0002758456848840466,0.0,76,76,76,76,76,76,76,76,76,76,76
GET,/api/cart/add/anonymous-109/UHJ/1,1,1,86115.06682800018,86115.06682800018,86115.06682800018,86115.06682800018,0.0,0.0002758456848840466,0.0002758456848840466,86000,86000,86000,86000,86000,86000,86000,86000,86000,86000,86000
GET,/api/cart/add/anonymous-1090/SHCE/1,1,0,648.3821470001203,648.3821470001203,648.3821470001203,648.3821470001203,124.0,0.0002758456848840466,0.0,650,650,650,650,650,650,650,650,650,650,650
GET,/api/cart/add/anonymous-1090/UHJ/1,1,0,56011.06448200016,56011.06448200016,56011.06448200016,56011.06448200016,230.0,0.0002758456848840466,0.0,56000,56000,56000,56000,56000,56000,56000,56000,56000,56000,56000
GET,/api/cart/add/anonymous-1091/RED/1,1,0,47932.84262599991,47932.84262599991,47932.84262599991,47932.84262599991,209.0,0.0002758456848840466,0.0,48000,48000,48000,48000,48000,48000,48000,48000,48000,48000,48000
GET,/api/cart/add/anonymous-1091/UHJ/1,1,0,538.8577060002717,538.8577060002717,538.8577060002717,538.8577060002717,138.0,0.0002758456848840466,0.0,540,540,540,540,540,540,540,540,540,540,540
GET,/api/cart/add/anonymous-1092/HPTD/1,1,0,55940.40856099992,55940.40856099992,55940.40856099992,55940.40856099992,219.0,0.0002758456848840466,0.0,56000,56000,56000,56000,56000,56000,56000,56000,56000,56000,56000
GET,/api/cart/add/anonymous-1092/RED/1,1,0,511.1180910002986,511.1180910002986,511.1180910002986,511.1180910002986,132.0,0.0002758456848840466,0.0,510,510,510,510,510,510,510,510,510,510,510
GET,/api/cart/add/anonymous-1095/RED/1,1,0,28171.403660000124,28171.403660000124,28171.403660000124,28171.403660000124,132.0,0.0002758456848840466,0.0,28000,28000,28000,28000,28000,28000,28000,28000,28000,28000,28000
GET,/api/cart/add/anonymous-1095/RMC/1,1,0,51789.734433000376,51789.734433000376,51789.734433000376,51789.734433000376,210.0,0.0002758456848840466,0.0,52000,52000,52000,52000,52000,52000,52000,52000,52000,52000,52000
GET,/api/cart/add/anonymous-1096/HPTD/1,1,0,31570.216739999978,31570.216739999978,31570.216739999978,31570.216739999978,199.0,0.0002758456848840466,0.0,32000,32000,32000,32000,32000,32000,32000,32000,32000,32000,32000
GET,/api/cart/add/anonymous-1096/RMC/1,1,0,28248.465231999944,28248.465231999944,28248.465231999944,28248.465231999944,108.0,0.0002758456848840466,0.0,28000,28000,28000,28000,28000,28000,28000,28000,28000,28000,28000
GET,/api/cart/add/anonymous-1097/SHCE/1,1,0,1775.3268849996857,1775.3268849996857,1775.3268849996857,1775.3268849996857,124.0,0.0002758456848840466,0.0,1800,1800,1800,1800,1800,1800,1800,1800,1800,1800,1800
GET,/api/cart/add/anonymous-1098/EMM/1,1,0,28490.05598900021,28490.05598900021,28490.05598900021,28490.05598900021,137.0,0.0002758456848840466,0.0,28000,28000,28000,28000,28000,28000,28000,28000,28000,28000,28000
GET,/api/cart/add/anonymous-11/EMM/1,2,0,170.0,238.3353004999833,165.6258209999919,311.0447799999747,137.0,0.0005516913697680932,0.0,310,310,310,310,310,310,310,310,310,310,310
GET,/api/cart/add/anonymous-11/RED/1,1,0,23406.797000000097,23406.797000000097,23406.797000000097,23406.797000000097,132.0,0.0002758456848840466,0.0,23000,23000,23000,23000,23000,23000,23000,23000,23000,23000,23000
GET,/api/cart/add/anonymous-11/RMC/1,2,0,56.2656770000558,24013.792940499912,56.2656770000558,47971.32020399977,193.0,0.0005516913697680932,0.0,48000,48000,48000,48000,48000,48000,48000,48000,48000,48000,48000
GET,/api/cart/add/anonymous-11/SHCE/1,1,0,87358.73858500009,87358.73858500009,87358.73858500009,87358.73858500009,124.0,0.0002758456848840466,0.0,87000,87000,87000,87000,87000,87000,87000,87000,87000,87000,87000
GET,/api/cart/add/anonymous-11/Watson/1,1,0,35.56311199997708,35.56311199997708,35.56311199997708,35.56311199997708,106.0,0.0002758456848840466,0.0,36,36,36,36,36,36,36,36,36,36,36
GET,/api/cart/add/anonymous-110/EMM/1,1,0,85.92237099998101,85.92237099998101,85.92237099998101,85.92237099998101,214.0,0.0002758456848840466,0.0,86,86,86,86,86,86,86,86,86,86,86
GET,/api/cart/add/anonymous-110/EPE/1,1,0,53.59466900000598,53.59466900000598,53.59466900000598,53.59466900000598,129.0,0.0002758456848840466,0.0,54,54,54,54,54,54,54,54,54,54,54
GET,/api/cart/add/anonymous-110/UHJ/1,1,0,397.35045499998023,397.35045499998023,397.35045499998023,397.35045499998023,138.0,0.0002758456848840466,0.0,400,400,400,400,400,400,400,400,400,400,400
GET,/api/cart/add/anonymous-110/Watson/1,1,0,51.25976099998297,51.25976099998297,51.25976099998297,51.25976099998297,200.0,0.0002758456848840466,0.0,51,51,51,51,51,51,51,51,51,51,51
GET,/api/cart/add/anonymous-1102/SHCE/1,1,0,55919.907630000125,55919.907630000125,55919.907630000125,55919.907630000125,124.0,0.0002758456848840466,0.0,56000,56000,56000,56000,56000,56000,56000,56000,56000,56000,56000
GET,/api/cart/add/anonymous-111/RED/1,1,0,76.55684199994539,76.55684199994539,76.55684199994539,76.55684199994539,209.0,0.0002758456848840466,0.0,77,77,77,77,77,77,77,77,77,77,77
GET,/api/cart/add/anonymous-111/SHCE/1,1,0,66.00440900001558,66.00440900001558,66.00440900001558,66.00440900001558,124.0,0.0002758456848840466,0.0,66,66,66,66,66,66,66,66,66,66,66
GET,/api/cart/add/anonymous-111/UHJ/1,1,0,407.51748600001747,407.51748600001747,407.51748600001747,407.51748600001747,138.0,0.0002758456848840466,0.0,410,410,410,410,410,410,410,410,410,410,410
GET,/api/cart/add/anonymous-111/Watson/1,1,0,52.72236700000121,52.72236700000121,52.72236700000121,52.72236700000121,198.0,0.0002758456848840466,0.0,53,53,53,53,53,53,53,53,53,53,53
GET,/api/cart/add/anonymous-112/EPE/1,1,0,50.11165799999162,50.11165799999162,50.11165799999162,50.11165799999162,207.0,0.0002758456848840466,0.0,50,50,50,50,50,50,50,50,50,50,50
GET,/api/cart/add/anonymous-112/HPTD/1,1,0,214.39177699994616,214.39177699994616,214.39177699994616,214.39177699994616,219.0,0.0002758456848840466,0.0,210,210,210,210,210,210,210,210,210,210,210
GET,/api/cart/add/anonymous-112/RED/1,1,0,394.7104459999764,394.7104459999764,394.7104459999764,394.7104459999764,132.0,0.0002758456848840466,0.0,390,390,390,390,390,390,390,390,390,390,390
GET,/api/cart/add/anonymous-112/RMC/1,1,0,53.68536899999299,53.68536899999299,53.68536899999299,53.68536899999299,108.0,0.0002758456848840466,0.0,54,54,54,54,54,54,54,54,54,54,54
GET,/api/cart/add/anonymous-113/HPTD/1,1,0,510.0066100000049,510.0066100000049,510.0066100000049,510.0066100000049,200.0,0.0002758456848840466,0.0,510,510,510,510,510,510,510,510,510,510,510
GET,/api/cart/add/anonymous-113/STAN-1/1,1,0,380.50970099999404,380.50970099999404,380.50970099999404,380.50970099999404,111.0,0.0002758456848840466,0.0,380,380,380,380,380,380,380,380,380,380,380
GET,/api/cart/add/anonymous-113/UHJ/1,1,0,76.4441410000245,76.4441410000245,76.4441410000245,76.4441410000245,138.0,0.0002758456848840466,0.0,76,76,76,76,76,76,76,76,76,76,76
GET,/api/cart/add/anonymous-113/Watson/1,1,0,162.06421199996157,162.06421199996157,162.06421199996157,162.06421199996157,209.0,0.0002758456848840466,0.0,160,160,160,160,160,160,160,160,160,160,160
GET,/api/cart/add/anonymous-114/RED/1,1,0,91.60848900000929,91.60848900000929,91.60848900000929,91.60848900000929,196.0,0.0002758456848840466,0.0,92,92,92,92,92,92,92,92,92,92,92
GET,/api/cart/add/anonymous-114/STAN-1/1,3,0,230.0,222.20550166665967,42.902035999986765,389.7044299999948,111.33333333333333,0.0008275370546521397,0.0,230,230,390,390,390,390,390,390,390,390,390
GET,/api/cart/add/anonymous-115/EMM/1,2,0,322.06731700000546,15990.974783500007,322.06731700000546,31659.88225000001,256.0,0.0005516913697680932,0.0,32000,32000,32000,32000,32000,32000,32000,32000,32000,32000,32000
GET,/api/cart/add/anonymous-115/EPE/1,1,0,22.363570999971216,22.363570999971216,22.363570999971216,22.363570999971216,217.0,0.0002758456848840466,0.0,22,22,22,22,22,22,22,22,22,22,22
GET,/api/cart/add/anonymous-115/HPTD/1,1,0,36.653015000013056,36.653015000013056,36.653015000013056,36.653015000013056,121.0,0.0002758456848840466,0.0,37,37,37,37,37,37,37,37,37,37,37
GET,/api/cart/add/anonymous-115/RED/1,1,0,536.9792840001537,536.9792840001537,536.9792840001537,536.9792840001537,300.0,0.0002758456848840466,0.0,540,540,540,540,540,540,540,540,540,540,540
GET,/api/cart/add/anonymous-115/STAN-1/1,1,0,167.40762900002437,167.40762900002437,167.40762900002437,167.40762900002437,201.0,0.0002758456848840466,0.0,170,170,170,170,170,170,170,170,170,170,170
GET,/api/cart/add/anonymous-116/EMM/1,1,0,33.74520699998129,33.74520699998129,33.74520699998129,33.74520699998129,206.0,0.0002758456848840466,0.0,34,34,34,34,34,34,34,34,34,34,34
GET,/api/cart/add/anonymous-116/UHJ/1,1,0,369.22856600000387,369.22856600000387,369.22856600000387,369.22856600000387,209.0,0.0002758456848840466,0.0,370,370,370,370,370,370,370,370,370,370,370
GET,/api/cart/add/anonymous-116/Watson/1,2,0,18.000657000015963,97.81385900001283,18.000657000015963,177.6270610000097,106.0,0.0005516913697680932,0.0,180,180,180,180,180,180,180,180,180,180,180
GET,/api/cart/add/anonymous-117/EMM/1,1,0,70.93762400000969,70.93762400000969,70.93762400000969,70.93762400000969,229.0,0.0002758456848840466,0.0,71,71,71,71,71,71,71,71,71,71,71
GET,/api/cart/add/anonymous-117/SHCE/1,2,0,71,100.52211750002016,70.61832300001925,130.42591200002107,163.5,0.0005516913697680932,0.0,130,130,130,130,130,130,130,130,130,130,130
GET,/api/cart/add/anonymous-117/STAN-1/1,1,0,174.6412520000149,174.6412520000149,174.6412520000149,174.6412520000149,111.0,0.0002758456848840466,0.0,170,170,170,170,170,170,170,170,170,170,170
GET,/api/cart/add/anonymous-118/HPTD/1,1,0,159.65920399997913,159.65920399997913,159.65920399997913,159.65920399997913,213.0,0.0002758456848840466,0.0,160,160,160,160,160,160,160,160,160,160,160
GET,/api/cart/add/anonymous-118/RMC/1,1,0,39.04102300003842,39.04102300003842,39.04102300003842,39.04102300003842,190.0,0.0002758456848840466,0.0,39,39,39,39,39,39,39,39,39,39,39
GET,/api/cart/add/anonymous-118/SHCE/1,1,0,126.71149999999898,126.71149999999898,126.71149999999898,126.71149999999898,124.0,0.0002758456848840466,0.0,130,130,130,130,130,130,130,130,130,130,130
GET,/api/cart/add/anonymous-118/STAN-1/1,1,0,69.85471999996662,69.85471999996662,69.85471999996662,69.85471999996662,111.0,0.0002758456848840466,0.0,70,70,70,70,70,70,70,70,70,70,70
GET,/api/cart/add/anonymous-119/EMM/1,2,0,69,111.38460149999219,68.75561700002208,154.0135859999623,137.0,0.0005516913697680932,0.0,150,150,150,150,150,150,150,150,150,150,150
GET,/api/cart/add/anonymous-119/EPE/1,1,0,390.8404340000402,390.8404340000402,390.8404340000402,390.8404340000402,129.0,0.0002758456848840466,0.0,390,390,390,390,390,390,390,390,390,390,390
GET,/api/cart/add/anonymous-119/HPTD/1,1,0,28524.87168200014,28524.87168200014,28524.87168200014,28524.87168200014,213.0,0.0002758456848840466,0.0,29000,29000,29000,29000,29000,29000,29000,29000,29000,29000,29000
GET,/api/cart/add/anonymous-119/RMC/1,1,0,70.187121999993,70.187121999993,70.187121999993,70.187121999993,207.0,0.0002758456848840466,0.0,70,70,70,70,70,70,70,70,70,70,70
GET,/api/cart/add/anonymous-119/SHCE/1,1,0,29305.668937000064,29305.668937000064,29305.668937000064,29305.668937000064,124.0,0.0002758456848840466,0.0,29000,29000,29000,29000,29000,29000,29000,29000,29000,29000,29000
GET,/api/cart/add/anonymous-12/RED/1,2,0,21000.0,34333.552099999906,20723.999207999896,47943.10499199992,311.5,0.0005516913697680932,0.0,48000,48000,48000,48000,48000,48000,48000,48000,48000,48000,48000
GET,/api/cart/add/anonymous-12/SHCE/1,2,0,60.006488999988505,91.31098800000359,60.006488999988505,122.61548700001867,216.5,0.0005516913697680932,0.0,120,120,120,120,120,120,120,120,120,120,120
GET,/api/cart/add/anonymous-12/STAN-1/1,1,0,40.83082899995816,40.83082899995816,40.83082899995816,40.83082899995816,111.0,0.0002758456848840466,0.0,41,41,41,41,41,41,41,41,41,41,41
GET,/api/cart/add/anonymous-12/UHJ/1,1,0,129.5444080000152,129.5444080000152,129.5444080000152,129.5444080000152,138.0,0.0002758456848840466,0.0,130,130,130,130,130,130,130,130,130,130,130
GET,/api/cart/add/anonymous-12/Watson/1,1,0,47979.9832269996,47979.9832269996,47979.9832269996,47979.9832269996,106.0,0.0002758456848840466,0.0,48000,48000,48000,48000,48000,48000,48000,48000,48000,48000,48000
GET,/api/cart/add/anonymous-120/EPE/1,1,0,123.36289000000988,123.36289000000988,123.36289000000988,123.36289000000988,222.0,0.0002758456848840466,0.0,120,120,120,120,120,120,120,120,120,120,120
GET,/api/cart/add/anonymous-120/SHCE/1,1,0,352.1853119999605,352.1853119999605,352.1853119999605,352.1853119999605,124.0,0.0002758456848840466,0.0,350,350,350,350,350,350,350,350,350,350,350
GET,/api/cart/add/anonymous-120/UHJ/1,1,0,46.40624600000365,46.40624600000365,46.40624600000365,46.40624600000365,138.0,0.0002758456848840466,0.0,46,46,46,46,46,46,46,46,46,46,46
GET,/api/cart/add/anonymous-120/Watson/1,1,0,26.113883000050464,26.113883000050464,26.113883000050464,26.113883000050464,209.0,0.0002758456848840466,0.0,26,26,26,26,26,26,26,26,26,26,26
GET,/api/cart/add/anonymous-121/EPE/1,2,0,36.429314999963935,85.8548709999809,36.429314999963935,135.28042699999787,164.5,0.0005516913697680932,0.0,140,140,140,140,140,140,140,140,140,140,140
GET,/api/cart/add/anonymous-121/UHJ/1,1,0,57.00247999999419,57.00247999999419,57.00247999999419,57.00247999999419,220.0,0.0002758456848840466,0.0,57,57,57,57,57,57,57,57,57,57,57
GET,/api/cart/add/anonymous-121/Watson/1,1,0,168.0699309999909,168.0699309999909,168.0699309999909,168.0699309999909,106.0,0.0002758456848840466,0.0,170,170,170,170,170,170,170,170,170,170,170
GET,/api/cart/add/anonymous-122/EPE/1,1,0,133.81682300001785,133.81682300001785,133.81682300001785,133.81682300001785,179.0,0.0002758456848840466,0.0,130,130,130,130,130,130,130,130,130,130,130
GET,/api/cart/add/anonymous-122/HPTD/1,1,0,67.07111100001839,67.07111100001839,67.07111100001839,67.07111100001839,121.0,0.0002758456848840466,0.0,67,67,67,67,67,67,67,67,67,67,67
GET,/api/cart/add/anonymous-122/STAN-1/1,1,0,76.32194100000333,76.32194100000333,76.32194100000333,76.32194100000333,111.0,0.0002758456848840466,0.0,76,76,76,76,76,76,76,76,76,76,76
GET,/api/cart/add/anonymous-122/UHJ/1,1,0,121.86278499996206,121.86278499996206,121.86278499996206,121.86278499996206,226.0,0.0002758456848840466,0.0,120,120,120,120,120,120,120,120,120,120,120
GET,/api/cart/add/anonymous-123/EMM/1,1,0,94.6492979999789,94.6492979999789,94.6492979999789,94.6492979999789,137.0,0.0002758456848840466,0.0,95,95,95,95,95,95,95,95,95,95,95
GET,/api/cart/add/anonymous-123/HPTD/1,1,0,114.41636199998584,114.41636199998584,114.41636199998584,114.41636199998584,223.0,0.0002758456848840466,0.0,110,110,110,110,110,110,110,110,110,110,110
GET,/api/cart/add/anonymous-123/RED/1,2,0,804.8920060000455,57116.45640300003,804.8920060000455,113428.02080000001,287.5,0.0005516913697680932,0.0,113000,113000,113000,113000,113000,113000,113000,113000,113000,113000,113000
GET,/api/cart/add/anonymous-123/UHJ/1,1,0,157.10419600003434,157.10419600003434,157.10419600003434,157.10419600003434,209.0,0.0002758456848840466,0.0,160,160,160,160,160,160,160,160,160,160,160
GET,/api/cart/add/anonymous-123/Watson/1,1,0,93.00909399996726,93.00909399996726,93.00909399996726,93.00909399996726,106.0,0.0002758456848840466,0.0,93,93,93,93,93,93,93,93,93,93,93
GET,/api/cart/add/anonymous-124/EMM/1,1,0,95.80560199998445,95.80560199998445,95.80560199998445,95.80560199998445,201.0,0.0002758456848840466,0.0,96,96,96,96,96,96,96,96,96,96,96
GET,/api/cart/add/anonymous-124/EPE/1,1,0,28416.452246000063,28416.452246000063,28416.452246000063,28416.452246000063,129.0,0.0002758456848840466,0.0,28000,28000,28000,28000,28000,28000,28000,28000,28000,28000,28000
GET,/api/cart/add/anonymous-124/RED/1,1,0,1276.1747389999982,1276.1747389999982,1276.1747389999982,1276.1747389999982,201.0,0.0002758456848840466,0.0,1300,1300,1300,1300,1300,1300,1300,1300,1300,1300,1300
GET,/api/cart/add/anonymous-124/SHCE/1,1,0,27.310585999998693,27.310585999998693,27.310585999998693,27.310585999998693,203.0,0.0002758456848840466,0.0,27,27,27,27,27,27,27,27,27,27,27
GET,/api/cart/add/anonymous-124/STAN-1/1,2,0,43.27193599999646,66.06385850000152,43.27193599999646,88.85578100000657,111.0,0.0005516913697680932,0.0,89,89,89,89,89,89,89,89,89,89,89
GET,/api/cart/add/anonymous-125/EPE/1,1,0,57.82638200003021,57.82638200003021,57.82638200003021,57.82638200003021,217.0,0.0002758456848840466,0.0,58,58,58,58,58,58,58,58,58,58,58
GET,/api/cart/add/anonymous-125/HPTD/1,1,0,77.55934499999739,77.55934499999739,77.55934499999739,77.55934499999739,121.0,0.0002758456848840466,0.0,78,78,78,78,78,78,78,78,78,78,78
GET,/api/cart/add/anonymous-125/RMC/1,2,0,28000.0,43145.54992900003,27538.24510300001,58752.854755000044,295.0,0.0005516913697680932,0.0,59000,59000,59000,59000,59000,59000,59000,59000,59000,59000,59000
GET,/api/cart/add/anonymous-125/UHJ/1,1,0,46.610747999977775,46.610747999977775,46.610747999977775,46.610747999977775,138.0,0.0002758456848840466,0.0,47,47,47,47,47,47,47,47,47,47,47
GET,/api/cart/add/anonymous-125/Watson/1,1,0,89.07998099999759,89.07998099999759,89.07998099999759,89.07998099999759,209.0,0.0002758456848840466,0.0,89,89,89,89,89,89,89,89,89,89,89
GET,/api/cart/add/anonymous-126/EMM/1,2,0,57.12138000001232,27993.026355500035,57.12138000001232,55928.93133100006,285.5,0.0005516913697680932,0.0,56000,56000,56000,56000,56000,56000,56000,56000,56000,56000,56000
GET,/api/cart/add/anonymous-126/HPTD/1,1,0,28284.42284399989,28284.42284399989,28284.42284399989,28284.42284399989,269.0,0.0002758456848840466,0.0,28000,28000,28000,28000,28000,28000,28000,28000,28000,28000,28000
GET,/api/cart/add/anonymous-126/STAN-1/1,1,0,63.20180000000164,63.20180000000164,63.20180000000164,63.20180000000164,111.0,0.0002758456848840466,0.0,63,63,63,63,63,63,63,63,63,63,63
GET,/api/cart/add/anonymous-126/UHJ/1,1,0,48.935554000024695,48.935554000024695,48.935554000024695,48.935554000024695,138.0,0.0002758456848840466,0.0,49,49,49,49,49,49,49,49,49,49,49
GET,/api/cart/add/anonymous-126/Watson/1,1,0,94.55859899998131,94.55859899998131,94.55859899998131,94.55859899998131,182.0,0.0002758456848840466,0.0,95,95,95,95,95,95,95,95,95,95,95
GET,/api/cart/add/anonymous-127/SHCE/1,3,0,90,100.40271700000858,67.67921400000887,143.91005400000267,124.33333333333333,0.0008275370546521397,0.0,90,90,140,140,140,140,140,140,140,140,140
GET,/api/cart/add/anonymous-127/UHJ/1,1,0,80.6790550000187,80.6790550000187,80.6790550000187,80.6790550000187,230.0,0.0002758456848840466,0.0,81,81,81,81,81,81,81,81,81,81,81
GET,/api/cart/add/anonymous-128/EPE/1,2,0,64,140.13589200001775,63.87440100002095,216.39738300001454,174.5,0.0005516913697680932,0.0,220,220,220,220,220,220,220,220,220,220,220
GET,/api/cart/add/anonymous-128/UHJ/1,1,0,95.49440199998571,95.49440199998571,95.49440199998571,95.49440199998571,138.0,0.0002758456848840466,0.0,95,95,95,95,95,95,95,95,95,95,95
GET,/api/cart/add/anonymous-128/Watson/1,1,0,84.35706599999548,84.35706599999548,84.35706599999548,84.35706599999548,200.0,0.0002758456848840466,0.0,84,84,84,84,84,84,84,84,84,84,84
GET,/api/cart/add/anonymous-129/RED/1,1,0,67.54881300003035,67.54881300003035,67.54881300003035,67.54881300003035,132.0,0.0002758456848840466,0.0,68,68,68,68,68,68,68,68,68,68,68
GET,/api/cart/add/anonymous-129/SHCE/1,2,0,24.00607599997784,54.94587350000302,24.00607599997784,85.8856710000282,174.5,0.0005516913697680932,0.0,86,86,86,86,86,86,86,86,86,86,86
GET,/api/cart/add/anonymous-129/Watson/1,1,0,193.67551099998082,193.67551099998082,193.67551099998082,193.67551099998082,198.0,0.0002758456848840466,0.0,190,190,190,190,190,190,190,190,190,190,190
GET,/api/cart/add/anonymous-13/EPE/1,1,0,24968.960096000046,24968.960096000046,24968.960096000046,24968.960096000046,129.0,0.0002758456848840466,0.0,25000,25000,25000,25000,25000,25000,25000,25000,25000,25000,25000
GET,/api/cart/add/anonymous-13/HPTD/1,1,0,47806.84850800026,47806.84850800026,47806.84850800026,47806.84850800026,217.0,0.0002758456848840466,0.0,48000,48000,48000,48000,48000,48000,48000,48000,48000,48000,48000
GET,/api/cart/add/anonymous-13/RMC/1,1,0,75.29633700005434,75.29633700005434,75.29633700005434,75.29633700005434,184.0,0.0002758456848840466,0.0,75,75,75,75,75,75,75,75,75,75,75
GET,/api/cart/add/anonymous-13/SHCE/1,1,0,121.16108200001463,121.16108200001463,121.16108200001463,121.16108200001463,124.0,0.0002758456848840466,0.0,120,120,120,120,120,120,120,120,120,120,120
GET,/api/cart/add/anonymous-13/STAN-1/1,1,0,79.78825099996811,79.78825099996811,79.78825099996811,79.78825099996811,203.0,0.0002758456848840466,0.0,80,80,80,80,80,80,80,80,80,80,80
GET,/api/cart/add/anonymous-13/Watson/1,1,0,87.61657599995942,87.61657599995942,87.61657599995942,87.61657599995942,106.0,0.0002758456848840466,0.0,88,88,88,88,88,88,88,88,88,88,88
GET,/api/cart/add/anonymous-130/HPTD/1,1,0,45.8530450000012,45.8530450000012,45.8530450000012,45.8530450000012,200.0,0.0002758456848840466,0.0,46,46,46,46,46,46,46,46,46,46,46
GET,/api/cart/add/anonymous-130/RMC/1,1,0,57374.419356000086,57374.419356000086,57374.419356000086,57374.419356000086,184.0,0.0002758456848840466,0.0,57000,57000,57000,57000,57000,57000,57000,57000,57000,57000,57000
GET,/api/cart/add/anonymous-130/SHCE/1,1,0,272.7109610000298,272.7109610000298,272.7109610000298,272.7109610000298,203.0,0.0002758456848840466,0.0,270,270,270,270,270,270,270,270,270,270,270
GET,/api/cart/add/anonymous-130/STAN-1/1,2,0,47,165.3908219999778,46.845447999999124,283.93619599995645,111.0,0.0005516913697680932,0.0,280,280,280,280,280,280,280,280,280,280,280
GET,/api/cart/add/anonymous-130/Watson/1,1,0,27468.72251500008,27468.72251500008,27468.72251500008,27468.72251500008,106.0,0.0002758456848840466,0.0,27000,27000,27000,27000,27000,27000,27000,27000,27000,27000,27000
GET,/api/cart/add/anonymous-131/EPE/1,3,0,240.0,198.25315966666798,23.584475000006933,329.8493419999886,153.33333333333334,0.0008275370546521397,0.0,240,240,330,330,330,330,330,330,330,330,330
GET,/api/cart/add/anonymous-131/RED/1,1,0,26.125782000008257,26.125782000008257,26.125782000008257,26.125782000008257,132.0,0.0002758456848840466,0.0,26,26,26,26,26,26,26,26,26,26,26
GET,/api/cart/add/anonymous-131/SHCE/1,1,0,1799.5722589998877,1799.5722589998877,1799.5722589998877,1799.5722589998877,124.0,0.0002758456848840466,0.0,1800,1800,1800,1800,1800,1800,1800,1800,1800,1800,1800
GET,/api/cart/add/anonymous-132/EPE/1,2,0,27,181.79477350000184,26.79458400001522,336.79496299998846,222.0,0.0005516913697680932,0.0,340,340,340,340,340,340,340,340,340,340,340
GET,/api/cart/add/anonymous-132/HPTD/1,1,0,28495.01174499983,28495.01174499983,28495.01174499983,28495.01174499983,121.0,0.0002758456848840466,0.0,28000,28000,28000,28000,28000,28000,28000,28000,28000,28000,28000
GET,/api/cart/add/anonymous-132/SHCE/1,2,0,47,97.1972565000101,46.9747480000251,147.4197649999951,124.0,0.0005516913697680932,0.0,150,150,150,150,150,150,150,150,150,150,150
GET,/api/cart/add/anonymous-133/RMC/1,1,0,28486.1138440001,28486.1138440001,28486.1138440001,28486.1138440001,108.0,0.0002758456848840466,0.0,28000,28000,28000,28000,28000,28000,28000,28000,28000,28000,28000
GET,/api/cart/add/anonymous-133/UHJ/1,2,0,213.58747400000766,299.75679649999165,213.58747400000766,385.92611899997564,139.5,0.0005516913697680932,0.0,390,390,390,390,390,390,390,390,390,390,390
GET,/api/cart/add/anonymous-133/Watson/1,2,0,62,65.66260750003039,61.65629500003433,69.66892000002645,105.0,0.0005516913697680932,0.0,70,70,70,70,70,70,70,70,70,70,70
GET,/api/cart/add/anonymous-134/EMM/1,1,0,99.24911300004169,99.24911300004169,99.24911300004169,99.24911300004169,137.0,0.0002758456848840466,0.0,99,99,99,99,99,99,99,99,99,99,99
GET,/api/cart/add/anonymous-134/HPTD/1,1,0,81.91835899998523,81.91835899998523,81.91835899998523,81.91835899998523,219.0,0.0002758456848840466,0.0,82,82,82,82,82,82,82,82,82,82,82
GET,/api/cart/add/anonymous-134/RED/1,1,0,100.6115179999938,100.6115179999938,100.6115179999938,100.6115179999938,132.0,0.0002758456848840466,0.0,100,100,100,100,100,100,100,100,100,100,100
GET,/api/cart/add/anonymous-134/SHCE/1,1,0,28478.00065199999,28478.00065199999,28478.00065199999,28478.00065199999,124.0,0.0002758456848840466,0.0,28000,28000,28000,28000,28000,28000,28000,28000,28000,28000,28000
GET,/api/cart/add/anonymous-134/Watson/1,1,0,469.7160840000265,469.7160840000265,469.7160840000265,469.7160840000265,206.0,0.0002758456848840466,0.0,470,470,470,470,470,470,470,470,470,470,470
GET,/api/cart/add/anonymous-135/EMM/1,1,0,475.55550200002017,475.55550200002017,475.55550200002017,475.55550200002017,205.0,0.0002758456848840466,0.0,480,480,480,480,480,480,480,480,480,480,480
GET,/api/cart/add/anonymous-135/EPE/1,1,0,176.2416569999914,176.2416569999914,176.2416569999914,176.2416569999914,129.0,0.0002758456848840466,0.0,180,180,180,180,180,180,180,180,180,180,180
GET,/api/cart/add/anonymous-135/RMC/1,2,0,41.25852999999324,419.56812850000347,41.25852999999324,797.8777270000137,149.5,0.0005516913697680932,0.0,800,800,800,800,800,800,800,800,800,800,800
GET,/api/cart/add/anonymous-135/STAN-1/1,1,0,53.28016900000421,53.28016900000421,53.28016900000421,53.28016900000421,190.0,0.0002758456848840466,0.0,53,53,53,53,53,53,53,53,53,53,53
GET,/api/cart/add/anonymous-136/HPTD/1,1,0,1775.7409900000312,1775.7409900000312,1775.7409900000312,1775.7409900000312,121.0,0.0002758456848840466,0.0,1800,1800,1800,1800,1800,1800,1800,1800,1800,1800,1800
GET,/api/cart/add/anonymous-136/RMC/1,2,0,83.41246300000194,249.78483850000543,83.41246300000194,416.15721400000893,209.0,0.0005516913697680932,0.0,420,420,420,420,420,420,420,420,420,420,420
GET,/api/cart/add/anonymous-136/SHCE/1,1,0,98.4354110000254,98.4354110000254,98.4354110000254,98.4354110000254,124.0,0.0002758456848840466,0.0,98,98,98,98,98,98,98,98,98,98,98
GET,/api/cart/add/anonymous-136/UHJ/1,1,0,105.93073499995853,105.93073499995853,105.93073499995853,105.93073499995853,138.0,0.0002758456848840466,0.0,110,110,110,110,110,110,110,110,110,110,110
GET,/api/cart/add/anonymous-137/HPTD/1,1,0,461.430957999994,461.430957999994,461.430957999994,461.430957999994,226.0,0.0002758456848840466,0.0,460,460,460,460,460,460,460,460,460,460,460
GET,/api/cart/add/anonymous-137/RED/1,1,0,47934.34334099993,47934.34334099993,47934.34334099993,47934.34334099993,278.0,0.0002758456848840466,0.0,48000,48000,48000,48000,48000,48000,48000,48000,48000,48000,48000
GET,/api/cart/add/anonymous-137/STAN-1/1,1,0,62.721199000009165,62.721199000009165,62.721199000009165,62.721199000009165,111.0,0.0002758456848840466,0.0,63,63,63,63,63,63,63,63,63,63,63
GET,/api/cart/add/anonymous-137/UHJ/1,2,0,84.40259200000355,122.25364900001523,84.40259200000355,160.1047060000269,164.5,0.0005516913697680932,0.0,160,160,160,160,160,160,160,160,160,160,160
GET,/api/cart/add/anonymous-138/EMM/1,1,0,425.9568449999733,425.9568449999733,425.9568449999733,425.9568449999733,206.0,0.0002758456848840466,0.0,430,430,430,430,430,430,430,430,430,430,430
GET,/api/cart/add/anonymous-138/RED/1,1,0,55908.247301999836,55908.247301999836,55908.247301999836,55908.247301999836,132.0,0.0002758456848840466,0.0,56000,56000,56000,56000,56000,56000,56000,56000,56000,56000,56000
GET,/api/cart/add/anonymous-138/RMC/1,1,0,51.25299899998481,51.25299899998481,51.25299899998481,51.25299899998481,108.0,0.0002758456848840466,0.0,51,51,51,51,51,51,51,51,51,51,51
GET,/api/cart/add/anonymous-138/Watson/1,2,0,89.261080999961,217.0244349999848,89.261080999961,344.7877890000086,145.0,0.0005516913697680932,0.0,340,340,340,340,340,340,340,340,340,340,340
GET,/api/cart/add/anonymous-139/EPE/1,2,0,360.0,23277.517986500046,355.3516220000006,46199.68435100009,129.0,0.0005516913697680932,0.0,46000,46000,46000,46000,46000,46000,46000,46000,46000,46000,46000
GET,/api/cart/add/anonymous-139/HPTD/1,1,0,88.20702899998878,88.20702899998878,88.20702899998878,88.20702899998878,121.0,0.0002758456848840466,0.0,88,88,88,88,88,88,88,88,88,88,88
GET,/api/cart/add/anonymous-139/SHCE/1,1,0,193.23001000003615,193.23001000003615,193.23001000003615,193.23001000003615,222.0,0.0002758456848840466,0.0,190,190,190,190,190,190,190,190,190,190,190
GET,/api/cart/add/anonymous-139/UHJ/1,1,0,124.13394200001449,124.13394200001449,124.13394200001449,124.13394200001449,226.0,0.0002758456848840466,0.0,120,120,120,120,120,120,120,120,120,120,120
GET,/api/cart/add/anonymous-14/EPE/1,1,0,24508.1422799999,24508.1422799999,24508.1422799999,24508.1422799999,129.0,0.0002758456848840466,0.0,25000,25000,25000,25000,25000,25000,25000,25000,25000,25000,25000
GET,/api/cart/add/anonymous-14/HPTD/1,1,0,58.844985000007455,58.844985000007455,58.844985000007455,58.844985000007455,213.0,0.0002758456848840466,0.0,59,59,59,59,59,59,59,59,59,59,59
GET,/api/cart/add/anonymous-14/RMC/1,1,0,138.21263599999156,138.21263599999156,138.21263599999156,138.21263599999156,108.0,0.0002758456848840466,0.0,140,140,140,140,140,140,140,140,140,140,140
GET,/api/cart/add/anonymous-14/SHCE/1,2,0,60.082489000024,12865.801615500117,60.082489000024,25671.52074200021,211.0,0.0005516913697680932,0.0,26000,26000,26000,26000,26000,26000,26000,26000,26000,26000,26000
GET,/api/cart/add/anonymous-14/UHJ/1,2,0,70,17961.33749050003,69.85842000000275,35852.81656100006,211.0,0.0005516913697680932,0.0,36000,36000,36000,36000,36000,36000,36000,36000,36000,36000,36000
GET,/api/cart/add/anonymous-140/EMM/1,1,0,401.1377670000229,401.1377670000229,401.1377670000229,401.1377670000229,137.0,0.0002758456848840466,0.0,400,400,400,400,400,400,400,400,400,400,400
GET,/api/cart/add/anonymous-140/RMC/1,1,0,31540.56530600019,31540.56530600019,31540.56530600019,31540.56530600019,108.0,0.0002758456848840466,0.0,32000,32000,32000,32000,32000,32000,32000,32000,32000,32000,32000
GET,/api/cart/add/anonymous-140/STAN-1/1,1,0,118.41498900002989,118.41498900002989,118.41498900002989,118.41498900002989,111.0,0.0002758456848840466,0.0,120,120,120,120,120,120,120,120,120,120,120
GET,/api/cart/add/anonymous-140/UHJ/1,2,0,161.92731600000343,263.2373335000011,161.92731600000343,364.5473509999988,202.5,0.0005516913697680932,0.0,360,360,360,360,360,360,360,360,360,360,360
GET,/api/cart/add/anonymous-141/EPE/1,1,0,195.0298070000258,195.0298070000258,195.0298070000258,195.0298070000258,207.0,0.0002758456848840466,0.0,200,200,200,200,200,200,200,200,200,200,200
GET,/api/cart/add/anonymous-141/RED/1,2,0,411.4846990000274,29653.465178999995,411.4846990000274,58895.44565899996,132.0,0.0005516913697680932,0.0,59000,59000,59000,59000,59000,59000,59000,59000,59000,59000,59000
GET,/api/cart/add/anonymous-141/RMC/1,1,0,75.92906200000016,75.92906200000016,75.92906200000016,75.92906200000016,108.0,0.0002758456848840466,0.0,76,76,76,76,76,76,76,76,76,76,76
GET,/api/cart/add/anonymous-141/Watson/1,1,0,191.90880600001492,191.90880600001492,191.90880600001492,191.90880600001492,202.0,0.0002758456848840466,0.0,190,190,190,190,190,190,190,190,190,190,190
GET,/api/cart/add/anonymous-142/EMM/1,1,0,80.90415600003098,80.90415600003098,80.90415600003098,80.90415600003098,137.0,0.0002758456848840466,0.0,81,81,81,81,81,81,81,81,81,81,81
GET,/api/cart/add/anonymous-142/HPTD/1,1,0,279.16658199995936,279.16658199995936,279.16658199995936,279.16658199995936,226.0,0.0002758456848840466,0.0,280,280,280,280,280,280,280,280,280,280,280
GET,/api/cart/add/anonymous-142/UHJ/1,1,0,490.5283490000443,490.5283490000443,490.5283490000443,490.5283490000443,138.0,0.0002758456848840466,0.0,490,490,490,490,490,490,490,490,490,490,490
GET,/api/cart/add/anonymous-142/Watson/1,1,0,140.75679000001173,140.75679000001173,140.75679000001173,140.75679000001173,206.0,0.0002758456848840466,0.0,140,140,140,140,140,140,140,140,140,140,140
GET,/api/cart/add/anonymous-143/RMC/1,1,0,219.66686799999025,219.66686799999025,219.66686799999025,219.66686799999025,184.0,0.0002758456848840466,0.0,220,220,220,220,220,220,220,220,220,220,220
GET,/api/cart/add/anonymous-143/Watson/1,3,0,220.0,200.73981333331403,70.81216199998153,311.9076849999942,105.33333333333333,0.0008275370546521397,0.0,220,220,310,310,310,310,310,310,310,310,310
GET,/api/cart/add/anonymous-144/EMM/1,1,0,148.4587690000012,148.4587690000012,148.4587690000012,148.4587690000012,201.0,0.0002758456848840466,0.0,150,150,150,150,150,150,150,150,150,150,150
GET,/api/cart/add/anonymous-144/SHCE/1,1,0,377.9653320000307,377.9653320000307,377.9653320000307,377.9653320000307,203.0,0.0002758456848840466,0.0,380,380,380,380,380,380,380,380,380,380,380
GET,/api/cart/add/anonymous-144/STAN-1/1,2,0,193.29603900001757,206.01861450001024,193.29603900001757,218.74119000000292,111.0,0.0005516913697680932,0.0,220,220,220,220,220,220,220,220,220,220,220
GET,/api/cart/add/anonymous-145/SHCE/1,1,0,318.8420359999782,318.8420359999782,318.8420359999782,318.8420359999782,124.0,0.0002758456848840466,0.0,320,320,320,320,320,320,320,320,320,320,320
GET,/api/cart/add/anonymous-145/STAN-1/1,1,0,156.2588560000222,156.2588560000222,156.2588560000222,156.2588560000222,203.0,0.0002758456848840466,0.0,160,160,160,160,160,160,160,160,160,160,160
GET,/api/cart/add/anonymous-145/UHJ/1,2,0,150.0,189.15899749998744,148.6660699999902,229.65192499998466,139.5,0.0005516913697680932,0.0,230,230,230,230,230,230,230,230,230,230,230
GET,/api/cart/add/anonymous-146/EMM/1,1,0,380.1309320000428,380.1309320000428,380.1309320000428,380.1309320000428,214.0,0.0002758456848840466,0.0,380,380,380,380,380,380,380,380,380,380,380
GET,/api/cart/add/anonymous-146/EPE/1,1,0,184.02778199998693,184.02778199998693,184.02778199998693,184.02778199998693,201.0,0.0002758456848840466,0.0,180,180,180,180,180,180,180,180,180,180,180
GET,/api/cart/add/anonymous-146/RED/1,1,0,241.80346399998598,241.80346399998598,241.80346399998598,241.80346399998598,132.0,0.0002758456848840466,0.0,240,240,240,240,240,240,240,240,240,240,240
GET,/api/cart/add/anonymous-146/UHJ/1,1,0,277.1993790000238,277.1993790000238,277.1993790000238,277.1993790000238,138.0,0.0002758456848840466,0.0,280,280,280,280,280,280,280,280,280,280,280
GET,/api/cart/add/anonymous-147/EMM/1,1,0,204.24240899995993,204.24240899995993,204.24240899995993,204.24240899995993,201.0,0.0002758456848840466,0.0,200,200,200,200,200,200,200,200,200,200,200
GET,/api/cart/add/anonymous-147/HPTD/1,1,0,278.601980000019,278.601980000019,278.601980000019,278.601980000019,121.0,0.0002758456848840466,0.0,280,280,280,280,280,280,280,280,280,280,280
GET,/api/cart/add/anonymous-147/STAN-1/1,2,0,140.0,164.40694499999609,136.28008199998476,192.5338080000074,155.5,0.0005516913697680932,0.0,190,190,190,190,190,190,190,190,190,190,190
GET,/api/cart/add/anonymous-148/EMM/1,1,0,333.0533669999909,333.0533669999909,333.0533669999909,333.0533669999909,137.0,0.0002758456848840466,0.0,330,330,330,330,330,330,330,330,330,330,330
GET,/api/cart/add/anonymous-148/RED/1,1,0,243.63636999999017,243.63636999999017,243.63636999999017,243.63636999999017,132.0,0.0002758456848840466,0.0,240,240,240,240,240,240,240,240,240,240,240
GET,/api/cart/add/anonymous-148/Watson/1,2,0,130.0,359.55243050003105,129.86690000002454,589.2379610000376,204.0,0.0005516913697680932,0.0,590,590,590,590,590,590,590,590,590,590,590
GET,/api/cart/add/anonymous-149/EMM/1,1,0,253.00314300000082,253.00314300000082,253.00314300000082,253.00314300000082,201.0,0.0002758456848840466,0.0,250,250,250,250,250,250,250,250,250,250,250
GET,/api/cart/add/anonymous-149/STAN-1/1,1,0,204.3561130000171,204.3561130000171,204.3561130000171,204.3561130000171,111.0,0.0002758456848840466,0.0,200,200,200,200,200,200,200,200,200,200,200
GET,/api/cart/add/anonymous-149/UHJ/1,1,0,209.47576200001095,209.47576200001095,209.47576200001095,209.47576200001095,138.0,0.0002758456848840466,0.0,210,210,210,210,210,210,210,210,210,210,210
GET,/api/cart/add/anonymous-149/Watson/1,1,0,88.1992779999905,88.1992779999905,88.1992779999905,88.1992779999905,209.0,0.0002758456848840466,0.0,88,88,88,88,88,88,88,88,88,88,88
GET,/api/cart/add/anonymous-15/EMM/1,1,0,26469.164027999796,26469.164027999796,26469.164027999796,26469.164027999796,299.0,0.0002758456848840466,0.0,26000,26000,26000,26000,26000,26000,26000,26000,26000,26000,26000
GET,/api/cart/add/anonymous-15/EPE/1,2,0,48,64.38660300000265,47.986151000031896,80.7870549999734,129.5,0.0005516913697680932,0.0,81,81,81,81,81,81,81,81,81,81,81
GET,/api/cart/add/anonymous-15/HPTD/1,1,0,108.45994200002451,108.45994200002451,108.45994200002451,108.45994200002451,121.0,0.0002758456848840466,0.0,110,110,110,110,110,110,110,110,110,110,110
GET,/api/cart/add/anonymous-15/RED/1,1,0,25750.035388000015,25750.035388000015,25750.035388000015,25750.035388000015,210.0,0.0002758456848840466,0.0,26000,26000,26000,26000,26000,26000,26000,26000,26000,26000,26000
GET,/api/cart/add/anonymous-15/RMC/1,2,0,81.12355499997648,17974.65162849994,81.12355499997648,35868.17970199991,153.5,0.0005516913697680932,0.0,36000,36000,36000,36000,36000,36000,36000,36000,36000,36000,36000
GET,/api/cart/add/anonymous-15/UHJ/1,1,0,45960.37166499991,45960.37166499991,45960.37166499991,45960.37166499991,208.0,0.0002758456848840466,0.0,46000,46000,46000,46000,46000,46000,46000,46000,46000,46000,46000
GET,/api/cart/add/anonymous-150/RED/1,2,0,263.19235200003277,368.7157749999983,263.19235200003277,474.23919799996384,203.0,0.0005516913697680932,0.0,470,470,470,470,470,470,470,470,470,470,470
GET,/api/cart/add/anonymous-150/RMC/1,1,0,311.6170839999768,311.6170839999768,311.6170839999768,311.6170839999768,108.0,0.0002758456848840466,0.0,310,310,310,310,310,310,310,310,310,310,310
GET,/api/cart/add/anonymous-150/STAN-1/1,1,0,524.0035069999749,524.0035069999749,524.0035069999749,524.0035069999749,111.0,0.0002758456848840466,0.0,520,520,520,520,520,520,520,520,520,520,520
GET,/api/cart/add/anonymous-151/HPTD/1,1,0,721.9894809999801,721.9894809999801,721.9894809999801,721.9894809999801,200.0,0.0002758456848840466,0.0,720,720,720,720,720,720,720,720,720,720,720
GET,/api/cart/add/anonymous-151/SHCE/1,1,0,355.55383400003393,355.55383400003393,355.55383400003393,355.55383400003393,230.0,0.0002758456848840466,0.0,360,360,360,360,360,360,360,360,360,360,360
GET,/api/cart/add/anonymous-151/STAN-1/1,1,0,387.4812239999983,387.4812239999983,387.4812239999983,387.4812239999983,111.0,0.0002758456848840466,0.0,390,390,390,390,390,390,390,390,390,390,390
GET,/api/cart/add/anonymous-151/UHJ/1,1,0,47.652546999984224,47.652546999984224,47.652546999984224,47.652546999984224,138.0,0.0002758456848840466,0.0,48,48,48,48,48,48,48,48,48,48,48
GET,/api/cart/add/anonymous-152/RED/1,1,0,183.1910989999983,183.1910989999983,183.1910989999983,183.1910989999983,132.0,0.0002758456848840466,0.0,180,180,180,180,180,180,180,180,180,180,180
GET,/api/cart/add/anonymous-152/SHCE/1,1,0,421.15214199998263,421.15214199998263,421.15214199998263,421.15214199998263,225.0,0.0002758456848840466,0.0,420,420,420,420,420,420,420,420,420,420,420
GET,/api/cart/add/anonymous-152/STAN-1/1,1,0,204.80674700002055,204.80674700002055,204.80674700002055,204.80674700002055,111.0,0.0002758456848840466,0.0,200,200,200,200,200,200,200,200,200,200,200
GET,/api/cart/add/anonymous-152/Watson/1,1,0,81.52045799999996,81.52045799999996,81.52045799999996,81.52045799999996,182.0,0.0002758456848840466,0.0,82,82,82,82,82,82,82,82,82,82,82
GET,/api/cart/add/anonymous-153/EPE/1,2,0,472.8599930000428,510.4973620000237,472.8599930000428,548.1347310000046,129.5,0.0005516913697680932,0.0,550,550,550,550,550,550,550,550,550,550,550
GET,/api/cart/add/anonymous-153/SHCE/1,1,0,185.28933499999312,185.28933499999312,185.28933499999312,185.28933499999312,203.0,0.0002758456848840466,0.0,190,190,190,190,190,190,190,190,190,190,190
GET,/api/cart/add/anonymous-153/STAN-1/1,1,0,184.26944099996945,184.26944099996945,184.26944099996945,184.26944099996945,111.0,0.0002758456848840466,0.0,180,180,180,180,180,180,180,180,180,180,180
GET,/api/cart/add/anonymous-154/EMM/1,1,0,358.1009330000029,358.1009330000029,358.1009330000029,358.1009330000029,137.0,0.0002758456848840466,0.0,360,360,360,360,360,360,360,360,360,360,360
GET,/api/cart/add/anonymous-154/HPTD/1,1,0,232.16881899998043,232.16881899998043,232.16881899998043,232.16881899998043,223.0,0.0002758456848840466,0.0,230,230,230,230,230,230,230,230,230,230,230
GET,/api/cart/add/anonymous-154/RED/1,1,0,703.9194239999915,703.9194239999915,703.9194239999915,703.9194239999915,132.0,0.0002758456848840466,0.0,700,700,700,700,700,700,700,700,700,700,700
GET,/api/cart/add/anonymous-154/Watson/1,1,0,623.7862710000286,623.7862710000286,623.7862710000286,623.7862710000286,202.0,0.0002758456848840466,0.0,620,620,620,620,620,620,620,620,620,620,620
GET,/api/cart/add/anonymous-155/EPE/1,1,0,259.6273519999954,259.6273519999954,259.6273519999954,259.6273519999954,200.0,0.0002758456848840466,0.0,260,260,260,260,260,260,260,260,260,260,260
GET,/api/cart/add/anonymous-155/RMC/1,1,0,475.8869030000028,475.8869030000028,475.8869030000028,475.8869030000028,108.0,0.0002758456848840466,0.0,480,480,480,480,480,480,480,480,480,480,480
GET,/api/cart/add/anonymous-155/UHJ/1,1,0,687.2360709999725,687.2360709999725,687.2360709999725,687.2360709999725,216.0,0.0002758456848840466,0.0,690,690,690,690,690,690,690,690,690,690,690
GET,/api/cart/add/anonymous-155/Watson/1,1,0,280.67020800000364,280.67020800000364,280.67020800000364,280.67020800000364,106.0,0.0002758456848840466,0.0,280,280,280,280,280,280,280,280,280,280,280
GET,/api/cart/add/anonymous-156/EPE/1,1,0,228.30399099996157,228.30399099996157,228.30399099996157,228.30399099996157,201.0,0.0002758456848840466,0.0,230,230,230,230,230,230,230,230,230,230,230
GET,/api/cart/add/anonymous-156/HPTD/1,1,0,582.9982420000306,582.9982420000306,582.9982420000306,582.9982420000306,199.0,0.0002758456848840466,0.0,580,580,580,580,580,580,580,580,580,580,580
GET,/api/cart/add/anonymous-156/RED/1,1,0,361.0489029999826,361.0489029999826,361.0489029999826,361.0489029999826,132.0,0.0002758456848840466,0.0,360,360,360,360,360,360,360,360,360,360,360
GET,/api/cart/add/anonymous-156/RMC/1,1,0,474.2088979999721,474.2088979999721,474.2088979999721,474.2088979999721,108.0,0.0002758456848840466,0.0,470,470,470,470,470,470,470,470,470,470,470
GET,/api/cart/add/anonymous-157/EPE/1,2,0,200.0,255.7862995000164,198.23183300002256,313.34076600001026,129.5,0.0005516913697680932,0.0,310,310,310,310,310,310,310,310,310,310,310
GET,/api/cart/add/anonymous-157/SHCE/1,1,0,368.13236299997243,368.13236299997243,368.13236299997243,368.13236299997243,198.0,0.0002758456848840466,0.0,370,370,370,370,370,370,370,370,370,370,370
GET,/api/cart/add/anonymous-157/Watson/1,1,0,722.2044810000057,722.2044810000057,722.2044810000057,722.2044810000057,106.0,0.0002758456848840466,0.0,720,720,720,720,720,720,720,720,720,720,720
GET,/api/cart/add/anonymous-158/EPE/1,1,0,721.9067810000297,721.9067810000297,721.9067810000297,721.9067810000297,129.0,0.0002758456848840466,0.0,720,720,720,720,720,720,720,720,720,720,720
GET,/api/cart/add/anonymous-158/SHCE/1,1,0,67.57218500001727,67.57218500001727,67.57218500001727,67.57218500001727,230.0,0.0002758456848840466,0.0,68,68,68,68,68,68,68,68,68,68,68
GET,/api/cart/add/anonymous-158/UHJ/1,1,0,234.72682199997053,234.72682199997053,234.72682199997053,234.72682199997053,138.0,0.0002758456848840466,0.0,230,230,230,230,230,230,230,230,230,230,230
GET,/api/cart/add/anonymous-158/Watson/1,1,0,377.70639299998265,377.70639299998265,377.70639299998265,377.70639299998265,200.0,0.0002758456848840466,0.0,380,380,380,380,380,380,380,380,380,380,380
GET,/api/cart/add/anonymous-159/HPTD/1,1,0,241.5278500000113,241.5278500000113,241.5278500000113,241.5278500000113,219.0,0.0002758456848840466,0.0,240,240,240,240,240,240,240,240,240,240,240
GET,/api/cart/add/anonymous-159/RED/1,1,0,232.3509479999757,232.3509479999757,232.3509479999757,232.3509479999757,132.0,0.0002758456848840466,0.0,230,230,230,230,230,230,230,230,230,230,230
GET,/api/cart/add/anonymous-159/SHCE/1,1,0,382.51600799998187,382.51600799998187,382.51600799998187,382.51600799998187,198.0,0.0002758456848840466,0.0,380,380,380,380,380,380,380,380,380,380,380
GET,/api/cart/add/anonymous-159/Watson/1,1,0,686.577968999984,686.577968999984,686.577968999984,686.577968999984,106.0,0.0002758456848840466,0.0,690,690,690,690,690,690,690,690,690,690,690
GET,/api/cart/add/anonymous-16/RED/1,2,1,150.0,21053.37790199988,146.5248610000458,41960.23094299971,105.0,0.0005516913697680932,0.0002758456848840466,42000,42000,42000,42000,42000,42000,42000,42000,42000,42000,42000
GET,/api/cart/add/anonymous-16/RMC/1,1,0,39.4227249999517,39.4227249999517,39.4227249999517,39.4227249999517,108.0,0.0002758456848840466,0.0,39,39,39,39,39,39,39,39,39,39,39
GET,/api/cart/add/anonymous-16/SHCE/1,1,0,73950.90166299997,73950.90166299997,73950.90166299997,73950.90166299997,124.0,0.0002758456848840466,0.0,74000,74000,74000,74000,74000,74000,74000,74000,74000,74000,74000
GET,/api/cart/add/anonymous-16/UHJ/1,3,1,120.0,35057.39274066665,92.37059099996259,104955.84964099998,93.0,0.0008275370546521397,0.0002758456848840466,120,120,105000,105000,105000,105000,105000,105000,105000,105000,105000
GET,/api/cart/add/anonymous-160/HPTD/1,1,0,546.4810269999703,546.4810269999703,546.4810269999703,546.4810269999703,226.0,0.0002758456848840466,0.0,550,550,550,550,550,550,550,550,550,550,550
GET,/api/cart/add/anonymous-160/STAN-1/1,1,0,285.220177000042,285.220177000042,285.220177000042,285.220177000042,111.0,0.0002758456848840466,0.0,290,290,290,290,290,290,290,290,290,290,290
GET,/api/cart/add/anonymous-160/UHJ/1,1,0,547.6280299999985,547.6280299999985,547.6280299999985,547.6280299999985,138.0,0.0002758456848840466,0.0,550,550,550,550,550,550,550,550,550,550,550
GET,/api/cart/add/anonymous-160/Watson/1,1,0,476.54482299998335,476.54482299998335,476.54482299998335,476.54482299998335,182.0,0.0002758456848840466,0.0,480,480,480,480,480,480,480,480,480,480,480
GET,/api/cart/add/anonymous-161/EPE/1,1,0,450.2261229999931,450.2261229999931,450.2261229999931,450.2261229999931,129.0,0.0002758456848840466,0.0,450,450,450,450,450,450,450,450,450,450,450
GET,/api/cart/add/anonymous-161/HPTD/1,1,0,263.61132400001,263.61132400001,263.61132400001,263.61132400001,121.0,0.0002758456848840466,0.0,260,260,260,260,260,260,260,260,260,260,260
GET,/api/cart/add/anonymous-161/UHJ/1,1,0,366.3371570000322,366.3371570000322,366.3371570000322,366.3371570000322,220.0,0.0002758456848840466,0.0,370,370,370,370,370,370,370,370,370,370,370
GET,/api/cart/add/anonymous-161/Watson/1,1,0,478.3521939999673,478.3521939999673,478.3521939999673,478.3521939999673,193.0,0.0002758456848840466,0.0,480,480,480,480,480,480,480,480,480,480,480
GET,/api/cart/add/anonymous-162/STAN-1/1,1,0,240.00249900001336,240.00249900001336,240.00249900001336,240.00249900001336,111.0,0.0002758456848840466,0.0,240,240,240,240,240,240,240,240,240,240,240
GET,/api/cart/add/anonymous-162/UHJ/1,1,0,169.29953499999328,169.29953499999328,169.29953499999328,169.29953499999328,209.0,0.0002758456848840466,0.0,170,170,170,170,170,170,170,170,170,170,170
GET,/api/cart/add/anonymous-162/Watson/1,2,0,460.0,502.88764849997847,459.3599709999694,546.4153259999875,144.0,0.0005516913697680932,0.0,550,550,550,550,550,550,550,550,550,550,550
GET,/api/cart/add/anonymous-163/EMM/1,2,0,110.0,290.0319260000117,108.80386299999145,471.25998900003196,171.5,0.0005516913697680932,0.0,470,470,470,470,470,470,470,470,470,470,470
GET,/api/cart/add/anonymous-163/EPE/1,1,0,185.4365860000371,185.4365860000371,185.4365860000371,185.4365860000371,205.0,0.0002758456848840466,0.0,190,190,190,190,190,190,190,190,190,190,190
GET,/api/cart/add/anonymous-163/Watson/1,1,0,225.19207099998084,225.19207099998084,225.19207099998084,225.19207099998084,106.0,0.0002758456848840466,0.0,230,230,230,230,230,230,230,230,230,230,230
GET,/api/cart/add/anonymous-164/HPTD/1,1,0,149.56357299996625,149.56357299996625,149.56357299996625,149.56357299996625,219.0,0.0002758456848840466,0.0,150,150,150,150,150,150,150,150,150,150,150
GET,/api/cart/add/anonymous-164/RED/1,1,0,649.7108529999878,649.7108529999878,649.7108529999878,649.7108529999878,132.0,0.0002758456848840466,0.0,650,650,650,650,650,650,650,650,650,650,650
GET,/api/cart/add/anonymous-164/RMC/1,1,0,918.3160200000202,918.3160200000202,918.3160200000202,918.3160200000202,216.0,0.0002758456848840466,0.0,920,920,920,920,920,920,920,920,920,920,920
GET,/api/cart/add/anonymous-164/UHJ/1,1,0,490.61286199997767,490.61286199997767,490.61286199997767,490.61286199997767,138.0,0.0002758456848840466,0.0,490,490,490,490,490,490,490,490,490,490,490
GET,/api/cart/add/anonymous-165/EMM/1,2,0,150.0,248.0420194999624,147.31433699995478,348.76970199997004,137.0,0.0005516913697680932,0.0,350,350,350,350,350,350,350,350,350,350,350
GET,/api/cart/add/anonymous-165/EPE/1,2,0,280.0,335.6606094999677,275.3354679999802,395.98575099995514,205.0,0.0005516913697680932,0.0,400,400,400,400,400,400,400,400,400,400,400
GET,/api/cart/add/anonymous-166/HPTD/1,2,0,100.28411100000767,231.0937765000176,100.28411100000767,361.90344200002755,167.0,0.0005516913697680932,0.0,360,360,360,360,360,360,360,360,360,360,360
GET,/api/cart/add/anonymous-166/RMC/1,1,0,909.9877049999918,909.9877049999918,909.9877049999918,909.9877049999918,199.0,0.0002758456848840466,0.0,910,910,910,910,910,910,910,910,910,910,910
GET,/api/cart/add/anonymous-166/SHCE/1,1,0,427.1781489999853,427.1781489999853,427.1781489999853,427.1781489999853,124.0,0.0002758456848840466,0.0,430,430,430,430,430,430,430,430,430,430,430
GET,/api/cart/add/anonymous-167/EMM/1,1,0,357.172429000002,357.172429000002,357.172429000002,357.172429000002,137.0,0.0002758456848840466,0.0,360,360,360,360,360,360,360,360,360,360,360
GET,/api/cart/add/anonymous-167/HPTD/1,1,0,547.3100159999831,547.3100159999831,547.3100159999831,547.3100159999831,193.0,0.0002758456848840466,0.0,550,550,550,550,550,550,550,550,550,550,550
GET,/api/cart/add/anonymous-167/SHCE/1,1,0,461.51545800000804,461.51545800000804,461.51545800000804,461.51545800000804,229.0,0.0002758456848840466,0.0,460,460,460,460,460,460,460,460,460,460,460
GET,/api/cart/add/anonymous-167/Watson/1,1,0,285.0674379999987,285.0674379999987,285.0674379999987,285.0674379999987,106.0,0.0002758456848840466,0.0,290,290,290,290,290,290,290,290,290,290,290
GET,/api/cart/add/anonymous-168/RMC/1,1,0,279.9939459999905,279.9939459999905,279.9939459999905,279.9939459999905,202.0,0.0002758456848840466,0.0,280,280,280,280,280,280,280,280,280,280,280
GET,/api/cart/add/anonymous-168/SHCE/1,2,0,61,264.56035200001793,60.84379200001422,468.27691200002164,161.0,0.0005516913697680932,0.0,470,470,470,470,470,470,470,470,470,470,470
GET,/api/cart/add/anonymous-168/Watson/1,1,0,275.31016900002214,275.31016900002214,275.31016900002214,275.31016900002214,106.0,0.0002758456848840466,0.0,280,280,280,280,280,280,280,280,280,280,280
GET,/api/cart/add/anonymous-169/HPTD/1,2,0,160.0,306.53444849997413,157.7334829999586,455.33541399998967,170.0,0.0005516913697680932,0.0,460,460,460,460,460,460,460,460,460,460,460
GET,/api/cart/add/anonymous-169/RED/1,1,0,147.03606400001945,147.03606400001945,147.03606400001945,147.03606400001945,132.0,0.0002758456848840466,0.0,150,150,150,150,150,150,150,150,150,150,150
GET,/api/cart/add/anonymous-169/STAN-1/1,1,0,546.5768880000041,546.5768880000041,546.5768880000041,546.5768880000041,200.0,0.0002758456848840466,0.0,550,550,550,550,550,550,550,550,550,550,550
GET,/api/cart/add/anonymous-17/HPTD/1,1,0,152597.46034900035,152597.46034900035,152597.46034900035,152597.46034900035,213.0,0.0002758456848840466,0.0,153000,153000,153000,153000,153000,153000,153000,153000,153000,153000,153000
GET,/api/cart/add/anonymous-17/RMC/1,2,0,79,28581.17199250006,78.97654900000362,57083.36743600012,199.5,0.0005516913697680932,0.0,57000,57000,57000,57000,57000,57000,57000,57000,57000,57000,57000
GET,/api/cart/add/anonymous-17/SHCE/1,2,0,103.44562599999563,121.00093099999754,103.44562599999563,138.55623599999944,124.5,0.0005516913697680932,0.0,140,140,140,140,140,140,140,140,140,140,140
GET,/api/cart/add/anonymous-17/UHJ/1,1,0,79.07494900001666,79.07494900001666,79.07494900001666,79.07494900001666,216.0,0.0002758456848840466,0.0,79,79,79,79,79,79,79,79,79,79,79
GET,/api/cart/add/anonymous-170/EMM/1,1,0,271.0991570000374,271.0991570000374,271.0991570000374,271.0991570000374,137.0,0.0002758456848840466,0.0,270,270,270,270,270,270,270,270,270,270,270
GET,/api/cart/add/anonymous-170/RED/1,2,0,300.0,323.115075000004,295.2961269999719,350.9340230000362,133.0,0.0005516913697680932,0.0,350,350,350,350,350,350,350,350,350,350,350
GET,/api/cart/add/anonymous-170/RMC/1,1,0,152.0459820000042,152.0459820000042,152.0459820000042,152.0459820000042,215.0,0.0002758456848840466,0.0,150,150,150,150,150,150,150,150,150,150,150
GET,/api/cart/add/anonymous-171/HPTD/1,1,0,554.1599750000046,554.1599750000046,554.1599750000046,554.1599750000046,226.0,0.0002758456848840466,0.0,550,550,550,550,550,550,550,550,550,550,550
GET,/api/cart/add/anonymous-171/RED/1,1,0,423.6015390000034,423.6015390000034,423.6015390000034,423.6015390000034,132.0,0.0002758456848840466,0.0,420,420,420,420,420,420,420,420,420,420,420
GET,/api/cart/add/anonymous-171/RMC/1,1,0,102.76670899997953,102.76670899997953,102.76670899997953,102.76670899997953,210.0,0.0002758456848840466,0.0,100,100,100,100,100,100,100,100,100,100,100
GET,/api/cart/add/anonymous-171/UHJ/1,1,0,402.3764890000052,402.3764890000052,402.3764890000052,402.3764890000052,138.0,0.0002758456848840466,0.0,400,400,400,400,400,400,400,400,400,400,400
GET,/api/cart/add/anonymous-172/EMM/1,1,0,370.96528800003625,370.96528800003625,370.96528800003625,370.96528800003625,137.0,0.0002758456848840466,0.0,370,370,370,370,370,370,370,370,370,370,370
GET,/api/cart/add/anonymous-172/RMC/1,2,0,164.29531599999336,232.61467849999917,164.29531599999336,300.934041000005,202.5,0.0005516913697680932,0.0,300,300,300,300,300,300,300,300,300,300,300
GET,/api/cart/add/anonymous-172/STAN-1/1,1,0,369.17336599998407,369.17336599998407,369.17336599998407,369.17336599998407,111.0,0.0002758456848840466,0.0,370,370,370,370,370,370,370,370,370,370,370
GET,/api/cart/add/anonymous-173/RED/1,1,0,151.27649999999448,151.27649999999448,151.27649999999448,151.27649999999448,210.0,0.0002758456848840466,0.0,150,150,150,150,150,150,150,150,150,150,150
GET,/api/cart/add/anonymous-173/RMC/1,1,0,456.5085419999946,456.5085419999946,456.5085419999946,456.5085419999946,108.0,0.0002758456848840466,0.0,460,460,460,460,460,460,460,460,460,460,460
GET,/api/cart/add/anonymous-173/STAN-1/1,1,0,295.5145360000415,295.5145360000415,295.5145360000415,295.5145360000415,111.0,0.0002758456848840466,0.0,300,300,300,300,300,300,300,300,300,300,300
GET,/api/cart/add/anonymous-173/UHJ/1,1,0,490.22915000000467,490.22915000000467,490.22915000000467,490.22915000000467,191.0,0.0002758456848840466,0.0,490,490,490,490,490,490,490,490,490,490,490
GET,/api/cart/add/anonymous-174/EMM/1,1,0,343.24708500003,343.24708500003,343.24708500003,343.24708500003,137.0,0.0002758456848840466,0.0,340,340,340,340,340,340,340,340,340,340,340
GET,/api/cart/add/anonymous-174/RMC/1,2,0,230.0,343.49084549998565,229.2859709999675,457.6957200000038,161.5,0.0005516913697680932,0.0,460,460,460,460,460,460,460,460,460,460,460
GET,/api/cart/add/anonymous-174/STAN-1/1,1,0,719.647000000009,719.647000000009,719.647000000009,719.647000000009,190.0,0.0002758456848840466,0.0,720,720,720,720,720,720,720,720,720,720,720
GET,/api/cart/add/anonymous-175/EMM/1,1,0,154.4771509999805,154.4771509999805,154.4771509999805,154.4771509999805,137.0,0.0002758456848840466,0.0,150,150,150,150,150,150,150,150,150,150,150
GET,/api/cart/add/anonymous-175/UHJ/1,2,0,102.99471799999083,306.04044049999857,102.99471799999083,509.0861630000063,176.0,0.0005516913697680932,0.0,510,510,510,510,510,510,510,510,510,510,510
GET,/api/cart/add/anonymous-175/Watson/1,1,0,627.0820800000365,627.0820800000365,627.0820800000365,627.0820800000365,209.0,0.0002758456848840466,0.0,630,630,630,630,630,630,630,630,630,630,630
GET,/api/cart/add/anonymous-176/EPE/1,1,0,115.56643100004749,115.56643100004749,115.56643100004749,115.56643100004749,129.0,0.0002758456848840466,0.0,120,120,120,120,120,120,120,120,120,120,120
GET,/api/cart/add/anonymous-176/SHCE/1,1,0,178.94014500001276,178.94014500001276,178.94014500001276,178.94014500001276,222.0,0.0002758456848840466,0.0,180,180,180,180,180,180,180,180,180,180,180
GET,/api/cart/add/anonymous-176/Watson/1,2,0,510.0,605.8670284999721,509.59585199996127,702.1382049999829,105.0,0.0005516913697680932,0.0,700,700,700,700,700,700,700,700,700,700,700
GET,/api/cart/add/anonymous-177/EMM/1,1,0,528.9979600000265,528.9979600000265,528.9979600000265,528.9979600000265,215.0,0.0002758456848840466,0.0,530,530,530,530,530,530,530,530,530,530,530
GET,/api/cart/add/anonymous-177/EPE/1,1,0,142.87304800001266,142.87304800001266,142.87304800001266,142.87304800001266,129.0,0.0002758456848840466,0.0,140,140,140,140,140,140,140,140,140,140,140
GET,/api/cart/add/anonymous-177/HPTD/1,1,0,50.02135099999805,50.02135099999805,50.02135099999805,50.02135099999805,217.0,0.0002758456848840466,0.0,50,50,50,50,50,50,50,50,50,50,50
GET,/api/cart/add/anonymous-177/RMC/1,1,0,372.23468500002355,372.23468500002355,372.23468500002355,372.23468500002355,108.0,0.0002758456848840466,0.0,370,370,370,370,370,370,370,370,370,370,370
GET,/api/cart/add/anonymous-178/EMM/1,2,0,37,250.14588299998763,36.74162400000114,463.55014199997413,137.0,0.0005516913697680932,0.0,460,460,460,460,460,460,460,460,460,460,460
GET,/api/cart/add/anonymous-178/RMC/1,1,0,716.857540000035,716.857540000035,716.857540000035,716.857540000035,215.0,0.0002758456848840466,0.0,720,720,720,720,720,720,720,720,720,720,720
GET,/api/cart/add/anonymous-178/SHCE/1,1,0,24.628253999992467,24.628253999992467,24.628253999992467,24.628253999992467,229.0,0.0002758456848840466,0.0,25,25,25,25,25,25,25,25,25,25,25
GET,/api/cart/add/anonymous-179/EPE/1,1,0,31.225702000028832,31.225702000028832,31.225702000028832,31.225702000028832,222.0,0.0002758456848840466,0.0,31,31,31,31,31,31,31,31,31,31,31
GET,/api/cart/add/anonymous-179/RMC/1,1,0,647.4910770000406,647.4910770000406,647.4910770000406,647.4910770000406,190.0,0.0002758456848840466,0.0,650,650,650,650,650,650,650,650,650,650,650
GET,/api/cart/add/anonymous-179/SHCE/1,1,0,45.40184799998315,45.40184799998315,45.40184799998315,45.40184799998315,124.0,0.0002758456848840466,0.0,45,45,45,45,45,45,45,45,45,45,45
GET,/api/cart/add/anonymous-179/STAN-1/1,1,0,399.4705110000041,399.4705110000041,399.4705110000041,399.4705110000041,111.0,0.0002758456848840466,0.0,400,400,400,400,400,400,400,400,400,400,400
GET,/api/cart/add/anonymous-18/EPE/1,1,0,148.34266700000853,148.34266700000853,148.34266700000853,148.34266700000853,129.0,0.0002758456848840466,0.0,150,150,150,150,150,150,150,150,150,150,150
GET,/api/cart/add/anonymous-18/RMC/1,1,0,102.48232300000382,102.48232300000382,102.48232300000382,102.48232300000382,108.0,0.0002758456848840466,0.0,100,100,100,100,100,100,100,100,100,100,100
GET,/api/cart/add/anonymous-18/UHJ/1,1,0,90.51948499995888,90.51948499995888,90.51948499995888,90.51948499995888,216.0,0.0002758456848840466,0.0,91,91,91,91,91,91,91,91,91,91,91
GET,/api/cart/add/anonymous-18/Watson/1,1,0,48.42075200002682,48.42075200002682,48.42075200002682,48.42075200002682,200.0,0.0002758456848840466,0.0,48,48,48,48,48,48,48,48,48,48,48
GET,/api/cart/add/anonymous-180/EPE/1,2,0,461.1463859999958,657.9870964999941,461.1463859999958,854.8278069999924,129.5,0.0005516913697680932,0.0,850,850,850,850,850,850,850,850,850,850,850
GET,/api/cart/add/anonymous-180/RMC/1,1,0,50.168632000008984,50.168632000008984,50.168632000008984,50.168632000008984,202.0,0.0002758456848840466,0.0,50,50,50,50,50,50,50,50,50,50,50
GET,/api/cart/add/anonymous-180/SHCE/1,1,0,72.92450799997141,72.92450799997141,72.92450799997141,72.92450799997141,124.0,0.0002758456848840466,0.0,73,73,73,73,73,73,73,73,73,73,73
GET,/api/cart/add/anonymous-181/EPE/1,1,0,447.38148700002967,447.38148700002967,447.38148700002967,447.38148700002967,129.0,0.0002758456848840466,0.0,450,450,450,450,450,450,450,450,450,450,450
GET,/api/cart/add/anonymous-181/HPTD/1,1,0,38.90289800000346,38.90289800000346,38.90289800000346,38.90289800000346,121.0,0.0002758456848840466,0.0,39,39,39,39,39,39,39,39,39,39,39
GET,/api/cart/add/anonymous-181/RED/1,1,0,171.1331889999883,171.1331889999883,171.1331889999883,171.1331889999883,219.0,0.0002758456848840466,0.0,170,170,170,170,170,170,170,170,170,170,170
GET,/api/cart/add/anonymous-181/SHCE/1,1,0,374.57518400003664,374.57518400003664,374.57518400003664,374.57518400003664,222.0,0.0002758456848840466,0.0,370,370,370,370,370,370,370,370,370,370,370
GET,/api/cart/add/anonymous-182/EMM/1,1,0,500.859083000023,500.859083000023,500.859083000023,500.859083000023,137.0,0.0002758456848840466,0.0,500,500,500,500,500,500,500,500,500,500,500
GET,/api/cart/add/anonymous-182/SHCE/1,1,0,41.08278199998949,41.08278199998949,41.08278199998949,41.08278199998949,124.0,0.0002758456848840466,0.0,41,41,41,41,41,41,41,41,41,41,41
GET,/api/cart/add/anonymous-182/STAN-1/1,1,0,91.16371100003562,91.16371100003562,91.16371100003562,91.16371100003562,203.0,0.0002758456848840466,0.0,91,91,91,91,91,91,91,91,91,91,91
GET,/api/cart/add/anonymous-182/Watson/1,1,0,250.70713400003797,250.70713400003797,250.70713400003797,250.70713400003797,206.0,0.0002758456848840466,0.0,250,250,250,250,250,250,250,250,250,250,250
GET,/api/cart/add/anonymous-183/EMM/1,1,0,345.310918999985,345.310918999985,345.310918999985,345.310918999985,205.0,0.0002758456848840466,0.0,350,350,350,350,350,350,350,350,350,350,350
GET,/api/cart/add/anonymous-183/EPE/1,1,0,664.3697279999969,664.3697279999969,664.3697279999969,664.3697279999969,129.0,0.0002758456848840466,0.0,660,660,660,660,660,660,660,660,660,660,660
GET,/api/cart/add/anonymous-183/SHCE/1,1,0,73.07809599996062,73.07809599996062,73.07809599996062,73.07809599996062,203.0,0.0002758456848840466,0.0,73,73,73,73,73,73,73,73,73,73,73
GET,/api/cart/add/anonymous-183/STAN-1/1,1,0,78.23159299999816,78.23159299999816,78.23159299999816,78.23159299999816,111.0,0.0002758456848840466,0.0,78,78,78,78,78,78,78,78,78,78,78
GET,/api/cart/add/anonymous-184/EMM/1,1,0,60.079599000005146,60.079599000005146,60.079599000005146,60.079599000005146,137.0,0.0002758456848840466,0.0,60,60,60,60,60,60,60,60,60,60,60
GET,/api/cart/add/anonymous-184/UHJ/1,1,0,556.3381219999997,556.3381219999997,556.3381219999997,556.3381219999997,209.0,0.0002758456848840466,0.0,560,560,560,560,560,560,560,560,560,560,560
GET,/api/cart/add/anonymous-184/Watson/1,2,0,69,413.81979400000546,68.97853999998915,758.6610480000218,156.0,0.0005516913697680932,0.0,760,760,760,760,760,760,760,760,760,760,760
GET,/api/cart/add/anonymous-185/RED/1,1,0,847.8206949999958,847.8206949999958,847.8206949999958,847.8206949999958,132.0,0.0002758456848840466,0.0,850,850,850,850,850,850,850,850,850,850,850
GET,/api/cart/add/anonymous-185/STAN-1/1,2,0,133.86562199997343,286.0608910000053,133.86562199997343,438.2561600000372,111.5,0.0005516913697680932,0.0,440,440,440,440,440,440,440,440,440,440,440
GET,/api/cart/add/anonymous-185/UHJ/1,1,0,324.67363500001056,324.67363500001056,324.67363500001056,324.67363500001056,209.0,0.0002758456848840466,0.0,320,320,320,320,320,320,320,320,320,320,320
GET,/api/cart/add/anonymous-186/EPE/1,1,0,591.8339759999753,591.8339759999753,591.8339759999753,591.8339759999753,129.0,0.0002758456848840466,0.0,590,590,590,590,590,590,590,590,590,590,590
GET,/api/cart/add/anonymous-186/HPTD/1,1,0,446.6637820000301,446.6637820000301,446.6637820000301,446.6637820000301,213.0,0.0002758456848840466,0.0,450,450,450,450,450,450,450,450,450,450,450
GET,/api/cart/add/anonymous-186/RMC/1,1,0,487.67275000000154,487.67275000000154,487.67275000000154,487.67275000000154,207.0,0.0002758456848840466,0.0,490,490,490,490,490,490,490,490,490,490,490
GET,/api/cart/add/anonymous-186/SHCE/1,1,0,62.83530399997517,62.83530399997517,62.83530399997517,62.83530399997517,124.0,0.0002758456848840466,0.0,63,63,63,63,63,63,63,63,63,63,63
GET,/api/cart/add/anonymous-187/EPE/1,1,0,94.96193299997913,94.96193299997913,94.96193299997913,94.96193299997913,129.0,0.0002758456848840466,0.0,95,95,95,95,95,95,95,95,95,95,95
GET,/api/cart/add/anonymous-187/HPTD/1,1,0,524.2329989999917,524.2329989999917,524.2329989999917,524.2329989999917,193.0,0.0002758456848840466,0.0,520,520,520,520,520,520,520,520,520,520,520
GET,/api/cart/add/anonymous-187/STAN-1/1,1,0,128.5034850000102,128.5034850000102,128.5034850000102,128.5034850000102,179.0,0.0002758456848840466,0.0,130,130,130,130,130,130,130,130,130,130,130
GET,/api/cart/add/anonymous-187/Watson/1,1,0,824.7400779999907,824.7400779999907,824.7400779999907,824.7400779999907,106.0,0.0002758456848840466,0.0,820,820,820,820,820,820,820,820,820,820,820
GET,/api/cart/add/anonymous-188/EMM/1,1,0,346.0328319999917,346.0328319999917,346.0328319999917,346.0328319999917,229.0,0.0002758456848840466,0.0,350,350,350,350,350,350,350,350,350,350,350
GET,/api/cart/add/anonymous-188/RMC/1,1,0,377.146090999986,377.146090999986,377.146090999986,377.146090999986,184.0,0.0002758456848840466,0.0,380,380,380,380,380,380,380,380,380,380,380
GET,/api/cart/add/anonymous-188/SHCE/1,1,0,77.83297800000355,77.83297800000355,77.83297800000355,77.83297800000355,124.0,0.0002758456848840466,0.0,78,78,78,78,78,78,78,78,78,78,78
GET,/api/cart/add/anonymous-188/Watson/1,1,0,593.891023000026,593.891023000026,593.891023000026,593.891023000026,106.0,0.0002758456848840466,0.0,590,590,590,590,590,590,590,590,590,590,590
GET,/api/cart/add/anonymous-189/EPE/1,1,0,210.45255100000304,210.45255100000304,210.45255100000304,210.45255100000304,179.0,0.0002758456848840466,0.0,210,210,210,210,210,210,210,210,210,210,210
GET,/api/cart/add/anonymous-189/STAN-1/1,1,0,790.6168969999499,790.6168969999499,790.6168969999499,790.6168969999499,111.0,0.0002758456848840466,0.0,790,790,790,790,790,790,790,790,790,790,790
GET,/api/cart/add/anonymous-189/UHJ/1,1,0,60.38279599999896,60.38279599999896,60.38279599999896,60.38279599999896,138.0,0.0002758456848840466,0.0,60,60,60,60,60,60,60,60,60,60,60
GET,/api/cart/add/anonymous-189/Watson/1,1,0,139.60400799999206,139.60400799999206,139.60400799999206,139.60400799999206,209.0,0.0002758456848840466,0.0,140,140,140,140,140,140,140,140,140,140,140
GET,/api/cart/add/anonymous-19/EMM/1,2,0,150.0,23323.863378999988,149.12336999998388,46498.60338799999,217.5,0.0005516913697680932,0.0,46000,46000,46000,46000,46000,46000,46000,46000,46000,46000,46000
GET,/api/cart/add/anonymous-19/SHCE/1,2,0,120.0,130.3154599999914,117.8621709999561,142.76874900002667,176.5,0.0005516913697680932,0.0,140,140,140,140,140,140,140,140,140,140,140
GET,/api/cart/add/anonymous-19/Watson/1,2,0,68,23879.715622499985,67.86851300000762,47691.56273199996,247.5,0.0005516913697680932,0.0,48000,48000,48000,48000,48000,48000,48000,48000,48000,48000,48000
GET,/api/cart/add/anonymous-190/HPTD/1,1,0,575.5308679999871,575.5308679999871,575.5308679999871,575.5308679999871,121.0,0.0002758456848840466,0.0,580,580,580,580,580,580,580,580,580,580,580
GET,/api/cart/add/anonymous-190/RED/1,1,0,594.7053069999697,594.7053069999697,594.7053069999697,594.7053069999697,202.0,0.0002758456848840466,0.0,590,590,590,590,590,590,590,590,590,590,590
GET,/api/cart/add/anonymous-190/UHJ/1,1,0,478.7462230000301,478.7462230000301,478.7462230000301,478.7462230000301,226.0,0.0002758456848840466,0.0,480,480,480,480,480,480,480,480,480,480,480
GET,/api/cart/add/anonymous-190/Watson/1,1,0,82.43663499996501,82.43663499996501,82.43663499996501,82.43663499996501,106.0,0.0002758456848840466,0.0,82,82,82,82,82,82,82,82,82,82,82
GET,/api/cart/add/anonymous-191/HPTD/1,1,0,471.80127800004357,471.80127800004357,471.80127800004357,471.80127800004357,200.0,0.0002758456848840466,0.0,470,470,470,470,470,470,470,470,470,470,470
GET,/api/cart/add/anonymous-191/RMC/1,1,0,119.8727290000079,119.8727290000079,119.8727290000079,119.8727290000079,184.0,0.0002758456848840466,0.0,120,120,120,120,120,120,120,120,120,120,120
GET,/api/cart/add/anonymous-191/STAN-1/1,1,0,313.2183099999679,313.2183099999679,313.2183099999679,313.2183099999679,111.0,0.0002758456848840466,0.0,310,310,310,310,310,310,310,310,310,310,310
GET,/api/cart/add/anonymous-191/Watson/1,1,0,306.73756200002344,306.73756200002344,306.73756200002344,306.73756200002344,106.0,0.0002758456848840466,0.0,310,310,310,310,310,310,310,310,310,310,310
GET,/api/cart/add/anonymous-192/EMM/1,1,0,230.62871299998733,230.62871299998733,230.62871299998733,230.62871299998733,229.0,0.0002758456848840466,0.0,230,230,230,230,230,230,230,230,230,230,230
GET,/api/cart/add/anonymous-192/HPTD/1,1,0,354.708463999998,354.708463999998,354.708463999998,354.708463999998,193.0,0.0002758456848840466,0.0,350,350,350,350,350,350,350,350,350,350,350
GET,/api/cart/add/anonymous-192/SHCE/1,1,0,122.03954000000294,122.03954000000294,122.03954000000294,122.03954000000294,124.0,0.0002758456848840466,0.0,120,120,120,120,120,120,120,120,120,120,120
GET,/api/cart/add/anonymous-192/Watson/1,1,0,252.72389100001647,252.72389100001647,252.72389100001647,252.72389100001647,106.0,0.0002758456848840466,0.0,250,250,250,250,250,250,250,250,250,250,250
GET,/api/cart/add/anonymous-193/EMM/1,2,0,330.0,495.5928610000342,325.1338620000297,666.0518600000387,169.0,0.0005516913697680932,0.0,670,670,670,670,670,670,670,670,670,670,670
GET,/api/cart/add/anonymous-193/RED/1,1,0,119.1957030000026,119.1957030000026,119.1957030000026,119.1957030000026,221.0,0.0002758456848840466,0.0,120,120,120,120,120,120,120,120,120,120,120
GET,/api/cart/add/anonymous-193/STAN-1/1,1,0,535.9592660000203,535.9592660000203,535.9592660000203,535.9592660000203,111.0,0.0002758456848840466,0.0,540,540,540,540,540,540,540,540,540,540,540
GET,/api/cart/add/anonymous-194/RED/1,1,0,36.27486100003807,36.27486100003807,36.27486100003807,36.27486100003807,202.0,0.0002758456848840466,0.0,36,36,36,36,36,36,36,36,36,36,36
GET,/api/cart/add/anonymous-194/RMC/1,1,0,1130.4755479999926,1130.4755479999926,1130.4755479999926,1130.4755479999926,202.0,0.0002758456848840466,0.0,1100,1100,1100,1100,1100,1100,1100,1100,1100,1100,1100
GET,/api/cart/add/anonymous-194/SHCE/1,1,0,312.0745680000141,312.0745680000141,312.0745680000141,312.0745680000141,124.0,0.0002758456848840466,0.0,310,310,310,310,310,310,310,310,310,310,310
GET,/api/cart/add/anonymous-194/Watson/1,1,0,99.46883399999251,99.46883399999251,99.46883399999251,99.46883399999251,106.0,0.0002758456848840466,0.0,99,99,99,99,99,99,99,99,99,99,99
GET,/api/cart/add/anonymous-195/EMM/1,1,0,362.22717900000134,362.22717900000134,362.22717900000134,362.22717900000134,137.0,0.0002758456848840466,0.0,360,360,360,360,360,360,360,360,360,360,360
GET,/api/cart/add/anonymous-195/RED/1,2,0,37.000688999967224,48.743629999989935,37.000688999967224,60.486571000012646,133.0,0.0005516913697680932,0.0,60,60,60,60,60,60,60,60,60,60,60
GET,/api/cart/add/anonymous-195/UHJ/1,1,0,168.47661000002745,168.47661000002745,168.47661000002745,168.47661000002745,214.0,0.0002758456848840466,0.0,170,170,170,170,170,170,170,170,170,170,170
GET,/api/cart/add/anonymous-196/RMC/1,2,0,57,80.07863699998552,56.8380199999865,103.31925399998454,108.5,0.0005516913697680932,0.0,100,100,100,100,100,100,100,100,100,100,100
GET,/api/cart/add/anonymous-196/SHCE/1,1,0,366.09968400000525,366.09968400000525,366.09968400000525,366.09968400000525,230.0,0.0002758456848840466,0.0,370,370,370,370,370,370,370,370,370,370,370
GET,/api/cart/add/anonymous-196/UHJ/1,1,0,234.1525010000396,234.1525010000396,234.1525010000396,234.1525010000396,138.0,0.0002758456848840466,0.0,230,230,230,230,230,230,230,230,230,230,230
GET,/api/cart/add/anonymous-197/EMM/1,1,0,38.96255300003304,38.96255300003304,38.96255300003304,38.96255300003304,214.0,0.0002758456848840466,0.0,39,39,39,39,39,39,39,39,39,39,39
GET,/api/cart/add/anonymous-197/RMC/1,1,0,430.72135500000286,430.72135500000286,430.72135500000286,430.72135500000286,108.0,0.0002758456848840466,0.0,430,430,430,430,430,430,430,430,430,430,430
GET,/api/cart/add/anonymous-197/SHCE/1,1,0,271.08179200001814,271.08179200001814,271.08179200001814,271.08179200001814,202.0,0.0002758456848840466,0.0,270,270,270,270,270,270,270,270,270,270,270
GET,/api/cart/add/anonymous-197/UHJ/1,1,0,36.61506499997813,36.61506499997813,36.61506499997813,36.61506499997813,138.0,0.0002758456848840466,0.0,37,37,37,37,37,37,37,37,37,37,37
GET,/api/cart/add/anonymous-198/HPTD/1,1,0,308.39095900000757,308.39095900000757,308.39095900000757,308.39095900000757,121.0,0.0002758456848840466,0.0,310,310,310,310,310,310,310,310,310,310,310
GET,/api/cart/add/anonymous-198/RMC/1,1,0,1096.4984949999916,1096.4984949999916,1096.4984949999916,1096.4984949999916,199.0,0.0002758456848840466,0.0,1100,1100,1100,1100,1100,1100,1100,1100,1100,1100,1100
GET,/api/cart/add/anonymous-198/STAN-1/1,1,0,47.77898199995434,47.77898199995434,47.77898199995434,47.77898199995434,111.0,0.0002758456848840466,0.0,48,48,48,48,48,48,48,48,48,48,48
GET,/api/cart/add/anonymous-198/UHJ/1,1,0,29.363794999994752,29.363794999994752,29.363794999994752,29.363794999994752,191.0,0.0002758456848840466,0.0,29,29,29,29,29,29,29,29,29,29,29
GET,/api/cart/add/anonymous-199/EPE/1,1,0,457.2319479999578,457.2319479999578,457.2319479999578,457.2319479999578,129.0,0.0002758456848840466,0.0,460,460,460,460,460,460,460,460,460,460,460
GET,/api/cart/add/anonymous-199/RMC/1,2,0,34,49.86924849998786,33.50354200000538,66.23495499997034,108.5,0.0005516913697680932,0.0,66,66,66,66,66,66,66,66,66,66,66
GET,/api/cart/add/anonymous-199/Watson/1,1,0,437.6858210000023,437.6858210000023,437.6858210000023,437.6858210000023,200.0,0.0002758456848840466,0.0,440,440,440,440,440,440,440,440,440,440,440
GET,/api/cart/add/anonymous-2/EMM/1,1,0,42902.10557800037,42902.10557800037,42902.10557800037,42902.10557800037,137.0,0.0002758456848840466,0.0,43000,43000,43000,43000,43000,43000,43000,43000,43000,43000,43000
GET,/api/cart/add/anonymous-2/EPE/1,2,0,83,37517.300279999974,82.92626100001144,74951.67429899993,165.0,0.0005516913697680932,0.0,75000,75000,75000,75000,75000,75000,75000,75000,75000,75000,75000
GET,/api/cart/add/anonymous-2/RED/1,2,0,113.2803560000184,787932.2877704999,113.2803560000184,1575751.295185,132.0,0.0005516913697680932,0.0,1576000,1576000,1576000,1576000,1576000,1576000,1576000,1576000,1576000,1576000,1576000
GET,/api/cart/add/anonymous-20/HPTD/1,1,0,174.28084799996668,174.28084799996668,174.28084799996668,174.28084799996668,121.0,0.0002758456848840466,0.0,170,170,170,170,170,170,170,170,170,170,170
GET,/api/cart/add/anonymous-20/RMC/1,1,0,101.4761189999831,101.4761189999831,101.4761189999831,101.4761189999831,199.0,0.0002758456848840466,0.0,100,100,100,100,100,100,100,100,100,100,100
GET,/api/cart/add/anonymous-20/SHCE/1,1,0,136.39752900002122,136.39752900002122,136.39752900002122,136.39752900002122,124.0,0.0002758456848840466,0.0,140,140,140,140,140,140,140,140,140,140,140
GET,/api/cart/add/anonymous-20/STAN-1/1,1,0,26999.933865000003,26999.933865000003,26999.933865000003,26999.933865000003,278.0,0.0002758456848840466,0.0,27000,27000,27000,27000,27000,27000,27000,27000,27000,27000,27000
GET,/api/cart/add/anonymous-20/UHJ/1,1,0,78.98824900001955,78.98824900001955,78.98824900001955,78.98824900001955,230.0,0.0002758456848840466,0.0,79,79,79,79,79,79,79,79,79,79,79
GET,/api/cart/add/anonymous-20/Watson/1,1,0,26362.998709000294,26362.998709000294,26362.998709000294,26362.998709000294,106.0,0.0002758456848840466,0.0,26000,26000,26000,26000,26000,26000,26000,26000,26000,26000,26000
GET,/api/cart/add/anonymous-200/EPE/1,2,0,39.295955999989474,149.53816300001677,39.295955999989474,259.78037000004406,174.5,0.0005516913697680932,0.0,260,260,260,260,260,260,260,260,260,260,260
GET,/api/cart/add/anonymous-200/SHCE/1,1,0,47.908464999977696,47.908464999977696,47.908464999977696,47.908464999977696,222.0,0.0002758456848840466,0.0,48,48,48,48,48,48,48,48,48,48,48
GET,/api/cart/add/anonymous-200/UHJ/1,1,0,456.2738120000063,456.2738120000063,456.2738120000063,456.2738120000063,138.0,0.0002758456848840466,0.0,460,460,460,460,460,460,460,460,460,460,460
GET,/api/cart/add/anonymous-201/RED/1,1,0,358.16556199995375,358.16556199995375,358.16556199995375,358.16556199995375,225.0,0.0002758456848840466,0.0,360,360,360,360,360,360,360,360,360,360,360
GET,/api/cart/add/anonymous-201/RMC/1,1,0,39.90177000002859,39.90177000002859,39.90177000002859,39.90177000002859,108.0,0.0002758456848840466,0.0,40,40,40,40,40,40,40,40,40,40,40
GET,/api/cart/add/anonymous-201/SHCE/1,1,0,479.7683700000448,479.7683700000448,479.7683700000448,479.7683700000448,124.0,0.0002758456848840466,0.0,480,480,480,480,480,480,480,480,480,480,480
GET,/api/cart/add/anonymous-201/Watson/1,1,0,26.846688999967228,26.846688999967228,26.846688999967228,26.846688999967228,184.0,0.0002758456848840466,0.0,27,27,27,27,27,27,27,27,27,27,27
GET,/api/cart/add/anonymous-202/EPE/1,1,0,250.62403099997255,250.62403099997255,250.62403099997255,250.62403099997255,129.0,0.0002758456848840466,0.0,250,250,250,250,250,250,250,250,250,250,250
GET,/api/cart/add/anonymous-202/RMC/1,2,0,55,383.0138059999797,54.752603999986604,711.2750079999728,195.5,0.0005516913697680932,0.0,710,710,710,710,710,710,710,710,710,710,710
GET,/api/cart/add/anonymous-202/Watson/1,1,0,78.41568499998175,78.41568499998175,78.41568499998175,78.41568499998175,106.0,0.0002758456848840466,0.0,78,78,78,78,78,78,78,78,78,78,78
GET,/api/cart/add/anonymous-203/EMM/1,1,0,471.4813530000015,471.4813530000015,471.4813530000015,471.4813530000015,137.0,0.0002758456848840466,0.0,470,470,470,470,470,470,470,470,470,470,470
GET,/api/cart/add/anonymous-203/RMC/1,1,0,108.99980399995002,108.99980399995002,108.99980399995002,108.99980399995002,108.0,0.0002758456848840466,0.0,110,110,110,110,110,110,110,110,110,110,110
GET,/api/cart/add/anonymous-203/UHJ/1,1,0,60.63271900001155,60.63271900001155,60.63271900001155,60.63271900001155,216.0,0.0002758456848840466,0.0,61,61,61,61,61,61,61,61,61,61,61
GET,/api/cart/add/anonymous-203/Watson/1,1,0,1128.330066999979,1128.330066999979,1128.330066999979,1128.330066999979,206.0,0.0002758456848840466,0.0,1100,1100,1100,1100,1100,1100,1100,1100,1100,1100,1100
GET,/api/cart/add/anonymous-204/EMM/1,1,0,543.9109110000118,543.9109110000118,543.9109110000118,543.9109110000118,201.0,0.0002758456848840466,0.0,540,540,540,540,540,540,540,540,540,540,540
GET,/api/cart/add/anonymous-204/STAN-1/1,2,0,141.68482100001256,266.56304499999806,141.68482100001256,391.44126899998355,146.5,0.0005516913697680932,0.0,390,390,390,390,390,390,390,390,390,390,390
GET,/api/cart/add/anonymous-204/Watson/1,1,0,461.6068020000057,461.6068020000057,461.6068020000057,461.6068020000057,106.0,0.0002758456848840466,0.0,460,460,460,460,460,460,460,460,460,460,460
GET,/api/cart/add/anonymous-205/RED/1,2,0,310.0,345.44105949998993,308.17852299998094,382.7035959999989,133.0,0.0005516913697680932,0.0,380,380,380,380,380,380,380,380,380,380,380
GET,/api/cart/add/anonymous-205/SHCE/1,1,0,330.1266829999463,330.1266829999463,330.1266829999463,330.1266829999463,203.0,0.0002758456848840466,0.0,330,330,330,330,330,330,330,330,330,330,330
GET,/api/cart/add/anonymous-205/STAN-1/1,1,0,205.95844399997532,205.95844399997532,205.95844399997532,205.95844399997532,111.0,0.0002758456848840466,0.0,210,210,210,210,210,210,210,210,210,210,210
GET,/api/cart/add/anonymous-206/HPTD/1,1,0,446.3557880000053,446.3557880000053,446.3557880000053,446.3557880000053,121.0,0.0002758456848840466,0.0,450,450,450,450,450,450,450,450,450,450,450
GET,/api/cart/add/anonymous-206/RED/1,1,0,438.0514700000049,438.0514700000049,438.0514700000049,438.0514700000049,219.0,0.0002758456848840466,0.0,440,440,440,440,440,440,440,440,440,440,440
GET,/api/cart/add/anonymous-206/SHCE/1,2,0,410.0,952.7315089999888,406.2666629999967,1499.196354999981,124.5,0.0005516913697680932,0.0,1500,1500,1500,1500,1500,1500,1500,1500,1500,1500,1500
GET,/api/cart/add/anonymous-207/EMM/1,1,0,77.90221599998404,77.90221599998404,77.90221599998404,77.90221599998404,137.0,0.0002758456848840466,0.0,78,78,78,78,78,78,78,78,78,78,78
GET,/api/cart/add/anonymous-207/EPE/1,1,0,546.3910099999794,546.3910099999794,546.3910099999794,546.3910099999794,129.0,0.0002758456848840466,0.0,550,550,550,550,550,550,550,550,550,550,550
GET,/api/cart/add/anonymous-207/HPTD/1,1,0,745.8098150000296,745.8098150000296,745.8098150000296,745.8098150000296,217.0,0.0002758456848840466,0.0,750,750,750,750,750,750,750,750,750,750,750
GET,/api/cart/add/anonymous-207/SHCE/1,1,0,754.211687999998,754.211687999998,754.211687999998,754.211687999998,229.0,0.0002758456848840466,0.0,750,750,750,750,750,750,750,750,750,750,750
GET,/api/cart/add/anonymous-208/HPTD/1,1,0,485.3939790000368,485.3939790000368,485.3939790000368,485.3939790000368,121.0,0.0002758456848840466,0.0,490,490,490,490,490,490,490,490,490,490,490
GET,/api/cart/add/anonymous-208/RED/1,1,0,289.8754640000334,289.8754640000334,289.8754640000334,289.8754640000334,210.0,0.0002758456848840466,0.0,290,290,290,290,290,290,290,290,290,290,290
GET,/api/cart/add/anonymous-208/RMC/1,1,0,299.10817500001485,299.10817500001485,299.10817500001485,299.10817500001485,108.0,0.0002758456848840466,0.0,300,300,300,300,300,300,300,300,300,300,300
GET,/api/cart/add/anonymous-208/Watson/1,1,0,1283.3121040000037,1283.3121040000037,1283.3121040000037,1283.3121040000037,193.0,0.0002758456848840466,0.0,1300,1300,1300,1300,1300,1300,1300,1300,1300,1300,1300
GET,/api/cart/add/anonymous-209/EMM/1,1,0,159.8002039999642,159.8002039999642,159.8002039999642,159.8002039999642,201.0,0.0002758456848840466,0.0,160,160,160,160,160,160,160,160,160,160,160
GET,/api/cart/add/anonymous-209/RMC/1,1,0,1224.9984830000358,1224.9984830000358,1224.9984830000358,1224.9984830000358,202.0,0.0002758456848840466,0.0,1200,1200,1200,1200,1200,1200,1200,1200,1200,1200,1200
GET,/api/cart/add/anonymous-209/SHCE/1,1,0,431.11087799996994,431.11087799996994,431.11087799996994,431.11087799996994,124.0,0.0002758456848840466,0.0,430,430,430,430,430,430,430,430,430,430,430
GET,/api/cart/add/anonymous-209/STAN-1/1,1,0,724.0238040000122,724.0238040000122,724.0238040000122,724.0238040000122,111.0,0.0002758456848840466,0.0,720,720,720,720,720,720,720,720,720,720,720
GET,/api/cart/add/anonymous-21/EMM/1,1,0,113.56295699999919,113.56295699999919,113.56295699999919,113.56295699999919,214.0,0.0002758456848840466,0.0,110,110,110,110,110,110,110,110,110,110,110
GET,/api/cart/add/anonymous-21/EPE/1,1,0,52.132363999987774,52.132363999987774,52.132363999987774,52.132363999987774,179.0,0.0002758456848840466,0.0,52,52,52,52,52,52,52,52,52,52,52
GET,/api/cart/add/anonymous-21/SHCE/1,1,0,47690.755120000176,47690.755120000176,47690.755120000176,47690.755120000176,124.0,0.0002758456848840466,0.0,48000,48000,48000,48000,48000,48000,48000,48000,48000,48000,48000
GET,/api/cart/add/anonymous-21/STAN-1/1,1,0,147.66136499997629,147.66136499997629,147.66136499997629,147.66136499997629,111.0,0.0002758456848840466,0.0,150,150,150,150,150,150,150,150,150,150,150
GET,/api/cart/add/anonymous-21/UHJ/1,1,0,46.24524600001223,46.24524600001223,46.24524600001223,46.24524600001223,138.0,0.0002758456848840466,0.0,46,46,46,46,46,46,46,46,46,46,46
GET,/api/cart/add/anonymous-210/HPTD/1,1,0,715.7660080000028,715.7660080000028,715.7660080000028,715.7660080000028,121.0,0.0002758456848840466,0.0,720,720,720,720,720,720,720,720,720,720,720
GET,/api/cart/add/anonymous-210/RED/1,1,0,694.0120429999865,694.0120429999865,694.0120429999865,694.0120429999865,209.0,0.0002758456848840466,0.0,690,690,690,690,690,690,690,690,690,690,690
GET,/api/cart/add/anonymous-210/RMC/1,1,0,247.483533000036,247.483533000036,247.483533000036,247.483533000036,199.0,0.0002758456848840466,0.0,250,250,250,250,250,250,250,250,250,250,250
GET,/api/cart/add/anonymous-210/UHJ/1,1,0,891.0096280000062,891.0096280000062,891.0096280000062,891.0096280000062,138.0,0.0002758456848840466,0.0,890,890,890,890,890,890,890,890,890,890,890
GET,/api/cart/add/anonymous-211/EMM/1,1,0,213.36671500000648,213.36671500000648,213.36671500000648,213.36671500000648,223.0,0.0002758456848840466,0.0,210,210,210,210,210,210,210,210,210,210,210
GET,/api/cart/add/anonymous-211/HPTD/1,1,0,420.56506000000127,420.56506000000127,420.56506000000127,420.56506000000127,121.0,0.0002758456848840466,0.0,420,420,420,420,420,420,420,420,420,420,420
GET,/api/cart/add/anonymous-211/SHCE/1,2,0,332.8744800000436,341.8172285000196,332.8744800000436,350.7599769999956,124.5,0.0005516913697680932,0.0,350,350,350,350,350,350,350,350,350,350,350
GET,/api/cart/add/anonymous-212/RED/1,2,0,290.57387000005974,742.3464340000407,290.57387000005974,1194.1189980000217,202.5,0.0005516913697680932,0.0,1200,1200,1200,1200,1200,1200,1200,1200,1200,1200,1200
GET,/api/cart/add/anonymous-212/STAN-1/1,1,0,404.8752560000253,404.8752560000253,404.8752560000253,404.8752560000253,111.0,0.0002758456848840466,0.0,400,400,400,400,400,400,400,400,400,400,400
GET,/api/cart/add/anonymous-212/UHJ/1,1,0,811.9654600000104,811.9654600000104,811.9654600000104,811.9654600000104,138.0,0.0002758456848840466,0.0,810,810,810,810,810,810,810,810,810,810,810
GET,/api/cart/add/anonymous-213/HPTD/1,1,0,235.60703300000796,235.60703300000796,235.60703300000796,235.60703300000796,121.0,0.0002758456848840466,0.0,240,240,240,240,240,240,240,240,240,240,240
GET,/api/cart/add/anonymous-213/UHJ/1,1,0,367.939488999923,367.939488999923,367.939488999923,367.939488999923,226.0,0.0002758456848840466,0.0,370,370,370,370,370,370,370,370,370,370,370
GET,/api/cart/add/anonymous-213/Watson/1,2,0,320.0,405.8879090000005,317.63373700005104,494.14208099994994,105.0,0.0005516913697680932,0.0,490,490,490,490,490,490,490,490,490,490,490
GET,/api/cart/add/anonymous-214/EPE/1,1,0,221.67291200003092,221.67291200003092,221.67291200003092,221.67291200003092,129.0,0.0002758456848840466,0.0,220,220,220,220,220,220,220,220,220,220,220
GET,/api/cart/add/anonymous-214/RED/1,1,0,496.26595400002316,496.26595400002316,496.26595400002316,496.26595400002316,225.0,0.0002758456848840466,0.0,500,500,500,500,500,500,500,500,500,500,500
GET,/api/cart/add/anonymous-214/RMC/1,1,0,379.8206980000032,379.8206980000032,379.8206980000032,379.8206980000032,207.0,0.0002758456848840466,0.0,380,380,380,380,380,380,380,380,380,380,380
GET,/api/cart/add/anonymous-214/SHCE/1,1,0,387.7216340000018,387.7216340000018,387.7216340000018,387.7216340000018,124.0,0.0002758456848840466,0.0,390,390,390,390,390,390,390,390,390,390,390
GET,/api/cart/add/anonymous-215/EMM/1,1,0,330.0701809999964,330.0701809999964,330.0701809999964,330.0701809999964,223.0,0.0002758456848840466,0.0,330,330,330,330,330,330,330,330,330,330,330
GET,/api/cart/add/anonymous-215/HPTD/1,1,0,667.4999859999957,667.4999859999957,667.4999859999957,667.4999859999957,121.0,0.0002758456848840466,0.0,670,670,670,670,670,670,670,670,670,670,670
GET,/api/cart/add/anonymous-215/RED/1,2,0,290.0,365.0889809999569,288.64420199994356,441.53375999997024,133.0,0.0005516913697680932,0.0,440,440,440,440,440,440,440,440,440,440,440
GET,/api/cart/add/anonymous-216/EMM/1,1,0,993.825476999973,993.825476999973,993.825476999973,993.825476999973,137.0,0.0002758456848840466,0.0,990,990,990,990,990,990,990,990,990,990,990
GET,/api/cart/add/anonymous-216/EPE/1,1,0,591.5299499999946,591.5299499999946,591.5299499999946,591.5299499999946,205.0,0.0002758456848840466,0.0,590,590,590,590,590,590,590,590,590,590,590
GET,/api/cart/add/anonymous-216/HPTD/1,1,0,223.51607799998874,223.51607799998874,223.51607799998874,223.51607799998874,121.0,0.0002758456848840466,0.0,220,220,220,220,220,220,220,220,220,220,220
GET,/api/cart/add/anonymous-216/RED/1,1,0,377.42918699996153,377.42918699996153,377.42918699996153,377.42918699996153,219.0,0.0002758456848840466,0.0,380,380,380,380,380,380,380,380,380,380,380
GET,/api/cart/add/anonymous-217/RED/1,1,0,859.6307259999776,859.6307259999776,859.6307259999776,859.6307259999776,132.0,0.0002758456848840466,0.0,860,860,860,860,860,860,860,860,860,860,860
GET,/api/cart/add/anonymous-217/SHCE/1,2,0,160.0,301.5455170000223,155.70522300004086,447.38581100000374,214.0,0.0005516913697680932,0.0,450,450,450,450,450,450,450,450,450,450,450
GET,/api/cart/add/anonymous-217/STAN-1/1,1,0,439.22701700000744,439.22701700000744,439.22701700000744,439.22701700000744,111.0,0.0002758456848840466,0.0,440,440,440,440,440,440,440,440,440,440,440
GET,/api/cart/add/anonymous-218/EMM/1,1,0,157.60858999999527,157.60858999999527,157.60858999999527,157.60858999999527,214.0,0.0002758456848840466,0.0,160,160,160,160,160,160,160,160,160,160,160
GET,/api/cart/add/anonymous-218/RED/1,1,0,423.6367199999904,423.6367199999904,423.6367199999904,423.6367199999904,210.0,0.0002758456848840466,0.0,420,420,420,420,420,420,420,420,420,420,420
GET,/api/cart/add/anonymous-218/RMC/1,1,0,763.1437410000217,763.1437410000217,763.1437410000217,763.1437410000217,108.0,0.0002758456848840466,0.0,760,760,760,760,760,760,760,760,760,760,760
GET,/api/cart/add/anonymous-218/UHJ/1,1,0,132.90194399996835,132.90194399996835,132.90194399996835,132.90194399996835,138.0,0.0002758456848840466,0.0,130,130,130,130,130,130,130,130,130,130,130
GET,/api/cart/add/anonymous-219/EMM/1,1,0,428.0482880000136,428.0482880000136,428.0482880000136,428.0482880000136,201.0,0.0002758456848840466,0.0,430,430,430,430,430,430,430,430,430,430,430
GET,/api/cart/add/anonymous-219/EPE/1,1,0,330.9089100000051,330.9089100000051,330.9089100000051,330.9089100000051,179.0,0.0002758456848840466,0.0,330,330,330,330,330,330,330,330,330,330,330
GET,/api/cart/add/anonymous-219/STAN-1/1,2,0,429.65142900004594,429.43939250000085,429.22735599995576,429.65142900004594,111.0,0.0005516913697680932,0.0,430,430,430,430,430,430,430,430,430,430,430
GET,/api/cart/add/anonymous-22/EMM/1,1,0,69.08171699996046,69.08171699996046,69.08171699996046,69.08171699996046,223.0,0.0002758456848840466,0.0,69,69,69,69,69,69,69,69,69,69,69
GET,/api/cart/add/anonymous-22/HPTD/1,1,0,47.70934999999099,47.70934999999099,47.70934999999099,47.70934999999099,121.0,0.0002758456848840466,0.0,48,48,48,48,48,48,48,48,48,48,48
GET,/api/cart/add/anonymous-22/STAN-1/1,1,0,1952.082564000193,1952.082564000193,1952.082564000193,1952.082564000193,111.0,0.0002758456848840466,0.0,2000,2000,2000,2000,2000,2000,2000,2000,2000,2000,2000
GET,/api/cart/add/anonymous-22/UHJ/1,1,0,55.46757500002286,55.46757500002286,55.46757500002286,55.46757500002286,138.0,0.0002758456848840466,0.0,55,55,55,55,55,55,55,55,55,55,55
GET,/api/cart/add/anonymous-22/Watson/1,1,0,68.54951599996184,68.54951599996184,68.54951599996184,68.54951599996184,209.0,0.0002758456848840466,0.0,69,69,69,69,69,69,69,69,69,69,69
GET,/api/cart/add/anonymous-220/EMM/1,1,0,414.7091010000281,414.7091010000281,414.7091010000281,414.7091010000281,214.0,0.0002758456848840466,0.0,410,410,410,410,410,410,410,410,410,410,410
GET,/api/cart/add/anonymous-220/HPTD/1,1,0,187.65835600004266,187.65835600004266,187.65835600004266,187.65835600004266,121.0,0.0002758456848840466,0.0,190,190,190,190,190,190,190,190,190,190,190
GET,/api/cart/add/anonymous-220/UHJ/1,1,0,695.6633000000352,695.6633000000352,695.6633000000352,695.6633000000352,138.0,0.0002758456848840466,0.0,700,700,700,700,700,700,700,700,700,700,700
GET,/api/cart/add/anonymous-220/Watson/1,1,0,422.548792999919,422.548792999919,422.548792999919,422.548792999919,193.0,0.0002758456848840466,0.0,420,420,420,420,420,420,420,420,420,420,420
GET,/api/cart/add/anonymous-221/EMM/1,2,0,160.0,204.81057500001043,157.5083520000362,252.11279799998465,217.0,0.0005516913697680932,0.0,250,250,250,250,250,250,250,250,250,250,250
GET,/api/cart/add/anonymous-221/EPE/1,1,0,1073.068902999978,1073.068902999978,1073.068902999978,1073.068902999978,129.0,0.0002758456848840466,0.0,1100,1100,1100,1100,1100,1100,1100,1100,1100,1100,1100
GET,/api/cart/add/anonymous-221/SHCE/1,1,0,288.054415999909,288.054415999909,288.054415999909,288.054415999909,124.0,0.0002758456848840466,0.0,290,290,290,290,290,290,290,290,290,290,290
GET,/api/cart/add/anonymous-222/EMM/1,2,0,310.31510699995124,379.14846999996143,310.31510699995124,447.98183299997163,169.0,0.0005516913697680932,0.0,450,450,450,450,450,450,450,450,450,450,450
GET,/api/cart/add/anonymous-222/STAN-1/1,1,0,540.9078100000215,540.9078100000215,540.9078100000215,540.9078100000215,111.0,0.0002758456848840466,0.0,540,540,540,540,540,540,540,540,540,540,540
GET,/api/cart/add/anonymous-222/Watson/1,1,0,103.3228420000114,103.3228420000114,103.3228420000114,103.3228420000114,206.0,0.0002758456848840466,0.0,100,100,100,100,100,100,100,100,100,100,100
GET,/api/cart/add/anonymous-223/EMM/1,1,0,307.6492860000144,307.6492860000144,307.6492860000144,307.6492860000144,137.0,0.0002758456848840466,0.0,310,310,310,310,310,310,310,310,310,310,310
GET,/api/cart/add/anonymous-223/SHCE/1,1,0,597.3363509999672,597.3363509999672,597.3363509999672,597.3363509999672,124.0,0.0002758456848840466,0.0,600,600,600,600,600,600,600,600,600,600,600
GET,/api/cart/add/anonymous-223/Watson/1,2,0,270.5498359999865,300.5537669999967,270.5498359999865,330.5576980000069,202.0,0.0005516913697680932,0.0,330,330,330,330,330,330,330,330,330,330,330
GET,/api/cart/add/anonymous-224/EMM/1,1,0,255.3688110000394,255.3688110000394,255.3688110000394,255.3688110000394,137.0,0.0002758456848840466,0.0,260,260,260,260,260,260,260,260,260,260,260
GET,/api/cart/add/anonymous-224/EPE/1,1,0,348.1489260000217,348.1489260000217,348.1489260000217,348.1489260000217,129.0,0.0002758456848840466,0.0,350,350,350,350,350,350,350,350,350,350,350
GET,/api/cart/add/anonymous-224/SHCE/1,1,0,314.5553880000307,314.5553880000307,314.5553880000307,314.5553880000307,229.0,0.0002758456848840466,0.0,310,310,310,310,310,310,310,310,310,310,310
GET,/api/cart/add/anonymous-224/STAN-1/1,1,0,273.5642640000151,273.5642640000151,273.5642640000151,273.5642640000151,179.0,0.0002758456848840466,0.0,270,270,270,270,270,270,270,270,270,270,270
GET,/api/cart/add/anonymous-225/EMM/1,2,0,120.0,133.70927949995348,118.01686000001155,149.40169899989542,137.0,0.0005516913697680932,0.0,150,150,150,150,150,150,150,150,150,150,150
GET,/api/cart/add/anonymous-225/RED/1,1,0,666.3954449999778,666.3954449999778,666.3954449999778,666.3954449999778,132.0,0.0002758456848840466,0.0,670,670,670,670,670,670,670,670,670,670,670
GET,/api/cart/add/anonymous-225/STAN-1/1,1,0,583.0006470000626,583.0006470000626,583.0006470000626,583.0006470000626,196.0,0.0002758456848840466,0.0,580,580,580,580,580,580,580,580,580,580,580
GET,/api/cart/add/anonymous-226/EMM/1,2,0,190.0,699.2169570000328,186.4841740000429,1211.9497400000228,137.0,0.0005516913697680932,0.0,1200,1200,1200,1200,1200,1200,1200,1200,1200,1200,1200
GET,/api/cart/add/anonymous-226/EPE/1,1,0,498.2429520000551,498.2429520000551,498.2429520000551,498.2429520000551,205.0,0.0002758456848840466,0.0,500,500,500,500,500,500,500,500,500,500,500
GET,/api/cart/add/anonymous-226/HPTD/1,1,0,494.6007419999887,494.6007419999887,494.6007419999887,494.6007419999887,223.0,0.0002758456848840466,0.0,490,490,490,490,490,490,490,490,490,490,490
GET,/api/cart/add/anonymous-227/EMM/1,1,0,435.26023500004385,435.26023500004385,435.26023500004385,435.26023500004385,137.0,0.0002758456848840466,0.0,440,440,440,440,440,440,440,440,440,440,440
GET,/api/cart/add/anonymous-227/EPE/1,1,0,443.8021219999655,443.8021219999655,443.8021219999655,443.8021219999655,205.0,0.0002758456848840466,0.0,440,440,440,440,440,440,440,440,440,440,440
GET,/api/cart/add/anonymous-227/STAN-1/1,2,0,234.64905699995597,310.40738400002965,234.64905699995597,386.16571100010333,111.5,0.0005516913697680932,0.0,390,390,390,390,390,390,390,390,390,390,390
GET,/api/cart/add/anonymous-228/RED/1,1,0,288.3556360000057,288.3556360000057,288.3556360000057,288.3556360000057,209.0,0.0002758456848840466,0.0,290,290,290,290,290,290,290,290,290,290,290
GET,/api/cart/add/anonymous-228/RMC/1,1,0,431.500319999941,431.500319999941,431.500319999941,431.500319999941,108.0,0.0002758456848840466,0.0,430,430,430,430,430,430,430,430,430,430,430
GET,/api/cart/add/anonymous-228/STAN-1/1,1,0,1908.1831250000505,1908.1831250000505,1908.1831250000505,1908.1831250000505,190.0,0.0002758456848840466,0.0,1900,1900,1900,1900,1900,1900,1900,1900,1900,1900,1900
GET,/api/cart/add/anonymous-228/UHJ/1,1,0,515.7576080000013,515.7576080000013,515.7576080000013,515.7576080000013,138.0,0.0002758456848840466,0.0,520,520,520,520,520,520,520,520,520,520,520
GET,/api/cart/add/anonymous-229/EMM/1,1,0,476.7162540000527,476.7162540000527,476.7162540000527,476.7162540000527,137.0,0.0002758456848840466,0.0,480,480,480,480,480,480,480,480,480,480,480
GET,/api/cart/add/anonymous-229/EPE/1,1,0,340.40352199997415,340.40352199997415,340.40352199997415,340.40352199997415,205.0,0.0002758456848840466,0.0,340,340,340,340,340,340,340,340,340,340,340
GET,/api/cart/add/anonymous-229/HPTD/1,1,0,479.005667000024,479.005667000024,479.005667000024,479.005667000024,121.0,0.0002758456848840466,0.0,480,480,480,480,480,480,480,480,480,480,480
GET,/api/cart/add/anonymous-229/STAN-1/1,1,0,755.2013249999163,755.2013249999163,755.2013249999163,755.2013249999163,200.0,0.0002758456848840466,0.0,760,760,760,760,760,760,760,760,760,760,760
GET,/api/cart/add/anonymous-23/EPE/1,1,0,43181.139811999856,43181.139811999856,43181.139811999856,43181.139811999856,220.0,0.0002758456848840466,0.0,43000,43000,43000,43000,43000,43000,43000,43000,43000,43000,43000
GET,/api/cart/add/anonymous-23/HPTD/1,1,0,49.107854999988376,49.107854999988376,49.107854999988376,49.107854999988376,121.0,0.0002758456848840466,0.0,49,49,49,49,49,49,49,49,49,49,49
GET,/api/cart/add/anonymous-23/RED/1,1,0,91.67928900001243,91.67928900001243,91.67928900001243,91.67928900001243,209.0,0.0002758456848840466,0.0,92,92,92,92,92,92,92,92,92,92,92
GET,/api/cart/add/anonymous-23/STAN-1/1,1,0,47683.23501300029,47683.23501300029,47683.23501300029,47683.23501300029,278.0,0.0002758456848840466,0.0,48000,48000,48000,48000,48000,48000,48000,48000,48000,48000,48000
GET,/api/cart/add/anonymous-23/UHJ/1,2,0,75,65645.17431499998,74.88433600002509,131215.46429399995,138.0,0.0005516913697680932,0.0,131000,131000,131000,131000,131000,131000,131000,131000,131000,131000,131000
GET,/api/cart/add/anonymous-23/Watson/1,2,0,78,13561.019388000092,77.61374500000784,27044.425031000173,149.5,0.0005516913697680932,0.0,27000,27000,27000,27000,27000,27000,27000,27000,27000,27000,27000
GET,/api/cart/add/anonymous-230/RED/1,1,0,407.8887749999467,407.8887749999467,407.8887749999467,407.8887749999467,210.0,0.0002758456848840466,0.0,410,410,410,410,410,410,410,410,410,410,410
GET,/api/cart/add/anonymous-230/RMC/1,2,0,420.0,437.6760095000236,416.5939020000451,458.75811700000213,108.0,0.0005516913697680932,0.0,460,460,460,460,460,460,460,460,460,460,460
GET,/api/cart/add/anonymous-230/UHJ/1,1,0,480.98512599995047,480.98512599995047,480.98512599995047,480.98512599995047,216.0,0.0002758456848840466,0.0,480,480,480,480,480,480,480,480,480,480,480
GET,/api/cart/add/anonymous-231/EPE/1,1,0,502.3118850000401,502.3118850000401,502.3118850000401,502.3118850000401,129.0,0.0002758456848840466,0.0,500,500,500,500,500,500,500,500,500,500,500
GET,/api/cart/add/anonymous-231/HPTD/1,1,0,389.07686200002445,389.07686200002445,389.07686200002445,389.07686200002445,121.0,0.0002758456848840466,0.0,390,390,390,390,390,390,390,390,390,390,390
GET,/api/cart/add/anonymous-231/STAN-1/1,1,0,384.5236230000637,384.5236230000637,384.5236230000637,384.5236230000637,179.0,0.0002758456848840466,0.0,380,380,380,380,380,380,380,380,380,380,380
GET,/api/cart/add/anonymous-231/Watson/1,1,0,246.46238699995138,246.46238699995138,246.46238699995138,246.46238699995138,193.0,0.0002758456848840466,0.0,250,250,250,250,250,250,250,250,250,250,250
GET,/api/cart/add/anonymous-232/HPTD/1,2,0,220.0,358.33842450000475,217.28896399997666,499.38788500003284,170.0,0.0005516913697680932,0.0,500,500,500,500,500,500,500,500,500,500,500
GET,/api/cart/add/anonymous-232/RED/1,2,0,130.0,143.72843149999426,129.16605300006267,158.29080999992584,175.5,0.0005516913697680932,0.0,160,160,160,160,160,160,160,160,160,160,160
GET,/api/cart/add/anonymous-233/EPE/1,2,0,163.15687999997408,231.02925750004033,163.15687999997408,298.9016350001066,165.0,0.0005516913697680932,0.0,300,300,300,300,300,300,300,300,300,300,300
GET,/api/cart/add/anonymous-233/RED/1,1,0,515.3762790000656,515.3762790000656,515.3762790000656,515.3762790000656,132.0,0.0002758456848840466,0.0,520,520,520,520,520,520,520,520,520,520,520
GET,/api/cart/add/anonymous-233/SHCE/1,1,0,305.35368500000004,305.35368500000004,305.35368500000004,305.35368500000004,222.0,0.0002758456848840466,0.0,310,310,310,310,310,310,310,310,310,310,310
GET,/api/cart/add/anonymous-234/EMM/1,1,0,202.28424200001882,202.28424200001882,202.28424200001882,202.28424200001882,137.0,0.0002758456848840466,0.0,200,200,200,200,200,200,200,200,200,200,200
GET,/api/cart/add/anonymous-234/STAN-1/1,1,0,641.3016850000304,641.3016850000304,641.3016850000304,641.3016850000304,201.0,0.0002758456848840466,0.0,640,640,640,640,640,640,640,640,640,640,640
GET,/api/cart/add/anonymous-234/UHJ/1,2,0,310.0,405.45124949994715,307.5155389999509,503.38695999994343,139.5,0.0005516913697680932,0.0,500,500,500,500,500,500,500,500,500,500,500
GET,/api/cart/add/anonymous-235/EMM/1,1,0,516.111206000005,516.111206000005,516.111206000005,516.111206000005,137.0,0.0002758456848840466,0.0,520,520,520,520,520,520,520,520,520,520,520
GET,/api/cart/add/anonymous-235/EPE/1,1,0,1910.4870030000711,1910.4870030000711,1910.4870030000711,1910.4870030000711,220.0,0.0002758456848840466,0.0,1900,1900,1900,1900,1900,1900,1900,1900,1900,1900,1900
GET,/api/cart/add/anonymous-235/RED/1,1,0,191.01163300001645,191.01163300001645,191.01163300001645,191.01163300001645,221.0,0.0002758456848840466,0.0,190,190,190,190,190,190,190,190,190,190,190
GET,/api/cart/add/anonymous-235/UHJ/1,1,0,643.8637759999892,643.8637759999892,643.8637759999892,643.8637759999892,138.0,0.0002758456848840466,0.0,640,640,640,640,640,640,640,640,640,640,640
GET,/api/cart/add/anonymous-236/EMM/1,1,0,489.74432700003945,489.74432700003945,489.74432700003945,489.74432700003945,215.0,0.0002758456848840466,0.0,490,490,490,490,490,490,490,490,490,490,490
GET,/api/cart/add/anonymous-236/RMC/1,1,0,190.80775999998423,190.80775999998423,190.80775999998423,190.80775999998423,108.0,0.0002758456848840466,0.0,190,190,190,190,190,190,190,190,190,190,190
GET,/api/cart/add/anonymous-236/SHCE/1,1,0,283.18878200002473,283.18878200002473,283.18878200002473,283.18878200002473,198.0,0.0002758456848840466,0.0,280,280,280,280,280,280,280,280,280,280,280
GET,/api/cart/add/anonymous-236/Watson/1,1,0,492.5813709999147,492.5813709999147,492.5813709999147,492.5813709999147,106.0,0.0002758456848840466,0.0,490,490,490,490,490,490,490,490,490,490,490
GET,/api/cart/add/anonymous-237/RED/1,1,0,415.93018499997925,415.93018499997925,415.93018499997925,415.93018499997925,210.0,0.0002758456848840466,0.0,420,420,420,420,420,420,420,420,420,420,420
GET,/api/cart/add/anonymous-237/RMC/1,2,0,290.0,432.8960195000491,287.64613900000313,578.145900000095,149.0,0.0005516913697680932,0.0,580,580,580,580,580,580,580,580,580,580,580
GET,/api/cart/add/anonymous-237/STAN-1/1,1,0,494.5128399999703,494.5128399999703,494.5128399999703,494.5128399999703,111.0,0.0002758456848840466,0.0,490,490,490,490,490,490,490,490,490,490,490
GET,/api/cart/add/anonymous-238/HPTD/1,2,0,301.5314330000365,446.42524450000565,301.5314330000365,591.3190559999748,121.0,0.0005516913697680932,0.0,590,590,590,590,590,590,590,590,590,590,590
GET,/api/cart/add/anonymous-238/RED/1,1,0,1928.862730999981,1928.862730999981,1928.862730999981,1928.862730999981,219.0,0.0002758456848840466,0.0,1900,1900,1900,1900,1900,1900,1900,1900,1900,1900,1900
GET,/api/cart/add/anonymous-238/UHJ/1,1,0,282.0747419999634,282.0747419999634,282.0747419999634,282.0747419999634,226.0,0.0002758456848840466,0.0,280,280,280,280,280,280,280,280,280,280,280
GET,/api/cart/add/anonymous-239/RED/1,1,0,281.1389099999815,281.1389099999815,281.1389099999815,281.1389099999815,210.0,0.0002758456848840466,0.0,280,280,280,280,280,280,280,280,280,280,280
GET,/api/cart/add/anonymous-239/RMC/1,1,0,399.0766029999122,399.0766029999122,399.0766029999122,399.0766029999122,108.0,0.0002758456848840466,0.0,400,400,400,400,400,400,400,400,400,400,400
GET,/api/cart/add/anonymous-239/STAN-1/1,2,0,443.54004399997393,1192.261693999967,443.54004399997393,1940.9833439999602,111.5,0.0005516913697680932,0.0,1900,1900,1900,1900,1900,1900,1900,1900,1900,1900,1900
GET,/api/cart/add/anonymous-24/EMM/1,1,0,38.842122000005475,38.842122000005475,38.842122000005475,38.842122000005475,137.0,0.0002758456848840466,0.0,39,39,39,39,39,39,39,39,39,39,39
GET,/api/cart/add/anonymous-24/EPE/1,1,0,73.43883099997583,73.43883099997583,73.43883099997583,73.43883099997583,205.0,0.0002758456848840466,0.0,73,73,73,73,73,73,73,73,73,73,73
GET,/api/cart/add/anonymous-24/SHCE/1,2,0,37,58.79088550000233,36.82391600000301,80.75785500000165,124.5,0.0005516913697680932,0.0,81,81,81,81,81,81,81,81,81,81,81
GET,/api/cart/add/anonymous-24/STAN-1/1,2,0,57029.70962800009,94907.47902199997,57029.70962800009,132785.24841599984,111.5,0.0005516913697680932,0.0,133000,133000,133000,133000,133000,133000,133000,133000,133000,133000,133000
GET,/api/cart/add/anonymous-240/EMM/1,1,0,159.7487919999594,159.7487919999594,159.7487919999594,159.7487919999594,137.0,0.0002758456848840466,0.0,160,160,160,160,160,160,160,160,160,160,160
GET,/api/cart/add/anonymous-240/EPE/1,1,0,294.27409000004445,294.27409000004445,294.27409000004445,294.27409000004445,129.0,0.0002758456848840466,0.0,290,290,290,290,290,290,290,290,290,290,290
GET,/api/cart/add/anonymous-240/SHCE/1,1,0,281.984738999995,281.984738999995,281.984738999995,281.984738999995,222.0,0.0002758456848840466,0.0,280,280,280,280,280,280,280,280,280,280,280
GET,/api/cart/add/anonymous-240/Watson/1,1,0,504.3931220000104,504.3931220000104,504.3931220000104,504.3931220000104,206.0,0.0002758456848840466,0.0,500,500,500,500,500,500,500,500,500,500,500
GET,/api/cart/add/anonymous-241/EMM/1,1,0,88.80493100002695,88.80493100002695,88.80493100002695,88.80493100002695,229.0,0.0002758456848840466,0.0,89,89,89,89,89,89,89,89,89,89,89
GET,/api/cart/add/anonymous-241/RED/1,1,0,893.8296329999957,893.8296329999957,893.8296329999957,893.8296329999957,202.0,0.0002758456848840466,0.0,890,890,890,890,890,890,890,890,890,890,890
GET,/api/cart/add/anonymous-241/SHCE/1,1,0,294.0161660000058,294.0161660000058,294.0161660000058,294.0161660000058,124.0,0.0002758456848840466,0.0,290,290,290,290,290,290,290,290,290,290,290
GET,/api/cart/add/anonymous-241/Watson/1,1,0,590.7012339999937,590.7012339999937,590.7012339999937,590.7012339999937,106.0,0.0002758456848840466,0.0,590,590,590,590,590,590,590,590,590,590,590
GET,/api/cart/add/anonymous-242/RMC/1,1,0,159.58268599990788,159.58268599990788,159.58268599990788,159.58268599990788,108.0,0.0002758456848840466,0.0,160,160,160,160,160,160,160,160,160,160,160
GET,/api/cart/add/anonymous-242/SHCE/1,1,0,54.7989309999366,54.7989309999366,54.7989309999366,54.7989309999366,124.0,0.0002758456848840466,0.0,55,55,55,55,55,55,55,55,55,55,55
GET,/api/cart/add/anonymous-242/STAN-1/1,1,0,418.8667840001017,418.8667840001017,418.8667840001017,418.8667840001017,190.0,0.0002758456848840466,0.0,420,420,420,420,420,420,420,420,420,420,420
GET,/api/cart/add/anonymous-242/UHJ/1,1,0,31.14489000006415,31.14489000006415,31.14489000006415,31.14489000006415,230.0,0.0002758456848840466,0.0,31,31,31,31,31,31,31,31,31,31,31
GET,/api/cart/add/anonymous-243/EPE/1,1,0,1941.0725479999655,1941.0725479999655,1941.0725479999655,1941.0725479999655,129.0,0.0002758456848840466,0.0,1900,1900,1900,1900,1900,1900,1900,1900,1900,1900,1900
GET,/api/cart/add/anonymous-243/HPTD/1,1,0,78.02351600003021,78.02351600003021,78.02351600003021,78.02351600003021,199.0,0.0002758456848840466,0.0,78,78,78,78,78,78,78,78,78,78,78
GET,/api/cart/add/anonymous-243/RED/1,1,0,868.7366770000153,868.7366770000153,868.7366770000153,868.7366770000153,201.0,0.0002758456848840466,0.0,870,870,870,870,870,870,870,870,870,870,870
GET,/api/cart/add/anonymous-243/RMC/1,1,0,86.20850099998734,86.20850099998734,86.20850099998734,86.20850099998734,108.0,0.0002758456848840466,0.0,86,86,86,86,86,86,86,86,86,86,86
GET,/api/cart/add/anonymous-244/EPE/1,1,0,86.55711300002622,86.55711300002622,86.55711300002622,86.55711300002622,129.0,0.0002758456848840466,0.0,87,87,87,87,87,87,87,87,87,87,87
GET,/api/cart/add/anonymous-244/HPTD/1,1,0,1940.2315169999156,1940.2315169999156,1940.2315169999156,1940.2315169999156,121.0,0.0002758456848840466,0.0,1900,1900,1900,1900,1900,1900,1900,1900,1900,1900,1900
GET,/api/cart/add/anonymous-244/RED/1,1,0,58.04762100001426,58.04762100001426,58.04762100001426,58.04762100001426,201.0,0.0002758456848840466,0.0,58,58,58,58,58,58,58,58,58,58,58
GET,/api/cart/add/anonymous-244/Watson/1,1,0,546.865012000012,546.865012000012,546.865012000012,546.865012000012,193.0,0.0002758456848840466,0.0,550,550,550,550,550,550,550,550,550,550,550
GET,/api/cart/add/anonymous-245/RED/1,1,0,1949.1704209999625,1949.1704209999625,1949.1704209999625,1949.1704209999625,132.0,0.0002758456848840466,0.0,1900,1900,1900,1900,1900,1900,1900,1900,1900,1900,1900
GET,/api/cart/add/anonymous-245/RMC/1,1,0,44.61455299997397,44.61455299997397,44.61455299997397,44.61455299997397,108.0,0.0002758456848840466,0.0,45,45,45,45,45,45,45,45,45,45,45
GET,/api/cart/add/anonymous-245/Watson/1,2,0,29,326.52561649996414,28.93460099994627,624.116631999982,193.0,0.0005516913697680932,0.0,620,620,620,620,620,620,620,620,620,620,620
GET,/api/cart/add/anonymous-246/EMM/1,1,0,1104.3879650000008,1104.3879650000008,1104.3879650000008,1104.3879650000008,137.0,0.0002758456848840466,0.0,1100,1100,1100,1100,1100,1100,1100,1100,1100,1100,1100
GET,/api/cart/add/anonymous-246/HPTD/1,1,0,395.30268900000465,395.30268900000465,395.30268900000465,395.30268900000465,223.0,0.0002758456848840466,0.0,400,400,400,400,400,400,400,400,400,400,400
GET,/api/cart/add/anonymous-246/RED/1,1,0,29.7389289999046,29.7389289999046,29.7389289999046,29.7389289999046,210.0,0.0002758456848840466,0.0,30,30,30,30,30,30,30,30,30,30,30
GET,/api/cart/add/anonymous-246/RMC/1,1,0,37.60230099999262,37.60230099999262,37.60230099999262,37.60230099999262,108.0,0.0002758456848840466,0.0,38,38,38,38,38,38,38,38,38,38,38
GET,/api/cart/add/anonymous-247/EMM/1,3,0,580.0,509.48375666666834,47.38783499999499,904.5325990000492,137.0,0.0008275370546521397,0.0,580,580,900,900,900,900,900,900,900,900,900
GET,/api/cart/add/anonymous-247/EPE/1,1,0,52.36490100003266,52.36490100003266,52.36490100003266,52.36490100003266,205.0,0.0002758456848840466,0.0,52,52,52,52,52,52,52,52,52,52,52
GET,/api/cart/add/anonymous-248/EMM/1,1,0,1921.6048829999863,1921.6048829999863,1921.6048829999863,1921.6048829999863,137.0,0.0002758456848840466,0.0,1900,1900,1900,1900,1900,1900,1900,1900,1900,1900,1900
GET,/api/cart/add/anonymous-248/HPTD/1,1,0,54.50967999991008,54.50967999991008,54.50967999991008,54.50967999991008,226.0,0.0002758456848840466,0.0,55,55,55,55,55,55,55,55,55,55,55
GET,/api/cart/add/anonymous-248/RED/1,1,0,295.80758999998125,295.80758999998125,295.80758999998125,295.80758999998125,221.0,0.0002758456848840466,0.0,300,300,300,300,300,300,300,300,300,300,300
GET,/api/cart/add/anonymous-248/UHJ/1,1,0,30.567356999995354,30.567356999995354,30.567356999995354,30.567356999995354,138.0,0.0002758456848840466,0.0,31,31,31,31,31,31,31,31,31,31,31
GET,/api/cart/add/anonymous-249/EMM/1,1,0,416.96472000000995,416.96472000000995,416.96472000000995,416.96472000000995,214.0,0.0002758456848840466,0.0,420,420,420,420,420,420,420,420,420,420,420
GET,/api/cart/add/anonymous-249/EPE/1,1,0,44.5774419999907,44.5774419999907,44.5774419999907,44.5774419999907,129.0,0.0002758456848840466,0.0,45,45,45,45,45,45,45,45,45,45,45
GET,/api/cart/add/anonymous-249/UHJ/1,1,0,1026.8221029999722,1026.8221029999722,1026.8221029999722,1026.8221029999722,138.0,0.0002758456848840466,0.0,1000,1000,1000,1000,1000,1000,1000,1000,1000,1000,1000
GET,/api/cart/add/anonymous-249/Watson/1,1,0,94.66585899997426,94.66585899997426,94.66585899997426,94.66585899997426,200.0,0.0002758456848840466,0.0,95,95,95,95,95,95,95,95,95,95,95
GET,/api/cart/add/anonymous-25/EMM/1,1,0,22.9905730000155,22.9905730000155,22.9905730000155,22.9905730000155,137.0,0.0002758456848840466,0.0,23,23,23,23,23,23,23,23,23,23,23
GET,/api/cart/add/anonymous-25/EPE/1,1,0,71.61012599999594,71.61012599999594,71.61012599999594,71.61012599999594,220.0,0.0002758456848840466,0.0,72,72,72,72,72,72,72,72,72,72,72
GET,/api/cart/add/anonymous-25/SHCE/1,1,0,47157.872365999996,47157.872365999996,47157.872365999996,47157.872365999996,124.0,0.0002758456848840466,0.0,47000,47000,47000,47000,47000,47000,47000,47000,47000,47000,47000
GET,/api/cart/add/anonymous-25/UHJ/1,3,0,76,16518.106131999975,50.443559000029836,49427.56779699994,187.0,0.0008275370546521397,0.0,76,76,49000,49000,49000,49000,49000,49000,49000,49000,49000
GET,/api/cart/add/anonymous-25/Watson/1,2,0,803.4434849996615,13978.605391499741,803.4434849996615,27153.76729799982,152.0,0.0005516913697680932,0.0,27000,27000,27000,27000,27000,27000,27000,27000,27000,27000,27000
GET,/api/cart/add/anonymous-250/RMC/1,2,0,621.9339709999758,769.630553499951,621.9339709999758,917.3271359999262,108.0,0.0005516913697680932,0.0,920,920,920,920,920,920,920,920,920,920,920
GET,/api/cart/add/anonymous-250/Watson/1,2,0,443.00825799996346,542.5701309999909,443.00825799996346,642.1320040000182,184.0,0.0005516913697680932,0.0,640,640,640,640,640,640,640,640,640,640,640
GET,/api/cart/add/anonymous-251/HPTD/1,1,0,441.6739130000451,441.6739130000451,441.6739130000451,441.6739130000451,213.0,0.0002758456848840466,0.0,440,440,440,440,440,440,440,440,440,440,440
GET,/api/cart/add/anonymous-251/RED/1,1,0,632.795938000072,632.795938000072,632.795938000072,632.795938000072,132.0,0.0002758456848840466,0.0,630,630,630,630,630,630,630,630,630,630,630
GET,/api/cart/add/anonymous-251/RMC/1,1,0,734.6614850000606,734.6614850000606,734.6614850000606,734.6614850000606,210.0,0.0002758456848840466,0.0,730,730,730,730,730,730,730,730,730,730,730
GET,/api/cart/add/anonymous-251/SHCE/1,1,0,1167.4792109999999,1167.4792109999999,1167.4792109999999,1167.4792109999999,124.0,0.0002758456848840466,0.0,1200,1200,1200,1200,1200,1200,1200,1200,1200,1200,1200
GET,/api/cart/add/anonymous-252/EPE/1,1,0,169.67419000002337,169.67419000002337,169.67419000002337,169.67419000002337,220.0,0.0002758456848840466,0.0,170,170,170,170,170,170,170,170,170,170,170
GET,/api/cart/add/anonymous-252/RMC/1,1,0,544.129345999977,544.129345999977,544.129345999977,544.129345999977,108.0,0.0002758456848840466,0.0,540,540,540,540,540,540,540,540,540,540,540
GET,/api/cart/add/anonymous-252/UHJ/1,1,0,452.4455680000301,452.4455680000301,452.4455680000301,452.4455680000301,138.0,0.0002758456848840466,0.0,450,450,450,450,450,450,450,450,450,450,450
GET,/api/cart/add/anonymous-252/Watson/1,1,0,740.9619959998963,740.9619959998963,740.9619959998963,740.9619959998963,184.0,0.0002758456848840466,0.0,740,740,740,740,740,740,740,740,740,740,740
GET,/api/cart/add/anonymous-253/EPE/1,1,0,521.3638960000253,521.3638960000253,521.3638960000253,521.3638960000253,222.0,0.0002758456848840466,0.0,520,520,520,520,520,520,520,520,520,520,520
GET,/api/cart/add/anonymous-253/RMC/1,1,0,154.7041570000829,154.7041570000829,154.7041570000829,154.7041570000829,216.0,0.0002758456848840466,0.0,150,150,150,150,150,150,150,150,150,150,150
GET,/api/cart/add/anonymous-253/SHCE/1,1,0,524.4980999999598,524.4980999999598,524.4980999999598,524.4980999999598,124.0,0.0002758456848840466,0.0,520,520,520,520,520,520,520,520,520,520,520
GET,/api/cart/add/anonymous-253/UHJ/1,1,0,140.5549130000736,140.5549130000736,140.5549130000736,140.5549130000736,138.0,0.0002758456848840466,0.0,140,140,140,140,140,140,140,140,140,140,140
GET,/api/cart/add/anonymous-254/RED/1,3,0,300.0,319.9759049999784,168.0176190000111,490.3062429999636,163.66666666666666,0.0008275370546521397,0.0,300,300,490,490,490,490,490,490,490,490,490
GET,/api/cart/add/anonymous-254/SHCE/1,1,0,425.1873949999663,425.1873949999663,425.1873949999663,425.1873949999663,124.0,0.0002758456848840466,0.0,430,430,430,430,430,430,430,430,430,430,430
GET,/api/cart/add/anonymous-255/EPE/1,2,0,130.0,146.230882999987,129.1424219999726,163.31934400000137,129.5,0.0005516913697680932,0.0,160,160,160,160,160,160,160,160,160,160,160
GET,/api/cart/add/anonymous-255/STAN-1/1,1,0,517.6972780000142,517.6972780000142,517.6972780000142,517.6972780000142,111.0,0.0002758456848840466,0.0,520,520,520,520,520,520,520,520,520,520,520
GET,/api/cart/add/anonymous-255/UHJ/1,1,0,526.1207319999812,526.1207319999812,526.1207319999812,526.1207319999812,191.0,0.0002758456848840466,0.0,530,530,530,530,530,530,530,530,530,530,530
GET,/api/cart/add/anonymous-256/EPE/1,1,0,127.60126199998467,127.60126199998467,127.60126199998467,127.60126199998467,129.0,0.0002758456848840466,0.0,130,130,130,130,130,130,130,130,130,130,130
GET,/api/cart/add/anonymous-256/RED/1,1,0,440.1745719999326,440.1745719999326,440.1745719999326,440.1745719999326,201.0,0.0002758456848840466,0.0,440,440,440,440,440,440,440,440,440,440,440
GET,/api/cart/add/anonymous-256/RMC/1,1,0,517.1514349999597,517.1514349999597,517.1514349999597,517.1514349999597,108.0,0.0002758456848840466,0.0,520,520,520,520,520,520,520,520,520,520,520
GET,/api/cart/add/anonymous-256/Watson/1,1,0,184.89638699998068,184.89638699998068,184.89638699998068,184.89638699998068,184.0,0.0002758456848840466,0.0,180,180,180,180,180,180,180,180,180,180,180
GET,/api/cart/add/anonymous-257/STAN-1/1,2,0,191.16987500001414,332.7868440000543,191.16987500001414,474.4038130000945,111.0,0.0005516913697680932,0.0,470,470,470,470,470,470,470,470,470,470,470
GET,/api/cart/add/anonymous-257/Watson/1,2,0,140.0,328.607492499998,137.42897800000264,519.7860069999933,182.0,0.0005516913697680932,0.0,520,520,520,520,520,520,520,520,520,520,520
GET,/api/cart/add/anonymous-258/EMM/1,1,0,647.9012959999864,647.9012959999864,647.9012959999864,647.9012959999864,137.0,0.0002758456848840466,0.0,650,650,650,650,650,650,650,650,650,650,650
GET,/api/cart/add/anonymous-258/HPTD/1,1,0,6393.08294600005,6393.08294600005,6393.08294600005,6393.08294600005,223.0,0.0002758456848840466,0.0,6400,6400,6400,6400,6400,6400,6400,6400,6400,6400,6400
GET,/api/cart/add/anonymous-258/RED/1,1,0,95.48358899996856,95.48358899996856,95.48358899996856,95.48358899996856,132.0,0.0002758456848840466,0.0,95,95,95,95,95,95,95,95,95,95,95
GET,/api/cart/add/anonymous-258/STAN-1/1,1,0,350.28557600003296,350.28557600003296,350.28557600003296,350.28557600003296,196.0,0.0002758456848840466,0.0,350,350,350,350,350,350,350,350,350,350,350
GET,/api/cart/add/anonymous-259/HPTD/1,1,0,539.0241659999901,539.0241659999901,539.0241659999901,539.0241659999901,121.0,0.0002758456848840466,0.0,540,540,540,540,540,540,540,540,540,540,540
GET,/api/cart/add/anonymous-259/RED/1,1,0,231.05000099997142,231.05000099997142,231.05000099997142,231.05000099997142,132.0,0.0002758456848840466,0.0,230,230,230,230,230,230,230,230,230,230,230
GET,/api/cart/add/anonymous-259/UHJ/1,1,0,467.26757800001906,467.26757800001906,467.26757800001906,467.26757800001906,226.0,0.0002758456848840466,0.0,470,470,470,470,470,470,470,470,470,470,470
GET,/api/cart/add/anonymous-259/Watson/1,1,0,399.2046249999248,399.2046249999248,399.2046249999248,399.2046249999248,202.0,0.0002758456848840466,0.0,400,400,400,400,400,400,400,400,400,400,400
GET,/api/cart/add/anonymous-26/EPE/1,2,0,37,75.32463700002268,36.54121499999974,114.10805900004561,129.0,0.0005516913697680932,0.0,110,110,110,110,110,110,110,110,110,110,110
GET,/api/cart/add/anonymous-26/RED/1,1,0,19.33106100000259,19.33106100000259,19.33106100000259,19.33106100000259,201.0,0.0002758456848840466,0.0,19,19,19,19,19,19,19,19,19,19,19
GET,/api/cart/add/anonymous-26/RMC/1,1,0,47.91585100002749,47.91585100002749,47.91585100002749,47.91585100002749,207.0,0.0002758456848840466,0.0,48,48,48,48,48,48,48,48,48,48,48
GET,/api/cart/add/anonymous-260/HPTD/1,1,0,130.34773200001837,130.34773200001837,130.34773200001837,130.34773200001837,121.0,0.0002758456848840466,0.0,130,130,130,130,130,130,130,130,130,130,130
GET,/api/cart/add/anonymous-260/RED/1,1,0,381.66454299994257,381.66454299994257,381.66454299994257,381.66454299994257,219.0,0.0002758456848840466,0.0,380,380,380,380,380,380,380,380,380,380,380
GET,/api/cart/add/anonymous-260/RMC/1,2,0,463.67446099998233,3424.4737265000254,463.67446099998233,6385.272992000068,108.5,0.0005516913697680932,0.0,6400,6400,6400,6400,6400,6400,6400,6400,6400,6400,6400
GET,/api/cart/add/anonymous-261/EMM/1,2,0,410.0,442.15891299995747,409.42399399989426,474.89383200002067,180.0,0.0005516913697680932,0.0,470,470,470,470,470,470,470,470,470,470,470
GET,/api/cart/add/anonymous-261/HPTD/1,1,0,98.04166399999303,98.04166399999303,98.04166399999303,98.04166399999303,121.0,0.0002758456848840466,0.0,98,98,98,98,98,98,98,98,98,98,98
GET,/api/cart/add/anonymous-261/STAN-1/1,1,0,6404.2826119999745,6404.2826119999745,6404.2826119999745,6404.2826119999745,201.0,0.0002758456848840466,0.0,6400,6400,6400,6400,6400,6400,6400,6400,6400,6400,6400
GET,/api/cart/add/anonymous-262/EPE/1,1,0,538.3273410000129,538.3273410000129,538.3273410000129,538.3273410000129,129.0,0.0002758456848840466,0.0,540,540,540,540,540,540,540,540,540,540,540
GET,/api/cart/add/anonymous-262/RMC/1,1,0,388.22115999994367,388.22115999994367,388.22115999994367,388.22115999994367,190.0,0.0002758456848840466,0.0,390,390,390,390,390,390,390,390,390,390,390
GET,/api/cart/add/anonymous-262/STAN-1/1,1,0,123.68189899996196,123.68189899996196,123.68189899996196,123.68189899996196,111.0,0.0002758456848840466,0.0,120,120,120,120,120,120,120,120,120,120,120
GET,/api/cart/add/anonymous-262/Watson/1,1,0,584.8466470000631,584.8466470000631,584.8466470000631,584.8466470000631,200.0,0.0002758456848840466,0.0,580,580,580,580,580,580,580,580,580,580,580
GET,/api/cart/add/anonymous-263/RMC/1,1,0,611.5240770000128,611.5240770000128,611.5240770000128,611.5240770000128,108.0,0.0002758456848840466,0.0,610,610,610,610,610,610,610,610,610,610,610
GET,/api/cart/add/anonymous-263/SHCE/1,2,0,200.0,206.78555850003022,195.49153599996316,218.07958100009728,202.5,0.0005516913697680932,0.0,220,220,220,220,220,220,220,220,220,220,220
GET,/api/cart/add/anonymous-263/STAN-1/1,1,0,451.55728099996395,451.55728099996395,451.55728099996395,451.55728099996395,111.0,0.0002758456848840466,0.0,450,450,450,450,450,450,450,450,450,450,450
GET,/api/cart/add/anonymous-264/EMM/1,2,0,370.0,432.3845239999855,369.3342349999966,495.4348129999744,137.0,0.0005516913697680932,0.0,500,500,500,500,500,500,500,500,500,500,500
GET,/api/cart/add/anonymous-264/HPTD/1,1,0,6395.433520999973,6395.433520999973,6395.433520999973,6395.433520999973,223.0,0.0002758456848840466,0.0,6400,6400,6400,6400,6400,6400,6400,6400,6400,6400,6400
GET,/api/cart/add/anonymous-264/UHJ/1,1,0,139.7554019999916,139.7554019999916,139.7554019999916,139.7554019999916,214.0,0.0002758456848840466,0.0,140,140,140,140,140,140,140,140,140,140,140
GET,/api/cart/add/anonymous-265/EPE/1,1,0,404.4327809999686,404.4327809999686,404.4327809999686,404.4327809999686,129.0,0.0002758456848840466,0.0,400,400,400,400,400,400,400,400,400,400,400
GET,/api/cart/add/anonymous-265/RMC/1,1,0,378.55914099998245,378.55914099998245,378.55914099998245,378.55914099998245,108.0,0.0002758456848840466,0.0,380,380,380,380,380,380,380,380,380,380,380
GET,/api/cart/add/anonymous-265/Watson/1,2,0,220.0,294.151893999981,216.81193899996742,371.49184899999455,192.0,0.0005516913697680932,0.0,370,370,370,370,370,370,370,370,370,370,370
GET,/api/cart/add/anonymous-266/EMM/1,1,0,374.5711089999304,374.5711089999304,374.5711089999304,374.5711089999304,205.0,0.0002758456848840466,0.0,370,370,370,370,370,370,370,370,370,370,370
GET,/api/cart/add/anonymous-266/EPE/1,2,0,230.0,296.76320800001577,227.16857900002196,366.35783700000957,129.0,0.0005516913697680932,0.0,370,370,370,370,370,370,370,370,370,370,370
GET,/api/cart/add/anonymous-266/Watson/1,1,0,231.50792299998102,231.50792299998102,231.50792299998102,231.50792299998102,200.0,0.0002758456848840466,0.0,230,230,230,230,230,230,230,230,230,230,230
GET,/api/cart/add/anonymous-267/STAN-1/1,1,0,24807.68448200001,24807.68448200001,24807.68448200001,24807.68448200001,191.0,0.0002758456848840466,0.0,25000,25000,25000,25000,25000,25000,25000,25000,25000,25000,25000
GET,/api/cart/add/anonymous-267/UHJ/1,3,0,430.0,404.0005853333544,332.284525000091,450.5499260000079,139.0,0.0008275370546521397,0.0,430,430,450,450,450,450,450,450,450,450,450
GET,/api/cart/add/anonymous-268/HPTD/1,1,0,252.9386279999244,252.9386279999244,252.9386279999244,252.9386279999244,121.0,0.0002758456848840466,0.0,250,250,250,250,250,250,250,250,250,250,250
GET,/api/cart/add/anonymous-268/STAN-1/1,1,0,6383.989747999976,6383.989747999976,6383.989747999976,6383.989747999976,191.0,0.0002758456848840466,0.0,6400,6400,6400,6400,6400,6400,6400,6400,6400,6400,6400
GET,/api/cart/add/anonymous-268/UHJ/1,1,0,416.1414859999013,416.1414859999013,416.1414859999013,416.1414859999013,138.0,0.0002758456848840466,0.0,420,420,420,420,420,420,420,420,420,420,420
GET,/api/cart/add/anonymous-268/Watson/1,1,0,1216.6635529999894,1216.6635529999894,1216.6635529999894,1216.6635529999894,193.0,0.0002758456848840466,0.0,1200,1200,1200,1200,1200,1200,1200,1200,1200,1200,1200
GET,/api/cart/add/anonymous-269/EMM/1,1,0,392.40437999990263,392.40437999990263,392.40437999990263,392.40437999990263,137.0,0.0002758456848840466,0.0,390,390,390,390,390,390,390,390,390,390,390
GET,/api/cart/add/anonymous-269/EPE/1,1,0,302.32454099996176,302.32454099996176,302.32454099996176,302.32454099996176,201.0,0.0002758456848840466,0.0,300,300,300,300,300,300,300,300,300,300,300
GET,/api/cart/add/anonymous-269/RED/1,1,0,130.21748799997113,130.21748799997113,130.21748799997113,130.21748799997113,132.0,0.0002758456848840466,0.0,130,130,130,130,130,130,130,130,130,130,130
GET,/api/cart/add/anonymous-269/SHCE/1,1,0,1860.9125479999875,1860.9125479999875,1860.9125479999875,1860.9125479999875,229.0,0.0002758456848840466,0.0,1900,1900,1900,1900,1900,1900,1900,1900,1900,1900,1900
GET,/api/cart/add/anonymous-27/EPE/1,1,0,35.68991199995253,35.68991199995253,35.68991199995253,35.68991199995253,129.0,0.0002758456848840466,0.0,36,36,36,36,36,36,36,36,36,36,36
GET,/api/cart/add/anonymous-27/SHCE/1,2,0,51.09406099995795,37213.76868000004,51.09406099995795,74376.44329900012,259.0,0.0005516913697680932,0.0,74000,74000,74000,74000,74000,74000,74000,74000,74000,74000,74000
GET,/api/cart/add/anonymous-27/STAN-1/1,1,0,26.762283999971714,26.762283999971714,26.762283999971714,26.762283999971714,191.0,0.0002758456848840466,0.0,27,27,27,27,27,27,27,27,27,27,27
GET,/api/cart/add/anonymous-27/UHJ/1,1,0,17.189853999980187,17.189853999980187,17.189853999980187,17.189853999980187,138.0,0.0002758456848840466,0.0,17,17,17,17,17,17,17,17,17,17,17
GET,/api/cart/add/anonymous-270/EMM/1,1,0,6392.842216999952,6392.842216999952,6392.842216999952,6392.842216999952,229.0,0.0002758456848840466,0.0,6400,6400,6400,6400,6400,6400,6400,6400,6400,6400,6400
GET,/api/cart/add/anonymous-270/SHCE/1,1,0,129.78077299999313,129.78077299999313,129.78077299999313,129.78077299999313,124.0,0.0002758456848840466,0.0,130,130,130,130,130,130,130,130,130,130,130
GET,/api/cart/add/anonymous-270/STAN-1/1,1,0,294.8899269999856,294.8899269999856,294.8899269999856,294.8899269999856,182.0,0.0002758456848840466,0.0,290,290,290,290,290,290,290,290,290,290,290
GET,/api/cart/add/anonymous-270/Watson/1,1,0,391.01833400002306,391.01833400002306,391.01833400002306,391.01833400002306,106.0,0.0002758456848840466,0.0,390,390,390,390,390,390,390,390,390,390,390
GET,/api/cart/add/anonymous-271/EMM/1,1,0,1114.1621410000653,1114.1621410000653,1114.1621410000653,1114.1621410000653,221.0,0.0002758456848840466,0.0,1100,1100,1100,1100,1100,1100,1100,1100,1100,1100,1100
GET,/api/cart/add/anonymous-271/RED/1,3,0,290.0,4303.809011333404,216.16341700007524,12403.10528000009,132.66666666666666,0.0008275370546521397,0.0,290,290,12000,12000,12000,12000,12000,12000,12000,12000,12000
GET,/api/cart/add/anonymous-272/EMM/1,1,0,675.9122439999601,675.9122439999601,675.9122439999601,675.9122439999601,137.0,0.0002758456848840466,0.0,680,680,680,680,680,680,680,680,680,680,680
GET,/api/cart/add/anonymous-272/HPTD/1,1,0,20350.26115200003,20350.26115200003,20350.26115200003,20350.26115200003,121.0,0.0002758456848840466,0.0,20000,20000,20000,20000,20000,20000,20000,20000,20000,20000,20000
GET,/api/cart/add/anonymous-272/STAN-1/1,2,0,16000.0,21563.315693499986,15514.00811299993,27612.62327400004,200.5,0.0005516913697680932,0.0,28000,28000,28000,28000,28000,28000,28000,28000,28000,28000,28000
GET,/api/cart/add/anonymous-273/RMC/1,1,0,20370.167812999967,20370.167812999967,20370.167812999967,20370.167812999967,108.0,0.0002758456848840466,0.0,20000,20000,20000,20000,20000,20000,20000,20000,20000,20000,20000
GET,/api/cart/add/anonymous-273/STAN-1/1,1,0,382.4529690000418,382.4529690000418,382.4529690000418,382.4529690000418,111.0,0.0002758456848840466,0.0,380,380,380,380,380,380,380,380,380,380,380
GET,/api/cart/add/anonymous-273/Watson/1,2,0,13470.786904999954,20782.89437099994,13470.786904999954,28095.001836999927,183.0,0.0005516913697680932,0.0,28000,28000,28000,28000,28000,28000,28000,28000,28000,28000,28000
GET,/api/cart/add/anonymous-274/HPTD/1,1,0,40464.484820999925,40464.484820999925,40464.484820999925,40464.484820999925,121.0,0.0002758456848840466,0.0,40000,40000,40000,40000,40000,40000,40000,40000,40000,40000,40000
GET,/api/cart/add/anonymous-274/RMC/1,1,0,8680.693555000062,8680.693555000062,8680.693555000062,8680.693555000062,199.0,0.0002758456848840466,0.0,8700,8700,8700,8700,8700,8700,8700,8700,8700,8700,8700
GET,/api/cart/add/anonymous-274/SHCE/1,2,0,352.07976900005633,17610.67326199998,352.07976900005633,34869.2667549999,124.5,0.0005516913697680932,0.0,35000,35000,35000,35000,35000,35000,35000,35000,35000,35000,35000
GET,/api/cart/add/anonymous-275/RED/1,1,0,24787.234062999916,24787.234062999916,24787.234062999916,24787.234062999916,225.0,0.0002758456848840466,0.0,25000,25000,25000,25000,25000,25000,25000,25000,25000,25000,25000
GET,/api/cart/add/anonymous-275/RMC/1,1,0,40368.999207999994,40368.999207999994,40368.999207999994,40368.999207999994,108.0,0.0002758456848840466,0.0,40000,40000,40000,40000,40000,40000,40000,40000,40000,40000,40000
GET,/api/cart/add/anonymous-275/SHCE/1,2,0,630.7369600000357,4655.300102500007,630.7369600000357,8679.863244999979,163.0,0.0005516913697680932,0.0,8700,8700,8700,8700,8700,8700,8700,8700,8700,8700,8700
GET,/api/cart/add/anonymous-276/HPTD/1,1,0,23511.055881999935,23511.055881999935,23511.055881999935,23511.055881999935,121.0,0.0002758456848840466,0.0,24000,24000,24000,24000,24000,24000,24000,24000,24000,24000,24000
GET,/api/cart/add/anonymous-276/RED/1,1,0,55410.49717499993,55410.49717499993,55410.49717499993,55410.49717499993,225.0,0.0002758456848840466,0.0,55000,55000,55000,55000,55000,55000,55000,55000,55000,55000,55000
GET,/api/cart/add/anonymous-276/SHCE/1,2,0,604.019180000023,5343.077055500032,604.019180000023,10082.13493100004,168.5,0.0005516913697680932,0.0,10000,10000,10000,10000,10000,10000,10000,10000,10000,10000,10000
GET,/api/cart/add/anonymous-277/HPTD/1,1,0,34802.82112999998,34802.82112999998,34802.82112999998,34802.82112999998,226.0,0.0002758456848840466,0.0,35000,35000,35000,35000,35000,35000,35000,35000,35000,35000,35000
GET,/api/cart/add/anonymous-277/RED/1,1,0,34878.12942699998,34878.12942699998,34878.12942699998,34878.12942699998,225.0,0.0002758456848840466,0.0,35000,35000,35000,35000,35000,35000,35000,35000,35000,35000,35000
GET,/api/cart/add/anonymous-277/SHCE/1,1,0,383.1511920000139,383.1511920000139,383.1511920000139,383.1511920000139,124.0,0.0002758456848840466,0.0,380,380,380,380,380,380,380,380,380,380,380
GET,/api/cart/add/anonymous-277/UHJ/1,1,0,6631.481976000032,6631.481976000032,6631.481976000032,6631.481976000032,138.0,0.0002758456848840466,0.0,6600,6600,6600,6600,6600,6600,6600,6600,6600,6600,6600
GET,/api/cart/add/anonymous-278/EPE/1,1,0,7984.039582999912,7984.039582999912,7984.039582999912,7984.039582999912,200.0,0.0002758456848840466,0.0,8000,8000,8000,8000,8000,8000,8000,8000,8000,8000,8000
GET,/api/cart/add/anonymous-278/RMC/1,1,0,51843.72760000008,51843.72760000008,51843.72760000008,51843.72760000008,108.0,0.0002758456848840466,0.0,52000,52000,52000,52000,52000,52000,52000,52000,52000,52000,52000
GET,/api/cart/add/anonymous-278/SHCE/1,1,0,17105.81922999995,17105.81922999995,17105.81922999995,17105.81922999995,202.0,0.0002758456848840466,0.0,17000,17000,17000,17000,17000,17000,17000,17000,17000,17000,17000
GET,/api/cart/add/anonymous-278/Watson/1,1,0,6374.753357000031,6374.753357000031,6374.753357000031,6374.753357000031,106.0,0.0002758456848840466,0.0,6400,6400,6400,6400,6400,6400,6400,6400,6400,6400,6400
GET,/api/cart/add/anonymous-279/EPE/1,1,0,34801.465415999926,34801.465415999926,34801.465415999926,34801.465415999926,207.0,0.0002758456848840466,0.0,35000,35000,35000,35000,35000,35000,35000,35000,35000,35000,35000
GET,/api/cart/add/anonymous-279/HPTD/1,1,0,7986.16542100001,7986.16542100001,7986.16542100001,7986.16542100001,213.0,0.0002758456848840466,0.0,8000,8000,8000,8000,8000,8000,8000,8000,8000,8000,8000
GET,/api/cart/add/anonymous-279/RMC/1,1,0,6623.488872999928,6623.488872999928,6623.488872999928,6623.488872999928,108.0,0.0002758456848840466,0.0,6600,6600,6600,6600,6600,6600,6600,6600,6600,6600,6600
GET,/api/cart/add/anonymous-279/SHCE/1,1,0,2000.0711380000666,2000.0711380000666,2000.0711380000666,2000.0711380000666,124.0,0.0002758456848840466,0.0,2000,2000,2000,2000,2000,2000,2000,2000,2000,2000,2000
GET,/api/cart/add/anonymous-28/RED/1,1,0,31.671899999992092,31.671899999992092,31.671899999992092,31.671899999992092,225.0,0.0002758456848840466,0.0,32,32,32,32,32,32,32,32,32,32,32
GET,/api/cart/add/anonymous-28/SHCE/1,2,0,32.25100200000952,32.81700349998573,32.25100200000952,33.38300499996194,161.0,0.0005516913697680932,0.0,33,33,33,33,33,33,33,33,33,33,33
GET,/api/cart/add/anonymous-28/STAN-1/1,2,0,22327.533511000183,39792.82131200012,22327.533511000183,57258.10911300004,111.5,0.0005516913697680932,0.0,57000,57000,57000,57000,57000,57000,57000,57000,57000,57000,57000
GET,/api/cart/add/anonymous-28/Watson/1,1,0,28.11688900004583,28.11688900004583,28.11688900004583,28.11688900004583,106.0,0.0002758456848840466,0.0,28,28,28,28,28,28,28,28,28,28,28
GET,/api/cart/add/anonymous-280/EMM/1,1,0,22539.723634999973,22539.723634999973,22539.723634999973,22539.723634999973,223.0,0.0002758456848840466,0.0,23000,23000,23000,23000,23000,23000,23000,23000,23000,23000,23000
GET,/api/cart/add/anonymous-280/EPE/1,1,0,62174.975571,62174.975571,62174.975571,62174.975571,201.0,0.0002758456848840466,0.0,62000,62000,62000,62000,62000,62000,62000,62000,62000,62000,62000
GET,/api/cart/add/anonymous-280/HPTD/1,1,0,6620.57263600002,6620.57263600002,6620.57263600002,6620.57263600002,121.0,0.0002758456848840466,0.0,6600,6600,6600,6600,6600,6600,6600,6600,6600,6600,6600
GET,/api/cart/add/anonymous-280/RED/1,1,0,383.0357870000398,383.0357870000398,383.0357870000398,383.0357870000398,132.0,0.0002758456848840466,0.0,380,380,380,380,380,380,380,380,380,380,380
GET,/api/cart/add/anonymous-281/EPE/1,1,0,51823.076474,51823.076474,51823.076474,51823.076474,129.0,0.0002758456848840466,0.0,52000,52000,52000,52000,52000,52000,52000,52000,52000,52000,52000
GET,/api/cart/add/anonymous-281/RMC/1,1,0,24785.447712000063,24785.447712000063,24785.447712000063,24785.447712000063,190.0,0.0002758456848840466,0.0,25000,25000,25000,25000,25000,25000,25000,25000,25000,25000,25000
GET,/api/cart/add/anonymous-281/STAN-1/1,1,0,582.8933829999414,582.8933829999414,582.8933829999414,582.8933829999414,111.0,0.0002758456848840466,0.0,580,580,580,580,580,580,580,580,580,580,580
GET,/api/cart/add/anonymous-281/UHJ/1,1,0,16895.321786000066,16895.321786000066,16895.321786000066,16895.321786000066,220.0,0.0002758456848840466,0.0,17000,17000,17000,17000,17000,17000,17000,17000,17000,17000,17000
GET,/api/cart/add/anonymous-282/EPE/1,1,0,55410.339968000015,55410.339968000015,55410.339968000015,55410.339968000015,207.0,0.0002758456848840466,0.0,55000,55000,55000,55000,55000,55000,55000,55000,55000,55000,55000
GET,/api/cart/add/anonymous-282/RMC/1,1,0,691.048042000034,691.048042000034,691.048042000034,691.048042000034,108.0,0.0002758456848840466,0.0,690,690,690,690,690,690,690,690,690,690,690
GET,/api/cart/add/anonymous-282/UHJ/1,1,0,16858.00205999999,16858.00205999999,16858.00205999999,16858.00205999999,209.0,0.0002758456848840466,0.0,17000,17000,17000,17000,17000,17000,17000,17000,17000,17000,17000
GET,/api/cart/add/anonymous-282/Watson/1,1,0,51828.213777000085,51828.213777000085,51828.213777000085,51828.213777000085,106.0,0.0002758456848840466,0.0,52000,52000,52000,52000,52000,52000,52000,52000,52000,52000,52000
GET,/api/cart/add/anonymous-283/RED/1,1,0,6425.062679999996,6425.062679999996,6425.062679999996,6425.062679999996,132.0,0.0002758456848840466,0.0,6400,6400,6400,6400,6400,6400,6400,6400,6400,6400,6400
GET,/api/cart/add/anonymous-283/SHCE/1,1,0,7988.103154999976,7988.103154999976,7988.103154999976,7988.103154999976,225.0,0.0002758456848840466,0.0,8000,8000,8000,8000,8000,8000,8000,8000,8000,8000,8000
GET,/api/cart/add/anonymous-283/UHJ/1,1,0,29438.930490999952,29438.930490999952,29438.930490999952,29438.930490999952,209.0,0.0002758456848840466,0.0,29000,29000,29000,29000,29000,29000,29000,29000,29000,29000,29000
GET,/api/cart/add/anonymous-283/Watson/1,1,0,51823.83168499996,51823.83168499996,51823.83168499996,51823.83168499996,106.0,0.0002758456848840466,0.0,52000,52000,52000,52000,52000,52000,52000,52000,52000,52000,52000
GET,/api/cart/add/anonymous-284/HPTD/1,1,0,27372.528227999966,27372.528227999966,27372.528227999966,27372.528227999966,213.0,0.0002758456848840466,0.0,27000,27000,27000,27000,27000,27000,27000,27000,27000,27000,27000
GET,/api/cart/add/anonymous-284/RMC/1,1,0,62166.11619699995,62166.11619699995,62166.11619699995,62166.11619699995,216.0,0.0002758456848840466,0.0,62000,62000,62000,62000,62000,62000,62000,62000,62000,62000,62000
GET,/api/cart/add/anonymous-284/SHCE/1,1,0,6541.252321999991,6541.252321999991,6541.252321999991,6541.252321999991,124.0,0.0002758456848840466,0.0,6500,6500,6500,6500,6500,6500,6500,6500,6500,6500,6500
GET,/api/cart/add/anonymous-284/UHJ/1,1,0,457.5229550000586,457.5229550000586,457.5229550000586,457.5229550000586,138.0,0.0002758456848840466,0.0,460,460,460,460,460,460,460,460,460,460,460
GET,/api/cart/add/anonymous-285/SHCE/1,1,0,55403.342144000024,55403.342144000024,55403.342144000024,55403.342144000024,198.0,0.0002758456848840466,0.0,55000,55000,55000,55000,55000,55000,55000,55000,55000,55000,55000
GET,/api/cart/add/anonymous-285/UHJ/1,1,0,16825.85365299997,16825.85365299997,16825.85365299997,16825.85365299997,209.0,0.0002758456848840466,0.0,17000,17000,17000,17000,17000,17000,17000,17000,17000,17000,17000
GET,/api/cart/add/anonymous-285/Watson/1,2,0,300.0,26057.111837499975,297.8844110000409,51816.33926399991,106.0,0.0005516913697680932,0.0,52000,52000,52000,52000,52000,52000,52000,52000,52000,52000,52000
GET,/api/cart/add/anonymous-286/EPE/1,1,0,13130.063258000064,13130.063258000064,13130.063258000064,13130.063258000064,129.0,0.0002758456848840466,0.0,13000,13000,13000,13000,13000,13000,13000,13000,13000,13000,13000
GET,/api/cart/add/anonymous-286/HPTD/1,1,0,31059.57445499996,31059.57445499996,31059.57445499996,31059.57445499996,217.0,0.0002758456848840466,0.0,31000,31000,31000,31000,31000,31000,31000,31000,31000,31000,31000
GET,/api/cart/add/anonymous-286/RED/1,1,0,1145.277315000044,1145.277315000044,1145.277315000044,1145.277315000044,225.0,0.0002758456848840466,0.0,1100,1100,1100,1100,1100,1100,1100,1100,1100,1100,1100
GET,/api/cart/add/anonymous-286/SHCE/1,1,0,213.88054200008355,213.88054200008355,213.88054200008355,213.88054200008355,124.0,0.0002758456848840466,0.0,210,210,210,210,210,210,210,210,210,210,210
GET,/api/cart/add/anonymous-287/EMM/1,1,0,51678.70443100003,51678.70443100003,51678.70443100003,51678.70443100003,137.0,0.0002758456848840466,0.0,52000,52000,52000,52000,52000,52000,52000,52000,52000,52000,52000
GET,/api/cart/add/anonymous-287/RED/1,1,0,1147.8449969999929,1147.8449969999929,1147.8449969999929,1147.8449969999929,132.0,0.0002758456848840466,0.0,1100,1100,1100,1100,1100,1100,1100,1100,1100,1100,1100
GET,/api/cart/add/anonymous-287/UHJ/1,1,0,11636.01162100008,11636.01162100008,11636.01162100008,11636.01162100008,209.0,0.0002758456848840466,0.0,12000,12000,12000,12000,12000,12000,12000,12000,12000,12000,12000
GET,/api/cart/add/anonymous-287/Watson/1,1,0,28523.51971099995,28523.51971099995,28523.51971099995,28523.51971099995,206.0,0.0002758456848840466,0.0,29000,29000,29000,29000,29000,29000,29000,29000,29000,29000,29000
GET,/api/cart/add/anonymous-288/EPE/1,1,0,34859.73675299999,34859.73675299999,34859.73675299999,34859.73675299999,222.0,0.0002758456848840466,0.0,35000,35000,35000,35000,35000,35000,35000,35000,35000,35000,35000
GET,/api/cart/add/anonymous-288/SHCE/1,1,0,560.6161329999395,560.6161329999395,560.6161329999395,560.6161329999395,124.0,0.0002758456848840466,0.0,560,560,560,560,560,560,560,560,560,560,560
GET,/api/cart/add/anonymous-288/UHJ/1,2,0,13122.05745499989,16897.09264699991,13122.05745499989,20672.127838999928,139.5,0.0005516913697680932,0.0,21000,21000,21000,21000,21000,21000,21000,21000,21000,21000,21000
GET,/api/cart/add/anonymous-289/HPTD/1,2,0,6313.524553999969,7810.933330500006,6313.524553999969,9308.342107000044,160.5,0.0005516913697680932,0.0,9300,9300,9300,9300,9300,9300,9300,9300,9300,9300,9300
GET,/api/cart/add/anonymous-289/SHCE/1,1,0,40560.95303200004,40560.95303200004,40560.95303200004,40560.95303200004,213.0,0.0002758456848840466,0.0,41000,41000,41000,41000,41000,41000,41000,41000,41000,41000,41000
GET,/api/cart/add/anonymous-289/STAN-1/1,1,0,275.42807300005734,275.42807300005734,275.42807300005734,275.42807300005734,111.0,0.0002758456848840466,0.0,280,280,280,280,280,280,280,280,280,280,280
GET,/api/cart/add/anonymous-29/EPE/1,1,0,13.36114200000793,13.36114200000793,13.36114200000793,13.36114200000793,179.0,0.0002758456848840466,0.0,13,13,13,13,13,13,13,13,13,13,13
GET,/api/cart/add/anonymous-29/RMC/1,1,0,96.1724030000255,96.1724030000255,96.1724030000255,96.1724030000255,108.0,0.0002758456848840466,0.0,96,96,96,96,96,96,96,96,96,96,96
GET,/api/cart/add/anonymous-29/STAN-1/1,2,0,21.07406599998285,36.95776600000045,21.07406599998285,52.841466000018045,150.5,0.0005516913697680932,0.0,53,53,53,53,53,53,53,53,53,53,53
GET,/api/cart/add/anonymous-290/EMM/1,1,0,40394.715709000026,40394.715709000026,40394.715709000026,40394.715709000026,223.0,0.0002758456848840466,0.0,40000,40000,40000,40000,40000,40000,40000,40000,40000,40000,40000
GET,/api/cart/add/anonymous-290/HPTD/1,2,0,210.0,4623.2048205000065,207.72603900002196,9038.683601999992,121.0,0.0005516913697680932,0.0,9000,9000,9000,9000,9000,9000,9000,9000,9000,9000,9000
GET,/api/cart/add/anonymous-290/RED/1,1,0,1978.2456499999626,1978.2456499999626,1978.2456499999626,1978.2456499999626,219.0,0.0002758456848840466,0.0,2000,2000,2000,2000,2000,2000,2000,2000,2000,2000,2000
GET,/api/cart/add/anonymous-291/EPE/1,1,0,6322.7763469999445,6322.7763469999445,6322.7763469999445,6322.7763469999445,129.0,0.0002758456848840466,0.0,6300,6300,6300,6300,6300,6300,6300,6300,6300,6300,6300
GET,/api/cart/add/anonymous-291/RMC/1,1,0,13349.64413900002,13349.64413900002,13349.64413900002,13349.64413900002,108.0,0.0002758456848840466,0.0,13000,13000,13000,13000,13000,13000,13000,13000,13000,13000,13000
GET,/api/cart/add/anonymous-291/Watson/1,2,0,40421.44435400007,51297.856250000055,40421.44435400007,62174.26814600003,192.0,0.0005516913697680932,0.0,62000,62000,62000,62000,62000,62000,62000,62000,62000,62000,62000
GET,/api/cart/add/anonymous-292/HPTD/1,1,0,15576.979316000006,15576.979316000006,15576.979316000006,15576.979316000006,121.0,0.0002758456848840466,0.0,16000,16000,16000,16000,16000,16000,16000,16000,16000,16000,16000
GET,/api/cart/add/anonymous-292/RMC/1,1,0,20520.703863999985,20520.703863999985,20520.703863999985,20520.703863999985,199.0,0.0002758456848840466,0.0,21000,21000,21000,21000,21000,21000,21000,21000,21000,21000,21000
GET,/api/cart/add/anonymous-292/SHCE/1,1,0,62173.430726999984,62173.430726999984,62173.430726999984,62173.430726999984,198.0,0.0002758456848840466,0.0,62000,62000,62000,62000,62000,62000,62000,62000,62000,62000,62000
GET,/api/cart/add/anonymous-292/Watson/1,1,0,6322.777947000077,6322.777947000077,6322.777947000077,6322.777947000077,106.0,0.0002758456848840466,0.0,6300,6300,6300,6300,6300,6300,6300,6300,6300,6300,6300
GET,/api/cart/add/anonymous-293/EPE/1,1,0,62616.59630300005,62616.59630300005,62616.59630300005,62616.59630300005,200.0,0.0002758456848840466,0.0,63000,63000,63000,63000,63000,63000,63000,63000,63000,63000,63000
GET,/api/cart/add/anonymous-293/HPTD/1,1,0,9499.013450999995,9499.013450999995,9499.013450999995,9499.013450999995,121.0,0.0002758456848840466,0.0,9500,9500,9500,9500,9500,9500,9500,9500,9500,9500,9500
GET,/api/cart/add/anonymous-293/RED/1,1,0,40533.66435199996,40533.66435199996,40533.66435199996,40533.66435199996,219.0,0.0002758456848840466,0.0,41000,41000,41000,41000,41000,41000,41000,41000,41000,41000,41000
GET,/api/cart/add/anonymous-293/Watson/1,1,0,6315.582321000079,6315.582321000079,6315.582321000079,6315.582321000079,106.0,0.0002758456848840466,0.0,6300,6300,6300,6300,6300,6300,6300,6300,6300,6300,6300
GET,/api/cart/add/anonymous-294/EPE/1,1,0,13040.310904999955,13040.310904999955,13040.310904999955,13040.310904999955,129.0,0.0002758456848840466,0.0,13000,13000,13000,13000,13000,13000,13000,13000,13000,13000,13000
GET,/api/cart/add/anonymous-294/HPTD/1,1,0,1990.7916459999342,1990.7916459999342,1990.7916459999342,1990.7916459999342,121.0,0.0002758456848840466,0.0,2000,2000,2000,2000,2000,2000,2000,2000,2000,2000,2000
GET,/api/cart/add/anonymous-294/SHCE/1,1,0,31186.96583999997,31186.96583999997,31186.96583999997,31186.96583999997,222.0,0.0002758456848840466,0.0,31000,31000,31000,31000,31000,31000,31000,31000,31000,31000,31000
GET,/api/cart/add/anonymous-294/Watson/1,1,0,20175.842052999997,20175.842052999997,20175.842052999997,20175.842052999997,193.0,0.0002758456848840466,0.0,20000,20000,20000,20000,20000,20000,20000,20000,20000,20000,20000
GET,/api/cart/add/anonymous-295/EMM/1,1,0,1969.9423880000495,1969.9423880000495,1969.9423880000495,1969.9423880000495,137.0,0.0002758456848840466,0.0,2000,2000,2000,2000,2000,2000,2000,2000,2000,2000,2000
GET,/api/cart/add/anonymous-295/HPTD/1,1,0,1961.4208230000258,1961.4208230000258,1961.4208230000258,1961.4208230000258,223.0,0.0002758456848840466,0.0,2000,2000,2000,2000,2000,2000,2000,2000,2000,2000,2000
GET,/api/cart/add/anonymous-295/RED/1,1,0,28253.55370600005,28253.55370600005,28253.55370600005,28253.55370600005,196.0,0.0002758456848840466,0.0,28000,28000,28000,28000,28000,28000,28000,28000,28000,28000,28000
GET,/api/cart/add/anonymous-295/STAN-1/1,1,0,13081.763311999908,13081.763311999908,13081.763311999908,13081.763311999908,111.0,0.0002758456848840466,0.0,13000,13000,13000,13000,13000,13000,13000,13000,13000,13000,13000
GET,/api/cart/add/anonymous-296/EPE/1,2,0,9110.993800000073,24839.43144850002,9110.993800000073,40567.86909699997,165.0,0.0005516913697680932,0.0,41000,41000,41000,41000,41000,41000,41000,41000,41000,41000,41000
GET,/api/cart/add/anonymous-296/RED/1,1,0,62166.02999299994,62166.02999299994,62166.02999299994,62166.02999299994,132.0,0.0002758456848840466,0.0,62000,62000,62000,62000,62000,62000,62000,62000,62000,62000,62000
GET,/api/cart/add/anonymous-296/STAN-1/1,1,0,20818.251975000065,20818.251975000065,20818.251975000065,20818.251975000065,179.0,0.0002758456848840466,0.0,21000,21000,21000,21000,21000,21000,21000,21000,21000,21000,21000
GET,/api/cart/add/anonymous-297/EMM/1,1,0,1964.448477000019,1964.448477000019,1964.448477000019,1964.448477000019,137.0,0.0002758456848840466,0.0,2000,2000,2000,2000,2000,2000,2000,2000,2000,2000,2000
GET,/api/cart/add/anonymous-297/RMC/1,1,0,27520.393924000018,27520.393924000018,27520.393924000018,27520.393924000018,215.0,0.0002758456848840466,0.0,28000,28000,28000,28000,28000,28000,28000,28000,28000,28000,28000
GET,/api/cart/add/anonymous-297/SHCE/1,1,0,9472.526620000053,9472.526620000053,9472.526620000053,9472.526620000053,124.0,0.0002758456848840466,0.0,9500,9500,9500,9500,9500,9500,9500,9500,9500,9500,9500
GET,/api/cart/add/anonymous-297/STAN-1/1,1,0,40511.912590000065,40511.912590000065,40511.912590000065,40511.912590000065,203.0,0.0002758456848840466,0.0,41000,41000,41000,41000,41000,41000,41000,41000,41000,41000,41000
GET,/api/cart/add/anonymous-298/EPE/1,1,0,22735.558853000042,22735.558853000042,22735.558853000042,22735.558853000042,201.0,0.0002758456848840466,0.0,23000,23000,23000,23000,23000,23000,23000,23000,23000,23000,23000
GET,/api/cart/add/anonymous-298/RED/1,2,0,28000.0,34030.91550299996,27562.39833699999,40499.43266899993,167.0,0.0005516913697680932,0.0,40000,40000,40000,40000,40000,40000,40000,40000,40000,40000,40000
GET,/api/cart/add/anonymous-298/Watson/1,1,0,9203.079060000051,9203.079060000051,9203.079060000051,9203.079060000051,106.0,0.0002758456848840466,0.0,9200,9200,9200,9200,9200,9200,9200,9200,9200,9200,9200
GET,/api/cart/add/anonymous-299/EPE/1,1,0,40651.39118700006,40651.39118700006,40651.39118700006,40651.39118700006,129.0,0.0002758456848840466,0.0,41000,41000,41000,41000,41000,41000,41000,41000,41000,41000,41000
GET,/api/cart/add/anonymous-299/RMC/1,1,0,9076.200459000007,9076.200459000007,9076.200459000007,9076.200459000007,108.0,0.0002758456848840466,0.0,9100,9100,9100,9100,9100,9100,9100,9100,9100,9100,9100
GET,/api/cart/add/anonymous-299/SHCE/1,1,0,19010.727427999995,19010.727427999995,19010.727427999995,19010.727427999995,202.0,0.0002758456848840466,0.0,19000,19000,19000,19000,19000,19000,19000,19000,19000,19000,19000
GET,/api/cart/add/anonymous-299/UHJ/1,1,0,22581.71143800007,22581.71143800007,22581.71143800007,22581.71143800007,220.0,0.0002758456848840466,0.0,23000,23000,23000,23000,23000,23000,23000,23000,23000,23000,23000
GET,/api/cart/add/anonymous-3/EMM/1,1,0,44493.78854500037,44493.78854500037,44493.78854500037,44493.78854500037,137.0,0.0002758456848840466,0.0,44000,44000,44000,44000,44000,44000,44000,44000,44000,44000,44000
GET,/api/cart/add/anonymous-3/EPE/1,1,0,35769.99939500001,35769.99939500001,35769.99939500001,35769.99939500001,129.0,0.0002758456848840466,0.0,36000,36000,36000,36000,36000,36000,36000,36000,36000,36000,36000
GET,/api/cart/add/anonymous-3/HPTD/1,2,0,14,43.78228749996538,13.753642999972726,73.81093199995803,209.5,0.0005516913697680932,0.0,74,74,74,74,74,74,74,74,74,74,74
GET,/api/cart/add/anonymous-3/RED/1,1,0,110.19194700003254,110.19194700003254,110.19194700003254,110.19194700003254,132.0,0.0002758456848840466,0.0,110,110,110,110,110,110,110,110,110,110,110
GET,/api/cart/add/anonymous-3/STAN-1/1,1,0,37.54781899999671,37.54781899999671,37.54781899999671,37.54781899999671,111.0,0.0002758456848840466,0.0,38,38,38,38,38,38,38,38,38,38,38
GET,/api/cart/add/anonymous-3/Watson/1,1,0,25009.95399300018,25009.95399300018,25009.95399300018,25009.95399300018,200.0,0.0002758456848840466,0.0,25000,25000,25000,25000,25000,25000,25000,25000,25000,25000,25000
GET,/api/cart/add/anonymous-30/EMM/1,1,0,80.21395300005452,80.21395300005452,80.21395300005452,80.21395300005452,137.0,0.0002758456848840466,0.0,80,80,80,80,80,80,80,80,80,80,80
GET,/api/cart/add/anonymous-30/RMC/1,1,0,124.94859400004543,124.94859400004543,124.94859400004543,124.94859400004543,215.0,0.0002758456848840466,0.0,120,120,120,120,120,120,120,120,120,120,120
GET,/api/cart/add/anonymous-30/UHJ/1,1,0,31.286898999951518,31.286898999951518,31.286898999951518,31.286898999951518,138.0,0.0002758456848840466,0.0,31,31,31,31,31,31,31,31,31,31,31
GET,/api/cart/add/anonymous-30/Watson/1,1,0,39.298124000026746,39.298124000026746,39.298124000026746,39.298124000026746,209.0,0.0002758456848840466,0.0,39,39,39,39,39,39,39,39,39,39,39
GET,/api/cart/add/anonymous-300/SHCE/1,1,0,15751.24030400002,15751.24030400002,15751.24030400002,15751.24030400002,124.0,0.0002758456848840466,0.0,16000,16000,16000,16000,16000,16000,16000,16000,16000,16000,16000
GET,/api/cart/add/anonymous-300/UHJ/1,3,0,28000.0,27905.925194333347,15595.357707000061,40561.173983999994,169.66666666666666,0.0008275370546521397,0.0,28000,28000,41000,41000,41000,41000,41000,41000,41000,41000,41000
GET,/api/cart/add/anonymous-301/EPE/1,1,0,6672.229678999997,6672.229678999997,6672.229678999997,6672.229678999997,129.0,0.0002758456848840466,0.0,6700,6700,6700,6700,6700,6700,6700,6700,6700,6700,6700
GET,/api/cart/add/anonymous-301/RED/1,1,0,13032.277706999936,13032.277706999936,13032.277706999936,13032.277706999936,132.0,0.0002758456848840466,0.0,13000,13000,13000,13000,13000,13000,13000,13000,13000,13000,13000
GET,/api/cart/add/anonymous-301/STAN-1/1,1,0,40413.272374999906,40413.272374999906,40413.272374999906,40413.272374999906,196.0,0.0002758456848840466,0.0,40000,40000,40000,40000,40000,40000,40000,40000,40000,40000,40000
GET,/api/cart/add/anonymous-301/Watson/1,1,0,28416.62058599991,28416.62058599991,28416.62058599991,28416.62058599991,200.0,0.0002758456848840466,0.0,28000,28000,28000,28000,28000,28000,28000,28000,28000,28000,28000
GET,/api/cart/add/anonymous-302/EPE/1,1,0,51497.115151000005,51497.115151000005,51497.115151000005,51497.115151000005,129.0,0.0002758456848840466,0.0,51000,51000,51000,51000,51000,51000,51000,51000,51000,51000,51000
GET,/api/cart/add/anonymous-302/RMC/1,2,0,15283.211031999941,21386.96887049997,15283.211031999941,27490.726709000002,108.5,0.0005516913697680932,0.0,27000,27000,27000,27000,27000,27000,27000,27000,27000,27000,27000
GET,/api/cart/add/anonymous-302/SHCE/1,1,0,9709.077146000027,9709.077146000027,9709.077146000027,9709.077146000027,222.0,0.0002758456848840466,0.0,9700,9700,9700,9700,9700,9700,9700,9700,9700,9700,9700
GET,/api/cart/add/anonymous-303/HPTD/1,1,0,17641.34714799991,17641.34714799991,17641.34714799991,17641.34714799991,193.0,0.0002758456848840466,0.0,18000,18000,18000,18000,18000,18000,18000,18000,18000,18000,18000
GET,/api/cart/add/anonymous-303/RMC/1,1,0,51506.20987000002,51506.20987000002,51506.20987000002,51506.20987000002,108.0,0.0002758456848840466,0.0,52000,52000,52000,52000,52000,52000,52000,52000,52000,52000,52000
GET,/api/cart/add/anonymous-303/Watson/1,2,0,28207.621589999915,29098.860200999978,28207.621589999915,29990.09881200004,145.0,0.0005516913697680932,0.0,30000,30000,30000,30000,30000,30000,30000,30000,30000,30000,30000
GET,/api/cart/add/anonymous-304/EMM/1,1,0,19734.680411,19734.680411,19734.680411,19734.680411,201.0,0.0002758456848840466,0.0,20000,20000,20000,20000,20000,20000,20000,20000,20000,20000,20000
GET,/api/cart/add/anonymous-304/HPTD/1,1,0,9949.26438799996,9949.26438799996,9949.26438799996,9949.26438799996,199.0,0.0002758456848840466,0.0,9900,9900,9900,9900,9900,9900,9900,9900,9900,9900,9900
GET,/api/cart/add/anonymous-304/RMC/1,1,0,52276.70067300005,52276.70067300005,52276.70067300005,52276.70067300005,108.0,0.0002758456848840466,0.0,52000,52000,52000,52000,52000,52000,52000,52000,52000,52000,52000
GET,/api/cart/add/anonymous-304/STAN-1/1,1,0,16841.940033000013,16841.940033000013,16841.940033000013,16841.940033000013,111.0,0.0002758456848840466,0.0,17000,17000,17000,17000,17000,17000,17000,17000,17000,17000,17000
GET,/api/cart/add/anonymous-305/HPTD/1,1,0,15702.457136999896,15702.457136999896,15702.457136999896,15702.457136999896,226.0,0.0002758456848840466,0.0,16000,16000,16000,16000,16000,16000,16000,16000,16000,16000,16000
GET,/api/cart/add/anonymous-305/RMC/1,1,0,27307.113962000018,27307.113962000018,27307.113962000018,27307.113962000018,216.0,0.0002758456848840466,0.0,27000,27000,27000,27000,27000,27000,27000,27000,27000,27000,27000
GET,/api/cart/add/anonymous-305/UHJ/1,2,0,13140.296026999977,14000.435859499987,13140.296026999977,14860.575691999999,138.0,0.0005516913697680932,0.0,15000,15000,15000,15000,15000,15000,15000,15000,15000,15000,15000
GET,/api/cart/add/anonymous-306/EPE/1,1,0,22504.981970000015,22504.981970000015,22504.981970000015,22504.981970000015,220.0,0.0002758456848840466,0.0,23000,23000,23000,23000,23000,23000,23000,23000,23000,23000,23000
GET,/api/cart/add/anonymous-306/RED/1,2,0,15018.454576999942,20408.089660499965,15018.454576999942,25797.724743999992,133.0,0.0005516913697680932,0.0,26000,26000,26000,26000,26000,26000,26000,26000,26000,26000,26000
GET,/api/cart/add/anonymous-306/UHJ/1,1,0,23411.831017000055,23411.831017000055,23411.831017000055,23411.831017000055,138.0,0.0002758456848840466,0.0,23000,23000,23000,23000,23000,23000,23000,23000,23000,23000,23000
GET,/api/cart/add/anonymous-307/EPE/1,1,0,32175.25933100001,32175.25933100001,32175.25933100001,32175.25933100001,179.0,0.0002758456848840466,0.0,32000,32000,32000,32000,32000,32000,32000,32000,32000,32000,32000
GET,/api/cart/add/anonymous-307/STAN-1/1,2,0,17000.0,19094.28556299997,16826.980165999998,21361.590959999943,146.5,0.0005516913697680932,0.0,21000,21000,21000,21000,21000,21000,21000,21000,21000,21000,21000
GET,/api/cart/add/anonymous-307/Watson/1,1,0,13494.264509999994,13494.264509999994,13494.264509999994,13494.264509999994,106.0,0.0002758456848840466,0.0,13000,13000,13000,13000,13000,13000,13000,13000,13000,13000,13000
GET,/api/cart/add/anonymous-308/HPTD/1,1,0,22506.342924000022,22506.342924000022,22506.342924000022,22506.342924000022,121.0,0.0002758456848840466,0.0,23000,23000,23000,23000,23000,23000,23000,23000,23000,23000,23000
GET,/api/cart/add/anonymous-308/RED/1,2,0,18000.0,28682.11247800008,17617.04073100009,39747.18422500007,222.0,0.0005516913697680932,0.0,40000,40000,40000,40000,40000,40000,40000,40000,40000,40000,40000
GET,/api/cart/add/anonymous-308/SHCE/1,1,0,27804.53447100001,27804.53447100001,27804.53447100001,27804.53447100001,124.0,0.0002758456848840466,0.0,28000,28000,28000,28000,28000,28000,28000,28000,28000,28000,28000
GET,/api/cart/add/anonymous-309/EMM/1,1,0,19983.76025999994,19983.76025999994,19983.76025999994,19983.76025999994,206.0,0.0002758456848840466,0.0,20000,20000,20000,20000,20000,20000,20000,20000,20000,20000,20000
GET,/api/cart/add/anonymous-309/RMC/1,1,0,23340.33015199998,23340.33015199998,23340.33015199998,23340.33015199998,108.0,0.0002758456848840466,0.0,23000,23000,23000,23000,23000,23000,23000,23000,23000,23000,23000
GET,/api/cart/add/anonymous-309/UHJ/1,1,0,30847.269335999954,30847.269335999954,30847.269335999954,30847.269335999954,216.0,0.0002758456848840466,0.0,31000,31000,31000,31000,31000,31000,31000,31000,31000,31000,31000
GET,/api/cart/add/anonymous-309/Watson/1,1,0,9520.027371999959,9520.027371999959,9520.027371999959,9520.027371999959,106.0,0.0002758456848840466,0.0,9500,9500,9500,9500,9500,9500,9500,9500,9500,9500,9500
GET,/api/cart/add/anonymous-31/EMM/1,1,0,44.78864100002511,44.78864100002511,44.78864100002511,44.78864100002511,137.0,0.0002758456848840466,0.0,45,45,45,45,45,45,45,45,45,45,45
GET,/api/cart/add/anonymous-31/HPTD/1,1,0,114.97966200005294,114.97966200005294,114.97966200005294,114.97966200005294,121.0,0.0002758456848840466,0.0,110,110,110,110,110,110,110,110,110,110,110
GET,/api/cart/add/anonymous-31/RMC/1,1,0,59.64878800000406,59.64878800000406,59.64878800000406,59.64878800000406,199.0,0.0002758456848840466,0.0,60,60,60,60,60,60,60,60,60,60,60
GET,/api/cart/add/anonymous-31/UHJ/1,1,0,26970.21449099975,26970.21449099975,26970.21449099975,26970.21449099975,304.0,0.0002758456848840466,0.0,27000,27000,27000,27000,27000,27000,27000,27000,27000,27000,27000
GET,/api/cart/add/anonymous-31/Watson/1,1,0,78.85814899998422,78.85814899998422,78.85814899998422,78.85814899998422,206.0,0.0002758456848840466,0.0,79,79,79,79,79,79,79,79,79,79,79
GET,/api/cart/add/anonymous-310/EPE/1,1,0,13142.366957000035,13142.366957000035,13142.366957000035,13142.366957000035,129.0,0.0002758456848840466,0.0,13000,13000,13000,13000,13000,13000,13000,13000,13000,13000,13000
GET,/api/cart/add/anonymous-310/RED/1,2,0,18000.0,19677.625277999934,17922.795272999905,21432.455282999967,198.5,0.0005516913697680932,0.0,21000,21000,21000,21000,21000,21000,21000,21000,21000,21000,21000
GET,/api/cart/add/anonymous-310/STAN-1/1,1,0,22586.21369600007,22586.21369600007,22586.21369600007,22586.21369600007,111.0,0.0002758456848840466,0.0,23000,23000,23000,23000,23000,23000,23000,23000,23000,23000,23000
GET,/api/cart/add/anonymous-311/EPE/1,1,0,25069.976705000045,25069.976705000045,25069.976705000045,25069.976705000045,179.0,0.0002758456848840466,0.0,25000,25000,25000,25000,25000,25000,25000,25000,25000,25000,25000
GET,/api/cart/add/anonymous-311/HPTD/1,2,0,9500.0,15533.673499499968,9461.621882999907,21605.72511600003,121.0,0.0005516913697680932,0.0,22000,22000,22000,22000,22000,22000,22000,22000,22000,22000,22000
GET,/api/cart/add/anonymous-311/STAN-1/1,1,0,22723.17040500002,22723.17040500002,22723.17040500002,22723.17040500002,111.0,0.0002758456848840466,0.0,23000,23000,23000,23000,23000,23000,23000,23000,23000,23000,23000
GET,/api/cart/add/anonymous-312/HPTD/1,2,0,20000.0,20387.555344000022,19913.547171000006,20861.563517000035,196.0,0.0005516913697680932,0.0,21000,21000,21000,21000,21000,21000,21000,21000,21000,21000,21000
GET,/api/cart/add/anonymous-312/RMC/1,1,0,9877.670909000017,9877.670909000017,9877.670909000017,9877.670909000017,108.0,0.0002758456848840466,0.0,9900,9900,9900,9900,9900,9900,9900,9900,9900,9900,9900
GET,/api/cart/add/anonymous-312/Watson/1,1,0,13164.756405000047,13164.756405000047,13164.756405000047,13164.756405000047,106.0,0.0002758456848840466,0.0,13000,13000,13000,13000,13000,13000,13000,13000,13000,13000,13000
GET,/api/cart/add/anonymous-313/EPE/1,1,0,9825.432602999968,9825.432602999968,9825.432602999968,9825.432602999968,129.0,0.0002758456848840466,0.0,9800,9800,9800,9800,9800,9800,9800,9800,9800,9800,9800
GET,/api/cart/add/anonymous-313/RED/1,1,0,15629.914773999986,15629.914773999986,15629.914773999986,15629.914773999986,210.0,0.0002758456848840466,0.0,16000,16000,16000,16000,16000,16000,16000,16000,16000,16000,16000
GET,/api/cart/add/anonymous-313/RMC/1,2,0,17000.0,20092.54924800001,16865.783934999967,23319.314561000057,157.5,0.0005516913697680932,0.0,23000,23000,23000,23000,23000,23000,23000,23000,23000,23000,23000
GET,/api/cart/add/anonymous-314/EMM/1,1,0,9955.139135999958,9955.139135999958,9955.139135999958,9955.139135999958,137.0,0.0002758456848840466,0.0,10000,10000,10000,10000,10000,10000,10000,10000,10000,10000,10000
GET,/api/cart/add/anonymous-314/RED/1,1,0,19894.239388000075,19894.239388000075,19894.239388000075,19894.239388000075,221.0,0.0002758456848840466,0.0,20000,20000,20000,20000,20000,20000,20000,20000,20000,20000,20000
GET,/api/cart/add/anonymous-314/UHJ/1,1,0,28242.689208000003,28242.689208000003,28242.689208000003,28242.689208000003,209.0,0.0002758456848840466,0.0,28000,28000,28000,28000,28000,28000,28000,28000,28000,28000,28000
GET,/api/cart/add/anonymous-314/Watson/1,1,0,23332.29143999995,23332.29143999995,23332.29143999995,23332.29143999995,106.0,0.0002758456848840466,0.0,23000,23000,23000,23000,23000,23000,23000,23000,23000,23000,23000
GET,/api/cart/add/anonymous-315/EMM/1,1,0,31084.195423999972,31084.195423999972,31084.195423999972,31084.195423999972,215.0,0.0002758456848840466,0.0,31000,31000,31000,31000,31000,31000,31000,31000,31000,31000,31000
GET,/api/cart/add/anonymous-315/EPE/1,2,0,9900.0,14890.689987500025,9870.509423000043,19910.870552000008,129.5,0.0005516913697680932,0.0,20000,20000,20000,20000,20000,20000,20000,20000,20000,20000,20000
GET,/api/cart/add/anonymous-315/RMC/1,1,0,9308.886011000028,9308.886011000028,9308.886011000028,9308.886011000028,108.0,0.0002758456848840466,0.0,9300,9300,9300,9300,9300,9300,9300,9300,9300,9300,9300
GET,/api/cart/add/anonymous-316/EPE/1,1,0,30956.12002400003,30956.12002400003,30956.12002400003,30956.12002400003,200.0,0.0002758456848840466,0.0,31000,31000,31000,31000,31000,31000,31000,31000,31000,31000,31000
GET,/api/cart/add/anonymous-316/STAN-1/1,1,0,19999.329599999895,19999.329599999895,19999.329599999895,19999.329599999895,182.0,0.0002758456848840466,0.0,20000,20000,20000,20000,20000,20000,20000,20000,20000,20000,20000
GET,/api/cart/add/anonymous-316/Watson/1,2,0,10000.0,11524.088861999986,9968.473410000002,13079.70431399997,106.0,0.0005516913697680932,0.0,13000,13000,13000,13000,13000,13000,13000,13000,13000,13000,13000
GET,/api/cart/add/anonymous-317/EMM/1,1,0,13411.022241999945,13411.022241999945,13411.022241999945,13411.022241999945,137.0,0.0002758456848840466,0.0,13000,13000,13000,13000,13000,13000,13000,13000,13000,13000,13000
GET,/api/cart/add/anonymous-317/SHCE/1,2,0,17000.0,28463.71912899997,16756.729844000005,40170.708413999935,216.0,0.0005516913697680932,0.0,40000,40000,40000,40000,40000,40000,40000,40000,40000,40000,40000
GET,/api/cart/add/anonymous-317/STAN-1/1,1,0,16726.450275000047,16726.450275000047,16726.450275000047,16726.450275000047,111.0,0.0002758456848840466,0.0,17000,17000,17000,17000,17000,17000,17000,17000,17000,17000,17000
GET,/api/cart/add/anonymous-318/RMC/1,2,0,17000.0,19948.750205999942,16506.300402999954,23391.20000899993,108.0,0.0005516913697680932,0.0,23000,23000,23000,23000,23000,23000,23000,23000,23000,23000,23000
GET,/api/cart/add/anonymous-318/STAN-1/1,1,0,22684.057104999963,22684.057104999963,22684.057104999963,22684.057104999963,190.0,0.0002758456848840466,0.0,23000,23000,23000,23000,23000,23000,23000,23000,23000,23000,23000
GET,/api/cart/add/anonymous-318/UHJ/1,1,0,27068.319811000038,27068.319811000038,27068.319811000038,27068.319811000038,216.0,0.0002758456848840466,0.0,27000,27000,27000,27000,27000,27000,27000,27000,27000,27000,27000
GET,/api/cart/add/anonymous-319/EMM/1,1,0,15402.152068000078,15402.152068000078,15402.152068000078,15402.152068000078,137.0,0.0002758456848840466,0.0,15000,15000,15000,15000,15000,15000,15000,15000,15000,15000,15000
GET,/api/cart/add/anonymous-319/EPE/1,1,0,19960.06032799994,19960.06032799994,19960.06032799994,19960.06032799994,220.0,0.0002758456848840466,0.0,20000,20000,20000,20000,20000,20000,20000,20000,20000,20000,20000
GET,/api/cart/add/anonymous-319/HPTD/1,1,0,21495.802129000025,21495.802129000025,21495.802129000025,21495.802129000025,223.0,0.0002758456848840466,0.0,21000,21000,21000,21000,21000,21000,21000,21000,21000,21000,21000
GET,/api/cart/add/anonymous-319/UHJ/1,1,0,9788.762870000028,9788.762870000028,9788.762870000028,9788.762870000028,138.0,0.0002758456848840466,0.0,9800,9800,9800,9800,9800,9800,9800,9800,9800,9800,9800
GET,/api/cart/add/anonymous-32/RED/1,2,0,36.18771399999332,28558.499758500202,36.18771399999332,57080.81180300041,255.5,0.0005516913697680932,0.0,57000,57000,57000,57000,57000,57000,57000,57000,57000,57000,57000
GET,/api/cart/add/anonymous-32/SHCE/1,1,0,92.82919200001061,92.82919200001061,92.82919200001061,92.82919200001061,124.0,0.0002758456848840466,0.0,93,93,93,93,93,93,93,93,93,93,93
GET,/api/cart/add/anonymous-32/STAN-1/1,1,0,883.0398529999002,883.0398529999002,883.0398529999002,883.0398529999002,283.0,0.0002758456848840466,0.0,880,880,880,880,880,880,880,880,880,880,880
GET,/api/cart/add/anonymous-32/UHJ/1,2,0,38,52.22776400000839,37.61151800000562,66.84401000001117,219.5,0.0005516913697680932,0.0,67,67,67,67,67,67,67,67,67,67,67
GET,/api/cart/add/anonymous-320/STAN-1/1,3,0,24000.0,22901.06095833331,13369.909893,31086.02982100001,135.0,0.0008275370546521397,0.0,24000,24000,31000,31000,31000,31000,31000,31000,31000,31000,31000
GET,/api/cart/add/anonymous-320/Watson/1,1,0,34772.39668699997,34772.39668699997,34772.39668699997,34772.39668699997,106.0,0.0002758456848840466,0.0,35000,35000,35000,35000,35000,35000,35000,35000,35000,35000,35000
GET,/api/cart/add/anonymous-321/RED/1,1,0,24197.893324000004,24197.893324000004,24197.893324000004,24197.893324000004,202.0,0.0002758456848840466,0.0,24000,24000,24000,24000,24000,24000,24000,24000,24000,24000,24000
GET,/api/cart/add/anonymous-321/SHCE/1,1,0,39870.578176999974,39870.578176999974,39870.578176999974,39870.578176999974,203.0,0.0002758456848840466,0.0,40000,40000,40000,40000,40000,40000,40000,40000,40000,40000,40000
GET,/api/cart/add/anonymous-321/STAN-1/1,1,0,9073.277931000008,9073.277931000008,9073.277931000008,9073.277931000008,111.0,0.0002758456848840466,0.0,9100,9100,9100,9100,9100,9100,9100,9100,9100,9100,9100
GET,/api/cart/add/anonymous-321/Watson/1,1,0,16332.734124000013,16332.734124000013,16332.734124000013,16332.734124000013,106.0,0.0002758456848840466,0.0,16000,16000,16000,16000,16000,16000,16000,16000,16000,16000,16000
GET,/api/cart/add/anonymous-322/EMM/1,2,0,13336.24905900001,26541.548639500033,13336.24905900001,39746.84822000006,137.0,0.0005516913697680932,0.0,40000,40000,40000,40000,40000,40000,40000,40000,40000,40000,40000
GET,/api/cart/add/anonymous-322/SHCE/1,1,0,9639.748388000044,9639.748388000044,9639.748388000044,9639.748388000044,124.0,0.0002758456848840466,0.0,9600,9600,9600,9600,9600,9600,9600,9600,9600,9600,9600
GET,/api/cart/add/anonymous-322/UHJ/1,1,0,19932.19329500005,19932.19329500005,19932.19329500005,19932.19329500005,230.0,0.0002758456848840466,0.0,20000,20000,20000,20000,20000,20000,20000,20000,20000,20000,20000
GET,/api/cart/add/anonymous-323/HPTD/1,2,0,18000.0,20008.56463200006,17507.049778000008,22510.079486000108,121.0,0.0005516913697680932,0.0,23000,23000,23000,23000,23000,23000,23000,23000,23000,23000,23000
GET,/api/cart/add/anonymous-323/STAN-1/1,1,0,9462.29959499999,9462.29959499999,9462.29959499999,9462.29959499999,111.0,0.0002758456848840466,0.0,9500,9500,9500,9500,9500,9500,9500,9500,9500,9500,9500
GET,/api/cart/add/anonymous-323/Watson/1,1,0,40521.87674300001,40521.87674300001,40521.87674300001,40521.87674300001,182.0,0.0002758456848840466,0.0,41000,41000,41000,41000,41000,41000,41000,41000,41000,41000,41000
GET,/api/cart/add/anonymous-324/EMM/1,2,0,13491.514674999962,15190.24368449999,13491.514674999962,16888.97269400002,137.0,0.0005516913697680932,0.0,17000,17000,17000,17000,17000,17000,17000,17000,17000,17000,17000
GET,/api/cart/add/anonymous-324/HPTD/1,1,0,40486.22439299993,40486.22439299993,40486.22439299993,40486.22439299993,223.0,0.0002758456848840466,0.0,40000,40000,40000,40000,40000,40000,40000,40000,40000,40000,40000
GET,/api/cart/add/anonymous-324/Watson/1,1,0,19706.428144000027,19706.428144000027,19706.428144000027,19706.428144000027,206.0,0.0002758456848840466,0.0,20000,20000,20000,20000,20000,20000,20000,20000,20000,20000,20000
GET,/api/cart/add/anonymous-325/EPE/1,1,0,16655.90488700002,16655.90488700002,16655.90488700002,16655.90488700002,207.0,0.0002758456848840466,0.0,17000,17000,17000,17000,17000,17000,17000,17000,17000,17000,17000
GET,/api/cart/add/anonymous-325/RED/1,1,0,15465.639545000045,15465.639545000045,15465.639545000045,15465.639545000045,132.0,0.0002758456848840466,0.0,15000,15000,15000,15000,15000,15000,15000,15000,15000,15000,15000
GET,/api/cart/add/anonymous-325/RMC/1,2,0,10000.0,13543.696763000014,9999.852203000046,17087.541322999983,159.0,0.0005516913697680932,0.0,17000,17000,17000,17000,17000,17000,17000,17000,17000,17000,17000
GET,/api/cart/add/anonymous-326/EPE/1,1,0,13131.459219000022,13131.459219000022,13131.459219000022,13131.459219000022,129.0,0.0002758456848840466,0.0,13000,13000,13000,13000,13000,13000,13000,13000,13000,13000,13000
GET,/api/cart/add/anonymous-326/SHCE/1,1,0,19863.514807,19863.514807,19863.514807,19863.514807,198.0,0.0002758456848840466,0.0,20000,20000,20000,20000,20000,20000,20000,20000,20000,20000,20000
GET,/api/cart/add/anonymous-326/STAN-1/1,1,0,28233.243208999964,28233.243208999964,28233.243208999964,28233.243208999964,179.0,0.0002758456848840466,0.0,28000,28000,28000,28000,28000,28000,28000,28000,28000,28000,28000
GET,/api/cart/add/anonymous-326/Watson/1,1,0,9739.283717000035,9739.283717000035,9739.283717000035,9739.283717000035,106.0,0.0002758456848840466,0.0,9700,9700,9700,9700,9700,9700,9700,9700,9700,9700,9700
GET,/api/cart/add/anonymous-327/EPE/1,1,0,13542.70492899991,13542.70492899991,13542.70492899991,13542.70492899991,129.0,0.0002758456848840466,0.0,14000,14000,14000,14000,14000,14000,14000,14000,14000,14000,14000
GET,/api/cart/add/anonymous-327/RMC/1,1,0,17164.446967999993,17164.446967999993,17164.446967999993,17164.446967999993,184.0,0.0002758456848840466,0.0,17000,17000,17000,17000,17000,17000,17000,17000,17000,17000,17000
GET,/api/cart/add/anonymous-327/UHJ/1,1,0,40471.83364800003,40471.83364800003,40471.83364800003,40471.83364800003,220.0,0.0002758456848840466,0.0,40000,40000,40000,40000,40000,40000,40000,40000,40000,40000,40000
GET,/api/cart/add/anonymous-327/Watson/1,1,0,28417.78225500002,28417.78225500002,28417.78225500002,28417.78225500002,106.0,0.0002758456848840466,0.0,28000,28000,28000,28000,28000,28000,28000,28000,28000,28000,28000
GET,/api/cart/add/anonymous-328/EMM/1,2,0,17000.0,21943.153812499986,16763.95800199998,27122.34962299999,137.0,0.0005516913697680932,0.0,27000,27000,27000,27000,27000,27000,27000,27000,27000,27000,27000
GET,/api/cart/add/anonymous-328/RED/1,2,0,15227.955424999891,18009.3371989999,15227.955424999891,20790.71897299991,133.0,0.0005516913697680932,0.0,21000,21000,21000,21000,21000,21000,21000,21000,21000,21000,21000
GET,/api/cart/add/anonymous-329/HPTD/1,2,0,16406.51398199998,21608.69755799996,16406.51398199998,26810.88113399994,121.0,0.0005516913697680932,0.0,27000,27000,27000,27000,27000,27000,27000,27000,27000,27000,27000
GET,/api/cart/add/anonymous-329/RMC/1,1,0,24520.447763999982,24520.447763999982,24520.447763999982,24520.447763999982,190.0,0.0002758456848840466,0.0,25000,25000,25000,25000,25000,25000,25000,25000,25000,25000,25000
GET,/api/cart/add/anonymous-329/STAN-1/1,1,0,15394.475573000022,15394.475573000022,15394.475573000022,15394.475573000022,111.0,0.0002758456848840466,0.0,15000,15000,15000,15000,15000,15000,15000,15000,15000,15000,15000
GET,/api/cart/add/anonymous-33/EMM/1,1,0,875.6324529999802,875.6324529999802,875.6324529999802,875.6324529999802,298.0,0.0002758456848840466,0.0,880,880,880,880,880,880,880,880,880,880,880
GET,/api/cart/add/anonymous-33/HPTD/1,2,1,37,52496.09062499985,36.80381599997418,104955.37743399973,60.5,0.0005516913697680932,0.0002758456848840466,105000,105000,105000,105000,105000,105000,105000,105000,105000,105000,105000
GET,/api/cart/add/anonymous-33/RED/1,1,0,57081.60241200039,57081.60241200039,57081.60241200039,57081.60241200039,382.0,0.0002758456848840466,0.0,57000,57000,57000,57000,57000,57000,57000,57000,57000,57000,57000
GET,/api/cart/add/anonymous-33/SHCE/1,1,0,97.0322059999944,97.0322059999944,97.0322059999944,97.0322059999944,124.0,0.0002758456848840466,0.0,97,97,97,97,97,97,97,97,97,97,97
GET,/api/cart/add/anonymous-33/UHJ/1,1,0,21.568068000021867,21.568068000021867,21.568068000021867,21.568068000021867,226.0,0.0002758456848840466,0.0,22,22,22,22,22,22,22,22,22,22,22
GET,/api/cart/add/anonymous-33/Watson/1,1,0,82.20485900000085,82.20485900000085,82.20485900000085,82.20485900000085,198.0,0.0002758456848840466,0.0,82,82,82,82,82,82,82,82,82,82,82
GET,/api/cart/add/anonymous-330/EPE/1,1,0,13153.386788000034,13153.386788000034,13153.386788000034,13153.386788000034,129.0,0.0002758456848840466,0.0,13000,13000,13000,13000,13000,13000,13000,13000,13000,13000,13000
GET,/api/cart/add/anonymous-330/HPTD/1,1,0,20769.14886700001,20769.14886700001,20769.14886700001,20769.14886700001,217.0,0.0002758456848840466,0.0,21000,21000,21000,21000,21000,21000,21000,21000,21000,21000,21000
GET,/api/cart/add/anonymous-330/SHCE/1,1,0,16274.286967999957,16274.286967999957,16274.286967999957,16274.286967999957,198.0,0.0002758456848840466,0.0,16000,16000,16000,16000,16000,16000,16000,16000,16000,16000,16000
GET,/api/cart/add/anonymous-330/Watson/1,1,0,16818.64236199999,16818.64236199999,16818.64236199999,16818.64236199999,106.0,0.0002758456848840466,0.0,17000,17000,17000,17000,17000,17000,17000,17000,17000,17000,17000
GET,/api/cart/add/anonymous-331/HPTD/1,3,0,27000.0,23984.897218333343,16122.178350000013,28546.44677800002,121.0,0.0008275370546521397,0.0,27000,27000,29000,29000,29000,29000,29000,29000,29000,29000,29000
GET,/api/cart/add/anonymous-331/SHCE/1,1,0,28219.286940000075,28219.286940000075,28219.286940000075,28219.286940000075,213.0,0.0002758456848840466,0.0,28000,28000,28000,28000,28000,28000,28000,28000,28000,28000,28000
GET,/api/cart/add/anonymous-332/EMM/1,1,0,27568.32866100001,27568.32866100001,27568.32866100001,27568.32866100001,205.0,0.0002758456848840466,0.0,28000,28000,28000,28000,28000,28000,28000,28000,28000,28000,28000
GET,/api/cart/add/anonymous-332/EPE/1,1,0,16062.769741000011,16062.769741000011,16062.769741000011,16062.769741000011,129.0,0.0002758456848840466,0.0,16000,16000,16000,16000,16000,16000,16000,16000,16000,16000,16000
GET,/api/cart/add/anonymous-332/RMC/1,1,0,16947.967522,16947.967522,16947.967522,16947.967522,108.0,0.0002758456848840466,0.0,17000,17000,17000,17000,17000,17000,17000,17000,17000,17000,17000
GET,/api/cart/add/anonymous-332/Watson/1,1,0,32254.45965100005,32254.45965100005,32254.45965100005,32254.45965100005,184.0,0.0002758456848840466,0.0,32000,32000,32000,32000,32000,32000,32000,32000,32000,32000,32000
GET,/api/cart/add/anonymous-333/HPTD/1,1,0,17546.73028100001,17546.73028100001,17546.73028100001,17546.73028100001,200.0,0.0002758456848840466,0.0,18000,18000,18000,18000,18000,18000,18000,18000,18000,18000,18000
GET,/api/cart/add/anonymous-333/STAN-1/1,3,0,23000.0,21956.323026666683,15530.820502999974,27822.923081999987,111.33333333333333,0.0008275370546521397,0.0,23000,23000,28000,28000,28000,28000,28000,28000,28000,28000,28000
GET,/api/cart/add/anonymous-334/EMM/1,1,0,27139.11616100006,27139.11616100006,27139.11616100006,27139.11616100006,214.0,0.0002758456848840466,0.0,27000,27000,27000,27000,27000,27000,27000,27000,27000,27000,27000
GET,/api/cart/add/anonymous-334/HPTD/1,2,0,16475.13607399992,21866.44157199993,16475.13607399992,27257.747069999936,121.0,0.0005516913697680932,0.0,27000,27000,27000,27000,27000,27000,27000,27000,27000,27000,27000
GET,/api/cart/add/anonymous-334/UHJ/1,1,0,16353.74287000002,16353.74287000002,16353.74287000002,16353.74287000002,138.0,0.0002758456848840466,0.0,16000,16000,16000,16000,16000,16000,16000,16000,16000,16000,16000
GET,/api/cart/add/anonymous-335/EMM/1,1,0,39652.015955000024,39652.015955000024,39652.015955000024,39652.015955000024,206.0,0.0002758456848840466,0.0,40000,40000,40000,40000,40000,40000,40000,40000,40000,40000,40000
GET,/api/cart/add/anonymous-335/HPTD/1,1,0,9816.065389999949,9816.065389999949,9816.065389999949,9816.065389999949,121.0,0.0002758456848840466,0.0,9800,9800,9800,9800,9800,9800,9800,9800,9800,9800,9800
GET,/api/cart/add/anonymous-335/RED/1,1,0,17407.981289000076,17407.981289000076,17407.981289000076,17407.981289000076,219.0,0.0002758456848840466,0.0,17000,17000,17000,17000,17000,17000,17000,17000,17000,17000,17000
GET,/api/cart/add/anonymous-335/Watson/1,1,0,15018.26236599993,15018.26236599993,15018.26236599993,15018.26236599993,106.0,0.0002758456848840466,0.0,15000,15000,15000,15000,15000,15000,15000,15000,15000,15000,15000
GET,/api/cart/add/anonymous-336/EPE/1,1,0,27509.933002000027,27509.933002000027,27509.933002000027,27509.933002000027,222.0,0.0002758456848840466,0.0,28000,28000,28000,28000,28000,28000,28000,28000,28000,28000,28000
GET,/api/cart/add/anonymous-336/SHCE/1,2,0,9800.0,18834.779254499947,9755.873403999998,27913.6851049999,177.0,0.0005516913697680932,0.0,28000,28000,28000,28000,28000,28000,28000,28000,28000,28000,28000
GET,/api/cart/add/anonymous-336/UHJ/1,1,0,28407.856686000057,28407.856686000057,28407.856686000057,28407.856686000057,138.0,0.0002758456848840466,0.0,28000,28000,28000,28000,28000,28000,28000,28000,28000,28000,28000
GET,/api/cart/add/anonymous-337/EPE/1,1,0,40085.894462000055,40085.894462000055,40085.894462000055,40085.894462000055,201.0,0.0002758456848840466,0.0,40000,40000,40000,40000,40000,40000,40000,40000,40000,40000,40000
GET,/api/cart/add/anonymous-337/RED/1,1,0,15025.026550999995,15025.026550999995,15025.026550999995,15025.026550999995,132.0,0.0002758456848840466,0.0,15000,15000,15000,15000,15000,15000,15000,15000,15000,15000,15000
GET,/api/cart/add/anonymous-337/STAN-1/1,1,0,22494.43081900006,22494.43081900006,22494.43081900006,22494.43081900006,111.0,0.0002758456848840466,0.0,22000,22000,22000,22000,22000,22000,22000,22000,22000,22000,22000
GET,/api/cart/add/anonymous-337/Watson/1,1,0,23934.837989000014,23934.837989000014,23934.837989000014,23934.837989000014,182.0,0.0002758456848840466,0.0,24000,24000,24000,24000,24000,24000,24000,24000,24000,24000,24000
GET,/api/cart/add/anonymous-338/EMM/1,2,0,17228.635575999986,19976.343645999972,17228.635575999986,22724.05171599996,137.0,0.0005516913697680932,0.0,23000,23000,23000,23000,23000,23000,23000,23000,23000,23000,23000
GET,/api/cart/add/anonymous-338/SHCE/1,2,0,16000.0,21682.180718499978,15550.756947999958,27813.604488999998,124.5,0.0005516913697680932,0.0,28000,28000,28000,28000,28000,28000,28000,28000,28000,28000,28000
GET,/api/cart/add/anonymous-339/EMM/1,1,0,39681.19013199998,39681.19013199998,39681.19013199998,39681.19013199998,214.0,0.0002758456848840466,0.0,40000,40000,40000,40000,40000,40000,40000,40000,40000,40000,40000
GET,/api/cart/add/anonymous-339/RED/1,1,0,27220.468512000025,27220.468512000025,27220.468512000025,27220.468512000025,202.0,0.0002758456848840466,0.0,27000,27000,27000,27000,27000,27000,27000,27000,27000,27000,27000
GET,/api/cart/add/anonymous-339/UHJ/1,1,0,15107.332185000017,15107.332185000017,15107.332185000017,15107.332185000017,138.0,0.0002758456848840466,0.0,15000,15000,15000,15000,15000,15000,15000,15000,15000,15000,15000
GET,/api/cart/add/anonymous-339/Watson/1,1,0,16368.399137999972,16368.399137999972,16368.399137999972,16368.399137999972,106.0,0.0002758456848840466,0.0,16000,16000,16000,16000,16000,16000,16000,16000,16000,16000,16000
GET,/api/cart/add/anonymous-34/EMM/1,1,0,107.51513900004284,107.51513900004284,107.51513900004284,107.51513900004284,215.0,0.0002758456848840466,0.0,110,110,110,110,110,110,110,110,110,110,110
GET,/api/cart/add/anonymous-34/EPE/1,1,0,132774.39197100012,132774.39197100012,132774.39197100012,132774.39197100012,283.0,0.0002758456848840466,0.0,133000,133000,133000,133000,133000,133000,133000,133000,133000,133000,133000
GET,/api/cart/add/anonymous-34/RED/1,1,0,39.52192500003093,39.52192500003093,39.52192500003093,39.52192500003093,132.0,0.0002758456848840466,0.0,40,40,40,40,40,40,40,40,40,40,40
GET,/api/cart/add/anonymous-34/RMC/1,1,0,256.47540800002844,256.47540800002844,256.47540800002844,256.47540800002844,108.0,0.0002758456848840466,0.0,260,260,260,260,260,260,260,260,260,260,260
GET,/api/cart/add/anonymous-34/SHCE/1,1,0,51.779063000026326,51.779063000026326,51.779063000026326,51.779063000026326,225.0,0.0002758456848840466,0.0,52,52,52,52,52,52,52,52,52,52,52
GET,/api/cart/add/anonymous-34/STAN-1/1,1,0,43080.24458899991,43080.24458899991,43080.24458899991,43080.24458899991,359.0,0.0002758456848840466,0.0,43000,43000,43000,43000,43000,43000,43000,43000,43000,43000,43000
GET,/api/cart/add/anonymous-340/EPE/1,1,0,16310.003280000046,16310.003280000046,16310.003280000046,16310.003280000046,129.0,0.0002758456848840466,0.0,16000,16000,16000,16000,16000,16000,16000,16000,16000,16000,16000
GET,/api/cart/add/anonymous-340/RMC/1,1,0,27240.577627999985,27240.577627999985,27240.577627999985,27240.577627999985,207.0,0.0002758456848840466,0.0,27000,27000,27000,27000,27000,27000,27000,27000,27000,27000,27000
GET,/api/cart/add/anonymous-340/UHJ/1,1,0,16437.97963399993,16437.97963399993,16437.97963399993,16437.97963399993,138.0,0.0002758456848840466,0.0,16000,16000,16000,16000,16000,16000,16000,16000,16000,16000,16000
GET,/api/cart/add/anonymous-340/Watson/1,1,0,26508.647161999987,26508.647161999987,26508.647161999987,26508.647161999987,209.0,0.0002758456848840466,0.0,27000,27000,27000,27000,27000,27000,27000,27000,27000,27000,27000
GET,/api/cart/add/anonymous-341/EPE/1,1,0,15206.144465999954,15206.144465999954,15206.144465999954,15206.144465999954,129.0,0.0002758456848840466,0.0,15000,15000,15000,15000,15000,15000,15000,15000,15000,15000,15000
GET,/api/cart/add/anonymous-341/RMC/1,1,0,16366.491078999956,16366.491078999956,16366.491078999956,16366.491078999956,108.0,0.0002758456848840466,0.0,16000,16000,16000,16000,16000,16000,16000,16000,16000,16000,16000
GET,/api/cart/add/anonymous-341/SHCE/1,1,0,39848.62293699996,39848.62293699996,39848.62293699996,39848.62293699996,222.0,0.0002758456848840466,0.0,40000,40000,40000,40000,40000,40000,40000,40000,40000,40000,40000
GET,/api/cart/add/anonymous-341/Watson/1,1,0,27330.20748199999,27330.20748199999,27330.20748199999,27330.20748199999,184.0,0.0002758456848840466,0.0,27000,27000,27000,27000,27000,27000,27000,27000,27000,27000,27000
GET,/api/cart/add/anonymous-342/EMM/1,1,0,27214.63874799997,27214.63874799997,27214.63874799997,27214.63874799997,223.0,0.0002758456848840466,0.0,27000,27000,27000,27000,27000,27000,27000,27000,27000,27000,27000
GET,/api/cart/add/anonymous-342/HPTD/1,2,0,16000.0,16838.805801499973,15757.861209999988,17919.75039299996,173.5,0.0005516913697680932,0.0,18000,18000,18000,18000,18000,18000,18000,18000,18000,18000,18000
GET,/api/cart/add/anonymous-342/UHJ/1,1,0,29969.457765000014,29969.457765000014,29969.457765000014,29969.457765000014,138.0,0.0002758456848840466,0.0,30000,30000,30000,30000,30000,30000,30000,30000,30000,30000,30000
GET,/api/cart/add/anonymous-343/EPE/1,1,0,20101.44304100004,20101.44304100004,20101.44304100004,20101.44304100004,201.0,0.0002758456848840466,0.0,20000,20000,20000,20000,20000,20000,20000,20000,20000,20000,20000
GET,/api/cart/add/anonymous-343/HPTD/1,1,0,16777.25418199998,16777.25418199998,16777.25418199998,16777.25418199998,121.0,0.0002758456848840466,0.0,17000,17000,17000,17000,17000,17000,17000,17000,17000,17000,17000
GET,/api/cart/add/anonymous-343/RED/1,1,0,15216.83289900011,15216.83289900011,15216.83289900011,15216.83289900011,132.0,0.0002758456848840466,0.0,15000,15000,15000,15000,15000,15000,15000,15000,15000,15000,15000
GET,/api/cart/add/anonymous-343/STAN-1/1,1,0,26977.613063000033,26977.613063000033,26977.613063000033,26977.613063000033,200.0,0.0002758456848840466,0.0,27000,27000,27000,27000,27000,27000,27000,27000,27000,27000,27000
GET,/api/cart/add/anonymous-344/EMM/1,1,0,16726.078766,16726.078766,16726.078766,16726.078766,137.0,0.0002758456848840466,0.0,17000,17000,17000,17000,17000,17000,17000,17000,17000,17000,17000
GET,/api/cart/add/anonymous-344/HPTD/1,1,0,16384.39384100002,16384.39384100002,16384.39384100002,16384.39384100002,121.0,0.0002758456848840466,0.0,16000,16000,16000,16000,16000,16000,16000,16000,16000,16000,16000
GET,/api/cart/add/anonymous-344/RED/1,1,0,26821.548539000105,26821.548539000105,26821.548539000105,26821.548539000105,221.0,0.0002758456848840466,0.0,27000,27000,27000,27000,27000,27000,27000,27000,27000,27000,27000
GET,/api/cart/add/anonymous-344/UHJ/1,1,0,26499.534377000033,26499.534377000033,26499.534377000033,26499.534377000033,226.0,0.0002758456848840466,0.0,26000,26000,26000,26000,26000,26000,26000,26000,26000,26000,26000
GET,/api/cart/add/anonymous-345/EMM/1,2,0,9705.395974,14818.32030999999,9705.395974,19931.24464599998,137.0,0.0005516913697680932,0.0,20000,20000,20000,20000,20000,20000,20000,20000,20000,20000,20000
GET,/api/cart/add/anonymous-345/EPE/1,1,0,16366.617986000052,16366.617986000052,16366.617986000052,16366.617986000052,129.0,0.0002758456848840466,0.0,16000,16000,16000,16000,16000,16000,16000,16000,16000,16000,16000
GET,/api/cart/add/anonymous-345/STAN-1/1,1,0,32284.384335000028,32284.384335000028,32284.384335000028,32284.384335000028,179.0,0.0002758456848840466,0.0,32000,32000,32000,32000,32000,32000,32000,32000,32000,32000,32000
GET,/api/cart/add/anonymous-346/HPTD/1,1,0,15024.84274899996,15024.84274899996,15024.84274899996,15024.84274899996,121.0,0.0002758456848840466,0.0,15000,15000,15000,15000,15000,15000,15000,15000,15000,15000,15000
GET,/api/cart/add/anonymous-346/RED/1,1,0,16854.071479000027,16854.071479000027,16854.071479000027,16854.071479000027,132.0,0.0002758456848840466,0.0,17000,17000,17000,17000,17000,17000,17000,17000,17000,17000,17000
GET,/api/cart/add/anonymous-346/RMC/1,1,0,16753.585414999976,16753.585414999976,16753.585414999976,16753.585414999976,210.0,0.0002758456848840466,0.0,17000,17000,17000,17000,17000,17000,17000,17000,17000,17000,17000
GET,/api/cart/add/anonymous-346/Watson/1,1,0,39709.114268000005,39709.114268000005,39709.114268000005,39709.114268000005,193.0,0.0002758456848840466,0.0,40000,40000,40000,40000,40000,40000,40000,40000,40000,40000,40000
GET,/api/cart/add/anonymous-347/EPE/1,1,0,27531.66403800003,27531.66403800003,27531.66403800003,27531.66403800003,220.0,0.0002758456848840466,0.0,28000,28000,28000,28000,28000,28000,28000,28000,28000,28000,28000
GET,/api/cart/add/anonymous-347/SHCE/1,1,0,17164.35206999995,17164.35206999995,17164.35206999995,17164.35206999995,230.0,0.0002758456848840466,0.0,17000,17000,17000,17000,17000,17000,17000,17000,17000,17000,17000
GET,/api/cart/add/anonymous-347/UHJ/1,2,0,16082.695090999892,22267.704529999944,16082.695090999892,28452.713969,138.0,0.0005516913697680932,0.0,28000,28000,28000,28000,28000,28000,28000,28000,28000,28000,28000
GET,/api/cart/add/anonymous-348/RED/1,1,0,27585.48960399992,27585.48960399992,27585.48960399992,27585.48960399992,209.0,0.0002758456848840466,0.0,28000,28000,28000,28000,28000,28000,28000,28000,28000,28000,28000
GET,/api/cart/add/anonymous-348/STAN-1/1,2,0,16437.798832999986,21818.740689000035,16437.798832999986,27199.682545000087,111.5,0.0005516913697680932,0.0,27000,27000,27000,27000,27000,27000,27000,27000,27000,27000,27000
GET,/api/cart/add/anonymous-348/UHJ/1,1,0,15108.111994000068,15108.111994000068,15108.111994000068,15108.111994000068,138.0,0.0002758456848840466,0.0,15000,15000,15000,15000,15000,15000,15000,15000,15000,15000,15000
GET,/api/cart/add/anonymous-349/EPE/1,1,0,16884.97996600006,16884.97996600006,16884.97996600006,16884.97996600006,129.0,0.0002758456848840466,0.0,17000,17000,17000,17000,17000,17000,17000,17000,17000,17000,17000
GET,/api/cart/add/anonymous-349/RED/1,1,0,15216.993153999965,15216.993153999965,15216.993153999965,15216.993153999965,132.0,0.0002758456848840466,0.0,15000,15000,15000,15000,15000,15000,15000,15000,15000,15000,15000
GET,/api/cart/add/anonymous-349/SHCE/1,1,0,25635.01902600001,25635.01902600001,25635.01902600001,25635.01902600001,225.0,0.0002758456848840466,0.0,26000,26000,26000,26000,26000,26000,26000,26000,26000,26000,26000
GET,/api/cart/add/anonymous-349/UHJ/1,1,0,25636.04314899999,25636.04314899999,25636.04314899999,25636.04314899999,220.0,0.0002758456848840466,0.0,26000,26000,26000,26000,26000,26000,26000,26000,26000,26000,26000
GET,/api/cart/add/anonymous-35/EMM/1,1,0,132764.79793600037,132764.79793600037,132764.79793600037,132764.79793600037,283.0,0.0002758456848840466,0.0,133000,133000,133000,133000,133000,133000,133000,133000,133000,133000,133000
GET,/api/cart/add/anonymous-35/EPE/1,2,0,45,53.5229190000166,44.83024200004593,62.21559599998727,173.0,0.0005516913697680932,0.0,62,62,62,62,62,62,62,62,62,62,62
GET,/api/cart/add/anonymous-35/HPTD/1,1,0,40.91692900004773,40.91692900004773,40.91692900004773,40.91692900004773,121.0,0.0002758456848840466,0.0,41,41,41,41,41,41,41,41,41,41,41
GET,/api/cart/add/anonymous-35/STAN-1/1,2,0,110.0,21588.94174800008,107.58713899997474,43070.29635700019,223.5,0.0005516913697680932,0.0,43000,43000,43000,43000,43000,43000,43000,43000,43000,43000,43000
GET,/api/cart/add/anonymous-350/EMM/1,2,0,16000.0,22059.814585999957,15572.340585000005,28547.28858699991,137.0,0.0005516913697680932,0.0,29000,29000,29000,29000,29000,29000,29000,29000,29000,29000,29000
GET,/api/cart/add/anonymous-350/SHCE/1,1,0,27813.399989000005,27813.399989000005,27813.399989000005,27813.399989000005,229.0,0.0002758456848840466,0.0,28000,28000,28000,28000,28000,28000,28000,28000,28000,28000,28000
GET,/api/cart/add/anonymous-350/UHJ/1,1,0,28253.68624500004,28253.68624500004,28253.68624500004,28253.68624500004,214.0,0.0002758456848840466,0.0,28000,28000,28000,28000,28000,28000,28000,28000,28000,28000,28000
GET,/api/cart/add/anonymous-351/EMM/1,1,0,9619.646748000036,9619.646748000036,9619.646748000036,9619.646748000036,137.0,0.0002758456848840466,0.0,9600,9600,9600,9600,9600,9600,9600,9600,9600,9600,9600
GET,/api/cart/add/anonymous-351/RED/1,1,0,16885.838261000004,16885.838261000004,16885.838261000004,16885.838261000004,202.0,0.0002758456848840466,0.0,17000,17000,17000,17000,17000,17000,17000,17000,17000,17000,17000
GET,/api/cart/add/anonymous-351/STAN-1/1,1,0,19790.053613000055,19790.053613000055,19790.053613000055,19790.053613000055,201.0,0.0002758456848840466,0.0,20000,20000,20000,20000,20000,20000,20000,20000,20000,20000,20000
GET,/api/cart/add/anonymous-351/Watson/1,1,0,9765.744721999909,9765.744721999909,9765.744721999909,9765.744721999909,106.0,0.0002758456848840466,0.0,9800,9800,9800,9800,9800,9800,9800,9800,9800,9800,9800
GET,/api/cart/add/anonymous-352/SHCE/1,3,0,26000.0,25044.70487100002,17084.33018599999,32293.24468900006,159.66666666666666,0.0008275370546521397,0.0,26000,26000,32000,32000,32000,32000,32000,32000,32000,32000,32000
GET,/api/cart/add/anonymous-352/UHJ/1,1,0,16479.861968000023,16479.861968000023,16479.861968000023,16479.861968000023,138.0,0.0002758456848840466,0.0,16000,16000,16000,16000,16000,16000,16000,16000,16000,16000,16000
GET,/api/cart/add/anonymous-353/EMM/1,2,0,16340.882778000036,28083.70945750005,16340.882778000036,39826.53613700006,179.0,0.0005516913697680932,0.0,40000,40000,40000,40000,40000,40000,40000,40000,40000,40000,40000
GET,/api/cart/add/anonymous-353/EPE/1,1,0,16844.426021000003,16844.426021000003,16844.426021000003,16844.426021000003,205.0,0.0002758456848840466,0.0,17000,17000,17000,17000,17000,17000,17000,17000,17000,17000,17000
GET,/api/cart/add/anonymous-353/RED/1,1,0,15293.973662999975,15293.973662999975,15293.973662999975,15293.973662999975,132.0,0.0002758456848840466,0.0,15000,15000,15000,15000,15000,15000,15000,15000,15000,15000,15000
GET,/api/cart/add/anonymous-354/EPE/1,1,0,22583.35348999992,22583.35348999992,22583.35348999992,22583.35348999992,129.0,0.0002758456848840466,0.0,23000,23000,23000,23000,23000,23000,23000,23000,23000,23000,23000
GET,/api/cart/add/anonymous-354/RMC/1,1,0,26531.44798000005,26531.44798000005,26531.44798000005,26531.44798000005,216.0,0.0002758456848840466,0.0,27000,27000,27000,27000,27000,27000,27000,27000,27000,27000,27000
GET,/api/cart/add/anonymous-354/SHCE/1,1,0,23942.732048000038,23942.732048000038,23942.732048000038,23942.732048000038,222.0,0.0002758456848840466,0.0,24000,24000,24000,24000,24000,24000,24000,24000,24000,24000,24000
GET,/api/cart/add/anonymous-354/UHJ/1,1,0,16297.603796999965,16297.603796999965,16297.603796999965,16297.603796999965,138.0,0.0002758456848840466,0.0,16000,16000,16000,16000,16000,16000,16000,16000,16000,16000,16000
GET,/api/cart/add/anonymous-355/RED/1,1,0,27430.716763999953,27430.716763999953,27430.716763999953,27430.716763999953,210.0,0.0002758456848840466,0.0,27000,27000,27000,27000,27000,27000,27000,27000,27000,27000,27000
GET,/api/cart/add/anonymous-355/RMC/1,1,0,9628.070348000052,9628.070348000052,9628.070348000052,9628.070348000052,108.0,0.0002758456848840466,0.0,9600,9600,9600,9600,9600,9600,9600,9600,9600,9600,9600
GET,/api/cart/add/anonymous-355/STAN-1/1,1,0,24419.34469600005,24419.34469600005,24419.34469600005,24419.34469600005,182.0,0.0002758456848840466,0.0,24000,24000,24000,24000,24000,24000,24000,24000,24000,24000,24000
GET,/api/cart/add/anonymous-355/Watson/1,1,0,15622.553416000073,15622.553416000073,15622.553416000073,15622.553416000073,106.0,0.0002758456848840466,0.0,16000,16000,16000,16000,16000,16000,16000,16000,16000,16000,16000
GET,/api/cart/add/anonymous-356/EPE/1,1,0,37419.06756999993,37419.06756999993,37419.06756999993,37419.06756999993,217.0,0.0002758456848840466,0.0,37000,37000,37000,37000,37000,37000,37000,37000,37000,37000,37000
GET,/api/cart/add/anonymous-356/HPTD/1,1,0,22583.36498999995,22583.36498999995,22583.36498999995,22583.36498999995,121.0,0.0002758456848840466,0.0,23000,23000,23000,23000,23000,23000,23000,23000,23000,23000,23000
GET,/api/cart/add/anonymous-356/RMC/1,1,0,19611.686898000014,19611.686898000014,19611.686898000014,19611.686898000014,184.0,0.0002758456848840466,0.0,20000,20000,20000,20000,20000,20000,20000,20000,20000,20000,20000
GET,/api/cart/add/anonymous-356/Watson/1,1,0,16905.451898999898,16905.451898999898,16905.451898999898,16905.451898999898,106.0,0.0002758456848840466,0.0,17000,17000,17000,17000,17000,17000,17000,17000,17000,17000,17000
GET,/api/cart/add/anonymous-357/EMM/1,1,0,36142.175845999984,36142.175845999984,36142.175845999984,36142.175845999984,215.0,0.0002758456848840466,0.0,36000,36000,36000,36000,36000,36000,36000,36000,36000,36000,36000
GET,/api/cart/add/anonymous-357/RMC/1,1,0,28416.81271999994,28416.81271999994,28416.81271999994,28416.81271999994,108.0,0.0002758456848840466,0.0,28000,28000,28000,28000,28000,28000,28000,28000,28000,28000,28000
GET,/api/cart/add/anonymous-357/UHJ/1,1,0,29961.898873999984,29961.898873999984,29961.898873999984,29961.898873999984,138.0,0.0002758456848840466,0.0,30000,30000,30000,30000,30000,30000,30000,30000,30000,30000,30000
GET,/api/cart/add/anonymous-357/Watson/1,1,0,17928.430176999995,17928.430176999995,17928.430176999995,17928.430176999995,209.0,0.0002758456848840466,0.0,18000,18000,18000,18000,18000,18000,18000,18000,18000,18000,18000
GET,/api/cart/add/anonymous-358/HPTD/1,1,0,28523.93672300002,28523.93672300002,28523.93672300002,28523.93672300002,121.0,0.0002758456848840466,0.0,29000,29000,29000,29000,29000,29000,29000,29000,29000,29000,29000
GET,/api/cart/add/anonymous-358/RMC/1,2,0,16821.846112000003,16794.723114000022,16767.600116000038,16821.846112000003,153.5,0.0005516913697680932,0.0,17000,17000,17000,17000,17000,17000,17000,17000,17000,17000,17000
GET,/api/cart/add/anonymous-358/UHJ/1,1,0,27086.895536999917,27086.895536999917,27086.895536999917,27086.895536999917,216.0,0.0002758456848840466,0.0,27000,27000,27000,27000,27000,27000,27000,27000,27000,27000,27000
GET,/api/cart/add/anonymous-359/EMM/1,1,0,24095.23888000001,24095.23888000001,24095.23888000001,24095.23888000001,221.0,0.0002758456848840466,0.0,24000,24000,24000,24000,24000,24000,24000,24000,24000,24000,24000
GET,/api/cart/add/anonymous-359/RED/1,1,0,22617.328597000094,22617.328597000094,22617.328597000094,22617.328597000094,132.0,0.0002758456848840466,0.0,23000,23000,23000,23000,23000,23000,23000,23000,23000,23000,23000
GET,/api/cart/add/anonymous-359/RMC/1,1,0,9856.62839400004,9856.62839400004,9856.62839400004,9856.62839400004,108.0,0.0002758456848840466,0.0,9900,9900,9900,9900,9900,9900,9900,9900,9900,9900,9900
GET,/api/cart/add/anonymous-359/SHCE/1,1,0,17147.720967000056,17147.720967000056,17147.720967000056,17147.720967000056,202.0,0.0002758456848840466,0.0,17000,17000,17000,17000,17000,17000,17000,17000,17000,17000,17000
GET,/api/cart/add/anonymous-36/EMM/1,1,0,21037.775195999984,21037.775195999984,21037.775195999984,21037.775195999984,259.0,0.0002758456848840466,0.0,21000,21000,21000,21000,21000,21000,21000,21000,21000,21000,21000
GET,/api/cart/add/anonymous-36/EPE/1,1,0,69.89892000001419,69.89892000001419,69.89892000001419,69.89892000001419,207.0,0.0002758456848840466,0.0,70,70,70,70,70,70,70,70,70,70,70
GET,/api/cart/add/anonymous-36/RMC/1,1,0,88.04647800002385,88.04647800002385,88.04647800002385,88.04647800002385,108.0,0.0002758456848840466,0.0,88,88,88,88,88,88,88,88,88,88,88
GET,/api/cart/add/anonymous-36/STAN-1/1,1,0,432.91256500003783,432.91256500003783,432.91256500003783,432.91256500003783,182.0,0.0002758456848840466,0.0,430,430,430,430,430,430,430,430,430,430,430
GET,/api/cart/add/anonymous-36/Watson/1,1,0,40.57222799997362,40.57222799997362,40.57222799997362,40.57222799997362,106.0,0.0002758456848840466,0.0,41,41,41,41,41,41,41,41,41,41,41
GET,/api/cart/add/anonymous-360/EPE/1,1,0,27210.291792999895,27210.291792999895,27210.291792999895,27210.291792999895,207.0,0.0002758456848840466,0.0,27000,27000,27000,27000,27000,27000,27000,27000,27000,27000,27000
GET,/api/cart/add/anonymous-360/RMC/1,1,0,9507.887640000035,9507.887640000035,9507.887640000035,9507.887640000035,108.0,0.0002758456848840466,0.0,9500,9500,9500,9500,9500,9500,9500,9500,9500,9500,9500
GET,/api/cart/add/anonymous-360/STAN-1/1,1,0,9628.778656999999,9628.778656999999,9628.778656999999,9628.778656999999,111.0,0.0002758456848840466,0.0,9600,9600,9600,9600,9600,9600,9600,9600,9600,9600,9600
GET,/api/cart/add/anonymous-360/UHJ/1,1,0,25041.731335999997,25041.731335999997,25041.731335999997,25041.731335999997,191.0,0.0002758456848840466,0.0,25000,25000,25000,25000,25000,25000,25000,25000,25000,25000,25000
GET,/api/cart/add/anonymous-361/EMM/1,1,0,9866.938914000002,9866.938914000002,9866.938914000002,9866.938914000002,137.0,0.0002758456848840466,0.0,9900,9900,9900,9900,9900,9900,9900,9900,9900,9900,9900
GET,/api/cart/add/anonymous-361/HPTD/1,1,0,22682.32552500001,22682.32552500001,22682.32552500001,22682.32552500001,121.0,0.0002758456848840466,0.0,23000,23000,23000,23000,23000,23000,23000,23000,23000,23000,23000
GET,/api/cart/add/anonymous-361/SHCE/1,1,0,16955.836546,16955.836546,16955.836546,16955.836546,229.0,0.0002758456848840466,0.0,17000,17000,17000,17000,17000,17000,17000,17000,17000,17000,17000
GET,/api/cart/add/anonymous-361/STAN-1/1,1,0,16943.537471000014,16943.537471000014,16943.537471000014,16943.537471000014,200.0,0.0002758456848840466,0.0,17000,17000,17000,17000,17000,17000,17000,17000,17000,17000,17000
GET,/api/cart/add/anonymous-362/EMM/1,1,0,16467.133483999987,16467.133483999987,16467.133483999987,16467.133483999987,137.0,0.0002758456848840466,0.0,16000,16000,16000,16000,16000,16000,16000,16000,16000,16000,16000
GET,/api/cart/add/anonymous-362/HPTD/1,1,0,26949.74528799992,26949.74528799992,26949.74528799992,26949.74528799992,200.0,0.0002758456848840466,0.0,27000,27000,27000,27000,27000,27000,27000,27000,27000,27000,27000
GET,/api/cart/add/anonymous-362/RED/1,1,0,27237.84485800002,27237.84485800002,27237.84485800002,27237.84485800002,221.0,0.0002758456848840466,0.0,27000,27000,27000,27000,27000,27000,27000,27000,27000,27000,27000
GET,/api/cart/add/anonymous-362/STAN-1/1,1,0,16598.562634000016,16598.562634000016,16598.562634000016,16598.562634000016,111.0,0.0002758456848840466,0.0,17000,17000,17000,17000,17000,17000,17000,17000,17000,17000,17000
GET,/api/cart/add/anonymous-363/HPTD/1,1,0,16573.684550000053,16573.684550000053,16573.684550000053,16573.684550000053,121.0,0.0002758456848840466,0.0,17000,17000,17000,17000,17000,17000,17000,17000,17000,17000,17000
GET,/api/cart/add/anonymous-363/RED/1,1,0,32263.664928000027,32263.664928000027,32263.664928000027,32263.664928000027,219.0,0.0002758456848840466,0.0,32000,32000,32000,32000,32000,32000,32000,32000,32000,32000,32000
GET,/api/cart/add/anonymous-363/STAN-1/1,1,0,16995.76476599998,16995.76476599998,16995.76476599998,16995.76476599998,191.0,0.0002758456848840466,0.0,17000,17000,17000,17000,17000,17000,17000,17000,17000,17000,17000
GET,/api/cart/add/anonymous-363/UHJ/1,1,0,34752.973681999945,34752.973681999945,34752.973681999945,34752.973681999945,138.0,0.0002758456848840466,0.0,35000,35000,35000,35000,35000,35000,35000,35000,35000,35000,35000
GET,/api/cart/add/anonymous-364/EPE/1,2,0,17000.0,21269.81566349997,16759.55366200003,25780.07766499991,129.5,0.0005516913697680932,0.0,26000,26000,26000,26000,26000,26000,26000,26000,26000,26000,26000
GET,/api/cart/add/anonymous-364/STAN-1/1,1,0,26800.371649999986,26800.371649999986,26800.371649999986,26800.371649999986,191.0,0.0002758456848840466,0.0,27000,27000,27000,27000,27000,27000,27000,27000,27000,27000,27000
GET,/api/cart/add/anonymous-364/UHJ/1,1,0,16594.892597000013,16594.892597000013,16594.892597000013,16594.892597000013,138.0,0.0002758456848840466,0.0,17000,17000,17000,17000,17000,17000,17000,17000,17000,17000,17000
GET,/api/cart/add/anonymous-365/EMM/1,1,0,17013.866045999974,17013.866045999974,17013.866045999974,17013.866045999974,137.0,0.0002758456848840466,0.0,17000,17000,17000,17000,17000,17000,17000,17000,17000,17000,17000
GET,/api/cart/add/anonymous-365/RMC/1,1,0,26782.225165,26782.225165,26782.225165,26782.225165,202.0,0.0002758456848840466,0.0,27000,27000,27000,27000,27000,27000,27000,27000,27000,27000,27000
GET,/api/cart/add/anonymous-365/SHCE/1,1,0,16408.369821999942,16408.369821999942,16408.369821999942,16408.369821999942,124.0,0.0002758456848840466,0.0,16000,16000,16000,16000,16000,16000,16000,16000,16000,16000,16000
GET,/api/cart/add/anonymous-365/Watson/1,1,0,19763.370898000063,19763.370898000063,19763.370898000063,19763.370898000063,206.0,0.0002758456848840466,0.0,20000,20000,20000,20000,20000,20000,20000,20000,20000,20000,20000
GET,/api/cart/add/anonymous-366/RED/1,2,0,16205.886710000072,16505.939610500034,16205.886710000072,16805.992511,132.0,0.0005516913697680932,0.0,17000,17000,17000,17000,17000,17000,17000,17000,17000,17000,17000
GET,/api/cart/add/anonymous-366/RMC/1,1,0,26848.796114000037,26848.796114000037,26848.796114000037,26848.796114000037,210.0,0.0002758456848840466,0.0,27000,27000,27000,27000,27000,27000,27000,27000,27000,27000,27000
GET,/api/cart/add/anonymous-366/UHJ/1,1,0,25591.038605999984,25591.038605999984,25591.038605999984,25591.038605999984,209.0,0.0002758456848840466,0.0,26000,26000,26000,26000,26000,26000,26000,26000,26000,26000,26000
GET,/api/cart/add/anonymous-367/EPE/1,1,0,17988.415378000012,17988.415378000012,17988.415378000012,17988.415378000012,207.0,0.0002758456848840466,0.0,18000,18000,18000,18000,18000,18000,18000,18000,18000,18000,18000
GET,/api/cart/add/anonymous-367/RED/1,1,0,20109.294914999962,20109.294914999962,20109.294914999962,20109.294914999962,209.0,0.0002758456848840466,0.0,20000,20000,20000,20000,20000,20000,20000,20000,20000,20000,20000
GET,/api/cart/add/anonymous-367/RMC/1,1,0,29445.97807499997,29445.97807499997,29445.97807499997,29445.97807499997,108.0,0.0002758456848840466,0.0,29000,29000,29000,29000,29000,29000,29000,29000,29000,29000,29000
GET,/api/cart/add/anonymous-367/UHJ/1,1,0,15893.274356999995,15893.274356999995,15893.274356999995,15893.274356999995,138.0,0.0002758456848840466,0.0,16000,16000,16000,16000,16000,16000,16000,16000,16000,16000,16000
GET,/api/cart/add/anonymous-368/EPE/1,1,0,16399.563597999986,16399.563597999986,16399.563597999986,16399.563597999986,129.0,0.0002758456848840466,0.0,16000,16000,16000,16000,16000,16000,16000,16000,16000,16000,16000
GET,/api/cart/add/anonymous-368/STAN-1/1,2,0,11000.0,13744.435036000026,10832.208978000039,16656.661094000014,185.0,0.0005516913697680932,0.0,17000,17000,17000,17000,17000,17000,17000,17000,17000,17000,17000
GET,/api/cart/add/anonymous-368/UHJ/1,1,0,16821.447999000044,16821.447999000044,16821.447999000044,16821.447999000044,138.0,0.0002758456848840466,0.0,17000,17000,17000,17000,17000,17000,17000,17000,17000,17000,17000
GET,/api/cart/add/anonymous-369/EPE/1,2,0,26411.020998000025,27195.89627350001,26411.020998000025,27980.771548999997,193.0,0.0005516913697680932,0.0,28000,28000,28000,28000,28000,28000,28000,28000,28000,28000,28000
GET,/api/cart/add/anonymous-369/RMC/1,1,0,17076.021685,17076.021685,17076.021685,17076.021685,108.0,0.0002758456848840466,0.0,17000,17000,17000,17000,17000,17000,17000,17000,17000,17000,17000
GET,/api/cart/add/anonymous-369/STAN-1/1,1,0,27962.271192000004,27962.271192000004,27962.271192000004,27962.271192000004,111.0,0.0002758456848840466,0.0,28000,28000,28000,28000,28000,28000,28000,28000,28000,28000,28000
GET,/api/cart/add/anonymous-37/EMM/1,2,0,28.48068999998077,44.71954099997788,28.48068999998077,60.95839199997499,203.5,0.0005516913697680932,0.0,61,61,61,61,61,61,61,61,61,61,61
GET,/api/cart/add/anonymous-37/SHCE/1,1,0,21067.32358799991,21067.32358799991,21067.32358799991,21067.32358799991,124.0,0.0002758456848840466,0.0,21000,21000,21000,21000,21000,21000,21000,21000,21000,21000,21000
GET,/api/cart/add/anonymous-37/STAN-1/1,1,0,97.55810800004383,97.55810800004383,97.55810800004383,97.55810800004383,111.0,0.0002758456848840466,0.0,98,98,98,98,98,98,98,98,98,98,98
GET,/api/cart/add/anonymous-37/Watson/1,2,1,79,37460.633021999936,78.58394700002691,74842.68209699985,53.0,0.0005516913697680932,0.0002758456848840466,75000,75000,75000,75000,75000,75000,75000,75000,75000,75000,75000
GET,/api/cart/add/anonymous-370/EPE/1,1,0,20109.285019000024,20109.285019000024,20109.285019000024,20109.285019000024,200.0,0.0002758456848840466,0.0,20000,20000,20000,20000,20000,20000,20000,20000,20000,20000,20000
GET,/api/cart/add/anonymous-370/HPTD/1,1,0,19772.40469200001,19772.40469200001,19772.40469200001,19772.40469200001,226.0,0.0002758456848840466,0.0,20000,20000,20000,20000,20000,20000,20000,20000,20000,20000,20000
GET,/api/cart/add/anonymous-370/UHJ/1,1,0,17007.004263,17007.004263,17007.004263,17007.004263,138.0,0.0002758456848840466,0.0,17000,17000,17000,17000,17000,17000,17000,17000,17000,17000,17000
GET,/api/cart/add/anonymous-370/Watson/1,1,0,9719.837588000019,9719.837588000019,9719.837588000019,9719.837588000019,106.0,0.0002758456848840466,0.0,9700,9700,9700,9700,9700,9700,9700,9700,9700,9700,9700
GET,/api/cart/add/anonymous-371/EPE/1,1,0,19723.025258999995,19723.025258999995,19723.025258999995,19723.025258999995,217.0,0.0002758456848840466,0.0,20000,20000,20000,20000,20000,20000,20000,20000,20000,20000,20000
GET,/api/cart/add/anonymous-371/HPTD/1,1,0,28133.120086999952,28133.120086999952,28133.120086999952,28133.120086999952,121.0,0.0002758456848840466,0.0,28000,28000,28000,28000,28000,28000,28000,28000,28000,28000,28000
GET,/api/cart/add/anonymous-371/RED/1,1,0,17073.772760999986,17073.772760999986,17073.772760999986,17073.772760999986,132.0,0.0002758456848840466,0.0,17000,17000,17000,17000,17000,17000,17000,17000,17000,17000,17000
GET,/api/cart/add/anonymous-371/RMC/1,1,0,25777.63344599998,25777.63344599998,25777.63344599998,25777.63344599998,210.0,0.0002758456848840466,0.0,26000,26000,26000,26000,26000,26000,26000,26000,26000,26000,26000
GET,/api/cart/add/anonymous-372/EMM/1,1,0,19693.521066000016,19693.521066000016,19693.521066000016,19693.521066000016,206.0,0.0002758456848840466,0.0,20000,20000,20000,20000,20000,20000,20000,20000,20000,20000,20000
GET,/api/cart/add/anonymous-372/HPTD/1,1,0,22562.38954699995,22562.38954699995,22562.38954699995,22562.38954699995,121.0,0.0002758456848840466,0.0,23000,23000,23000,23000,23000,23000,23000,23000,23000,23000,23000
GET,/api/cart/add/anonymous-372/STAN-1/1,1,0,17546.81766099998,17546.81766099998,17546.81766099998,17546.81766099998,200.0,0.0002758456848840466,0.0,18000,18000,18000,18000,18000,18000,18000,18000,18000,18000,18000
GET,/api/cart/add/anonymous-372/Watson/1,1,0,28151.020156999948,28151.020156999948,28151.020156999948,28151.020156999948,106.0,0.0002758456848840466,0.0,28000,28000,28000,28000,28000,28000,28000,28000,28000,28000,28000
GET,/api/cart/add/anonymous-373/EMM/1,1,0,10824.417605999997,10824.417605999997,10824.417605999997,10824.417605999997,206.0,0.0002758456848840466,0.0,11000,11000,11000,11000,11000,11000,11000,11000,11000,11000,11000
GET,/api/cart/add/anonymous-373/RMC/1,1,0,19757.574448000014,19757.574448000014,19757.574448000014,19757.574448000014,184.0,0.0002758456848840466,0.0,20000,20000,20000,20000,20000,20000,20000,20000,20000,20000,20000
GET,/api/cart/add/anonymous-373/Watson/1,2,0,16391.25337500002,16410.515317000034,16391.25337500002,16429.777259000046,106.0,0.0005516913697680932,0.0,16000,16000,16000,16000,16000,16000,16000,16000,16000,16000,16000
GET,/api/cart/add/anonymous-374/STAN-1/1,2,0,26000.0,26797.87657000003,25593.594430000052,28002.158710000003,146.5,0.0005516913697680932,0.0,28000,28000,28000,28000,28000,28000,28000,28000,28000,28000,28000
GET,/api/cart/add/anonymous-374/Watson/1,2,0,11000.0,13808.035324499997,10832.334178999987,16783.736470000007,144.0,0.0005516913697680932,0.0,17000,17000,17000,17000,17000,17000,17000,17000,17000,17000,17000
GET,/api/cart/add/anonymous-375/RED/1,1,0,32314.72071099995,32314.72071099995,32314.72071099995,32314.72071099995,196.0,0.0002758456848840466,0.0,32000,32000,32000,32000,32000,32000,32000,32000,32000,32000,32000
GET,/api/cart/add/anonymous-375/SHCE/1,1,0,31258.206518000065,31258.206518000065,31258.206518000065,31258.206518000065,124.0,0.0002758456848840466,0.0,31000,31000,31000,31000,31000,31000,31000,31000,31000,31000,31000
GET,/api/cart/add/anonymous-375/STAN-1/1,2,0,16000.0,23422.76003699993,15739.59553499992,31105.92453899994,157.0,0.0005516913697680932,0.0,31000,31000,31000,31000,31000,31000,31000,31000,31000,31000,31000
GET,/api/cart/add/anonymous-376/EMM/1,1,0,19774.705406999943,19774.705406999943,19774.705406999943,19774.705406999943,215.0,0.0002758456848840466,0.0,20000,20000,20000,20000,20000,20000,20000,20000,20000,20000,20000
GET,/api/cart/add/anonymous-376/HPTD/1,1,0,19743.885735999924,19743.885735999924,19743.885735999924,19743.885735999924,213.0,0.0002758456848840466,0.0,20000,20000,20000,20000,20000,20000,20000,20000,20000,20000,20000
GET,/api/cart/add/anonymous-376/RMC/1,1,0,16825.351701000043,16825.351701000043,16825.351701000043,16825.351701000043,108.0,0.0002758456848840466,0.0,17000,17000,17000,17000,17000,17000,17000,17000,17000,17000,17000
GET,/api/cart/add/anonymous-376/SHCE/1,1,0,16301.264391000019,16301.264391000019,16301.264391000019,16301.264391000019,124.0,0.0002758456848840466,0.0,16000,16000,16000,16000,16000,16000,16000,16000,16000,16000,16000
GET,/api/cart/add/anonymous-377/HPTD/1,1,0,16474.197603999983,16474.197603999983,16474.197603999983,16474.197603999983,121.0,0.0002758456848840466,0.0,16000,16000,16000,16000,16000,16000,16000,16000,16000,16000,16000
GET,/api/cart/add/anonymous-377/RMC/1,1,0,17824.463665000054,17824.463665000054,17824.463665000054,17824.463665000054,184.0,0.0002758456848840466,0.0,18000,18000,18000,18000,18000,18000,18000,18000,18000,18000,18000
GET,/api/cart/add/anonymous-377/UHJ/1,1,0,10824.262103000023,10824.262103000023,10824.262103000023,10824.262103000023,226.0,0.0002758456848840466,0.0,11000,11000,11000,11000,11000,11000,11000,11000,11000,11000,11000
GET,/api/cart/add/anonymous-377/Watson/1,1,0,29556.701786000078,29556.701786000078,29556.701786000078,29556.701786000078,106.0,0.0002758456848840466,0.0,30000,30000,30000,30000,30000,30000,30000,30000,30000,30000,30000
GET,/api/cart/add/anonymous-378/EPE/1,2,0,9748.800435000021,13327.911677999964,9748.800435000021,16907.02292099991,129.0,0.0005516913697680932,0.0,17000,17000,17000,17000,17000,17000,17000,17000,17000,17000,17000
GET,/api/cart/add/anonymous-378/SHCE/1,1,0,19589.26608799993,19589.26608799993,19589.26608799993,19589.26608799993,222.0,0.0002758456848840466,0.0,20000,20000,20000,20000,20000,20000,20000,20000,20000,20000,20000
GET,/api/cart/add/anonymous-378/STAN-1/1,1,0,20783.91860800002,20783.91860800002,20783.91860800002,20783.91860800002,179.0,0.0002758456848840466,0.0,21000,21000,21000,21000,21000,21000,21000,21000,21000,21000,21000
GET,/api/cart/add/anonymous-379/HPTD/1,1,0,26810.29713299995,26810.29713299995,26810.29713299995,26810.29713299995,219.0,0.0002758456848840466,0.0,27000,27000,27000,27000,27000,27000,27000,27000,27000,27000,27000
GET,/api/cart/add/anonymous-379/RED/1,1,0,16404.709679000007,16404.709679000007,16404.709679000007,16404.709679000007,132.0,0.0002758456848840466,0.0,16000,16000,16000,16000,16000,16000,16000,16000,16000,16000,16000
GET,/api/cart/add/anonymous-379/UHJ/1,2,0,17000.0,18127.022108999994,16703.67821299999,19550.366005,139.5,0.0005516913697680932,0.0,20000,20000,20000,20000,20000,20000,20000,20000,20000,20000,20000
GET,/api/cart/add/anonymous-38/EPE/1,2,0,48,20574.222277000074,47.700751000036234,41100.743803000114,164.5,0.0005516913697680932,0.0,41000,41000,41000,41000,41000,41000,41000,41000,41000,41000,41000
GET,/api/cart/add/anonymous-38/RED/1,1,0,31.747399999972004,31.747399999972004,31.747399999972004,31.747399999972004,209.0,0.0002758456848840466,0.0,32,32,32,32,32,32,32,32,32,32,32
GET,/api/cart/add/anonymous-38/UHJ/1,1,0,140.19624100001238,140.19624100001238,140.19624100001238,140.19624100001238,138.0,0.0002758456848840466,0.0,140,140,140,140,140,140,140,140,140,140,140
GET,/api/cart/add/anonymous-38/Watson/1,2,0,94,23704.68545849991,93.94269699998858,47315.42821999983,153.0,0.0005516913697680932,0.0,47000,47000,47000,47000,47000,47000,47000,47000,47000,47000,47000
GET,/api/cart/add/anonymous-380/SHCE/1,2,0,17000.0,24563.857862500015,16824.563232999935,32303.152492000096,124.5,0.0005516913697680932,0.0,32000,32000,32000,32000,32000,32000,32000,32000,32000,32000,32000
GET,/api/cart/add/anonymous-380/STAN-1/1,1,0,26480.613799000024,26480.613799000024,26480.613799000024,26480.613799000024,182.0,0.0002758456848840466,0.0,26000,26000,26000,26000,26000,26000,26000,26000,26000,26000,26000
GET,/api/cart/add/anonymous-380/Watson/1,1,0,16402.804492000087,16402.804492000087,16402.804492000087,16402.804492000087,106.0,0.0002758456848840466,0.0,16000,16000,16000,16000,16000,16000,16000,16000,16000,16000,16000
GET,/api/cart/add/anonymous-381/EMM/1,2,0,17000.0,22593.11300000002,16893.528937000043,28292.697062999992,214.5,0.0005516913697680932,0.0,28000,28000,28000,28000,28000,28000,28000,28000,28000,28000,28000
GET,/api/cart/add/anonymous-381/HPTD/1,1,0,28062.15113999997,28062.15113999997,28062.15113999997,28062.15113999997,121.0,0.0002758456848840466,0.0,28000,28000,28000,28000,28000,28000,28000,28000,28000,28000,28000
GET,/api/cart/add/anonymous-381/Watson/1,1,0,16400.28878199996,16400.28878199996,16400.28878199996,16400.28878199996,106.0,0.0002758456848840466,0.0,16000,16000,16000,16000,16000,16000,16000,16000,16000,16000,16000
GET,/api/cart/add/anonymous-382/EPE/1,2,0,18271.967837000033,24171.81030950002,18271.967837000033,30071.652782,129.5,0.0005516913697680932,0.0,30000,30000,30000,30000,30000,30000,30000,30000,30000,30000,30000
GET,/api/cart/add/anonymous-382/RED/1,1,0,32062.19115800002,32062.19115800002,32062.19115800002,32062.19115800002,196.0,0.0002758456848840466,0.0,32000,32000,32000,32000,32000,32000,32000,32000,32000,32000,32000
GET,/api/cart/add/anonymous-382/STAN-1/1,1,0,16749.71495200009,16749.71495200009,16749.71495200009,16749.71495200009,111.0,0.0002758456848840466,0.0,17000,17000,17000,17000,17000,17000,17000,17000,17000,17000,17000
GET,/api/cart/add/anonymous-383/EMM/1,1,0,16403.804368999998,16403.804368999998,16403.804368999998,16403.804368999998,137.0,0.0002758456848840466,0.0,16000,16000,16000,16000,16000,16000,16000,16000,16000,16000,16000
GET,/api/cart/add/anonymous-383/HPTD/1,1,0,16408.62787799995,16408.62787799995,16408.62787799995,16408.62787799995,121.0,0.0002758456848840466,0.0,16000,16000,16000,16000,16000,16000,16000,16000,16000,16000,16000
GET,/api/cart/add/anonymous-383/RED/1,1,0,26369.290103000025,26369.290103000025,26369.290103000025,26369.290103000025,221.0,0.0002758456848840466,0.0,26000,26000,26000,26000,26000,26000,26000,26000,26000,26000,26000
GET,/api/cart/add/anonymous-383/UHJ/1,1,0,16904.533441000014,16904.533441000014,16904.533441000014,16904.533441000014,226.0,0.0002758456848840466,0.0,17000,17000,17000,17000,17000,17000,17000,17000,17000,17000,17000
GET,/api/cart/add/anonymous-384/EMM/1,1,0,31728.975183999977,31728.975183999977,31728.975183999977,31728.975183999977,223.0,0.0002758456848840466,0.0,32000,32000,32000,32000,32000,32000,32000,32000,32000,32000,32000
GET,/api/cart/add/anonymous-384/HPTD/1,2,0,11000.0,19318.179677499986,10803.093107999985,27833.266246999985,160.0,0.0005516913697680932,0.0,28000,28000,28000,28000,28000,28000,28000,28000,28000,28000,28000
GET,/api/cart/add/anonymous-384/RMC/1,1,0,28014.158731000065,28014.158731000065,28014.158731000065,28014.158731000065,108.0,0.0002758456848840466,0.0,28000,28000,28000,28000,28000,28000,28000,28000,28000,28000,28000
GET,/api/cart/add/anonymous-385/EMM/1,1,0,16409.44798700002,16409.44798700002,16409.44798700002,16409.44798700002,137.0,0.0002758456848840466,0.0,16000,16000,16000,16000,16000,16000,16000,16000,16000,16000,16000
GET,/api/cart/add/anonymous-385/EPE/1,1,0,19662.16959099995,19662.16959099995,19662.16959099995,19662.16959099995,222.0,0.0002758456848840466,0.0,20000,20000,20000,20000,20000,20000,20000,20000,20000,20000,20000
GET,/api/cart/add/anonymous-385/SHCE/1,1,0,16402.029247000086,16402.029247000086,16402.029247000086,16402.029247000086,124.0,0.0002758456848840466,0.0,16000,16000,16000,16000,16000,16000,16000,16000,16000,16000,16000
GET,/api/cart/add/anonymous-385/STAN-1/1,1,0,19734.993519,19734.993519,19734.993519,19734.993519,201.0,0.0002758456848840466,0.0,20000,20000,20000,20000,20000,20000,20000,20000,20000,20000,20000
GET,/api/cart/add/anonymous-386/EMM/1,2,0,9800.0,20516.27196650003,9767.055036000102,31265.488896999956,137.0,0.0005516913697680932,0.0,31000,31000,31000,31000,31000,31000,31000,31000,31000,31000,31000
GET,/api/cart/add/anonymous-386/SHCE/1,1,0,31685.32564499992,31685.32564499992,31685.32564499992,31685.32564499992,229.0,0.0002758456848840466,0.0,32000,32000,32000,32000,32000,32000,32000,32000,32000,32000,32000
GET,/api/cart/add/anonymous-386/UHJ/1,1,0,27498.068484999974,27498.068484999974,27498.068484999974,27498.068484999974,214.0,0.0002758456848840466,0.0,27000,27000,27000,27000,27000,27000,27000,27000,27000,27000,27000
GET,/api/cart/add/anonymous-387/EPE/1,1,0,19603.079316000047,19603.079316000047,19603.079316000047,19603.079316000047,179.0,0.0002758456848840466,0.0,20000,20000,20000,20000,20000,20000,20000,20000,20000,20000,20000
GET,/api/cart/add/anonymous-387/HPTD/1,1,0,27501.516023000022,27501.516023000022,27501.516023000022,27501.516023000022,199.0,0.0002758456848840466,0.0,28000,28000,28000,28000,28000,28000,28000,28000,28000,28000,28000
GET,/api/cart/add/anonymous-387/RMC/1,1,0,15902.71425800006,15902.71425800006,15902.71425800006,15902.71425800006,108.0,0.0002758456848840466,0.0,16000,16000,16000,16000,16000,16000,16000,16000,16000,16000,16000
GET,/api/cart/add/anonymous-387/STAN-1/1,1,0,16815.47962700006,16815.47962700006,16815.47962700006,16815.47962700006,111.0,0.0002758456848840466,0.0,17000,17000,17000,17000,17000,17000,17000,17000,17000,17000,17000
GET,/api/cart/add/anonymous-388/EPE/1,1,0,9806.787396999993,9806.787396999993,9806.787396999993,9806.787396999993,129.0,0.0002758456848840466,0.0,9800,9800,9800,9800,9800,9800,9800,9800,9800,9800,9800
GET,/api/cart/add/anonymous-388/STAN-1/1,1,0,16705.424727000034,16705.424727000034,16705.424727000034,16705.424727000034,111.0,0.0002758456848840466,0.0,17000,17000,17000,17000,17000,17000,17000,17000,17000,17000,17000
GET,/api/cart/add/anonymous-388/Watson/1,2,0,17000.0,21301.269077500023,16956.851510999968,25645.68664400008,191.0,0.0005516913697680932,0.0,26000,26000,26000,26000,26000,26000,26000,26000,26000,26000,26000
GET,/api/cart/add/anonymous-389/EMM/1,1,0,16413.28488099998,16413.28488099998,16413.28488099998,16413.28488099998,137.0,0.0002758456848840466,0.0,16000,16000,16000,16000,16000,16000,16000,16000,16000,16000,16000
GET,/api/cart/add/anonymous-389/RED/1,2,0,22496.355171000003,24639.812226000002,22496.355171000003,26783.269281,176.5,0.0005516913697680932,0.0,27000,27000,27000,27000,27000,27000,27000,27000,27000,27000,27000
GET,/api/cart/add/anonymous-389/STAN-1/1,1,0,17997.101118999923,17997.101118999923,17997.101118999923,17997.101118999923,196.0,0.0002758456848840466,0.0,18000,18000,18000,18000,18000,18000,18000,18000,18000,18000,18000
GET,/api/cart/add/anonymous-39/EMM/1,1,0,123.50808899998356,123.50808899998356,123.50808899998356,123.50808899998356,137.0,0.0002758456848840466,0.0,120,120,120,120,120,120,120,120,120,120,120
GET,/api/cart/add/anonymous-39/EPE/1,1,0,28694.45127400013,28694.45127400013,28694.45127400013,28694.45127400013,378.0,0.0002758456848840466,0.0,29000,29000,29000,29000,29000,29000,29000,29000,29000,29000,29000
GET,/api/cart/add/anonymous-39/HPTD/1,1,0,57.03987999999072,57.03987999999072,57.03987999999072,57.03987999999072,193.0,0.0002758456848840466,0.0,57,57,57,57,57,57,57,57,57,57,57
GET,/api/cart/add/anonymous-39/SHCE/1,1,0,43083.26142899977,43083.26142899977,43083.26142899977,43083.26142899977,283.0,0.0002758456848840466,0.0,43000,43000,43000,43000,43000,43000,43000,43000,43000,43000,43000
GET,/api/cart/add/anonymous-39/STAN-1/1,1,0,30.769797000004928,30.769797000004928,30.769797000004928,30.769797000004928,201.0,0.0002758456848840466,0.0,31,31,31,31,31,31,31,31,31,31,31
GET,/api/cart/add/anonymous-39/Watson/1,1,0,86.98417399995151,86.98417399995151,86.98417399995151,86.98417399995151,106.0,0.0002758456848840466,0.0,87,87,87,87,87,87,87,87,87,87,87
GET,/api/cart/add/anonymous-390/EMM/1,1,0,16814.702114000058,16814.702114000058,16814.702114000058,16814.702114000058,137.0,0.0002758456848840466,0.0,17000,17000,17000,17000,17000,17000,17000,17000,17000,17000,17000
GET,/api/cart/add/anonymous-390/HPTD/1,1,0,9716.58563599999,9716.58563599999,9716.58563599999,9716.58563599999,121.0,0.0002758456848840466,0.0,9700,9700,9700,9700,9700,9700,9700,9700,9700,9700,9700
GET,/api/cart/add/anonymous-390/RED/1,1,0,19591.90371,19591.90371,19591.90371,19591.90371,221.0,0.0002758456848840466,0.0,20000,20000,20000,20000,20000,20000,20000,20000,20000,20000,20000
GET,/api/cart/add/anonymous-390/RMC/1,1,0,27419.035102999944,27419.035102999944,27419.035102999944,27419.035102999944,199.0,0.0002758456848840466,0.0,27000,27000,27000,27000,27000,27000,27000,27000,27000,27000,27000
GET,/api/cart/add/anonymous-391/EMM/1,2,0,16417.83732900001,21595.661856499988,16417.83732900001,26773.486383999967,137.0,0.0005516913697680932,0.0,27000,27000,27000,27000,27000,27000,27000,27000,27000,27000,27000
GET,/api/cart/add/anonymous-391/HPTD/1,1,0,17834.165638999933,17834.165638999933,17834.165638999933,17834.165638999933,193.0,0.0002758456848840466,0.0,18000,18000,18000,18000,18000,18000,18000,18000,18000,18000,18000
GET,/api/cart/add/anonymous-391/Watson/1,1,0,9600.969310999972,9600.969310999972,9600.969310999972,9600.969310999972,106.0,0.0002758456848840466,0.0,9600,9600,9600,9600,9600,9600,9600,9600,9600,9600,9600
GET,/api/cart/add/anonymous-392/HPTD/1,1,0,28276.943218999917,28276.943218999917,28276.943218999917,28276.943218999917,121.0,0.0002758456848840466,0.0,28000,28000,28000,28000,28000,28000,28000,28000,28000,28000,28000
GET,/api/cart/add/anonymous-392/RED/1,1,0,25642.536414000006,25642.536414000006,25642.536414000006,25642.536414000006,225.0,0.0002758456848840466,0.0,26000,26000,26000,26000,26000,26000,26000,26000,26000,26000,26000
GET,/api/cart/add/anonymous-392/SHCE/1,1,0,16812.686996000026,16812.686996000026,16812.686996000026,16812.686996000026,124.0,0.0002758456848840466,0.0,17000,17000,17000,17000,17000,17000,17000,17000,17000,17000,17000
GET,/api/cart/add/anonymous-392/STAN-1/1,1,0,10803.577813999937,10803.577813999937,10803.577813999937,10803.577813999937,200.0,0.0002758456848840466,0.0,11000,11000,11000,11000,11000,11000,11000,11000,11000,11000,11000
GET,/api/cart/add/anonymous-393/HPTD/1,1,0,36125.47639699994,36125.47639699994,36125.47639699994,36125.47639699994,193.0,0.0002758456848840466,0.0,36000,36000,36000,36000,36000,36000,36000,36000,36000,36000,36000
GET,/api/cart/add/anonymous-393/SHCE/1,1,0,16802.698676999968,16802.698676999968,16802.698676999968,16802.698676999968,124.0,0.0002758456848840466,0.0,17000,17000,17000,17000,17000,17000,17000,17000,17000,17000,17000
GET,/api/cart/add/anonymous-393/STAN-1/1,1,0,19559.410790000016,19559.410790000016,19559.410790000016,19559.410790000016,203.0,0.0002758456848840466,0.0,20000,20000,20000,20000,20000,20000,20000,20000,20000,20000,20000
GET,/api/cart/add/anonymous-393/Watson/1,1,0,28434.072967000022,28434.072967000022,28434.072967000022,28434.072967000022,106.0,0.0002758456848840466,0.0,28000,28000,28000,28000,28000,28000,28000,28000,28000,28000,28000
GET,/api/cart/add/anonymous-394/EMM/1,1,0,27870.953174999955,27870.953174999955,27870.953174999955,27870.953174999955,137.0,0.0002758456848840466,0.0,28000,28000,28000,28000,28000,28000,28000,28000,28000,28000,28000
GET,/api/cart/add/anonymous-394/EPE/1,1,0,28439.519976000043,28439.519976000043,28439.519976000043,28439.519976000043,129.0,0.0002758456848840466,0.0,28000,28000,28000,28000,28000,28000,28000,28000,28000,28000,28000
GET,/api/cart/add/anonymous-394/RMC/1,1,0,16764.119908999986,16764.119908999986,16764.119908999986,16764.119908999986,207.0,0.0002758456848840466,0.0,17000,17000,17000,17000,17000,17000,17000,17000,17000,17000,17000
GET,/api/cart/add/anonymous-394/UHJ/1,1,0,31719.320193000043,31719.320193000043,31719.320193000043,31719.320193000043,214.0,0.0002758456848840466,0.0,32000,32000,32000,32000,32000,32000,32000,32000,32000,32000,32000
GET,/api/cart/add/anonymous-395/EMM/1,1,0,40584.051520999994,40584.051520999994,40584.051520999994,40584.051520999994,137.0,0.0002758456848840466,0.0,41000,41000,41000,41000,41000,41000,41000,41000,41000,41000,41000
GET,/api/cart/add/anonymous-395/EPE/1,1,0,36116.61601499998,36116.61601499998,36116.61601499998,36116.61601499998,222.0,0.0002758456848840466,0.0,36000,36000,36000,36000,36000,36000,36000,36000,36000,36000,36000
GET,/api/cart/add/anonymous-395/SHCE/1,2,0,12192.411731999982,20341.86670050002,12192.411731999982,28491.32166900006,176.5,0.0005516913697680932,0.0,28000,28000,28000,28000,28000,28000,28000,28000,28000,28000,28000
GET,/api/cart/add/anonymous-396/RED/1,1,0,12225.282633000006,12225.282633000006,12225.282633000006,12225.282633000006,210.0,0.0002758456848840466,0.0,12000,12000,12000,12000,12000,12000,12000,12000,12000,12000,12000
GET,/api/cart/add/anonymous-396/RMC/1,2,0,28061.46145599996,34256.94421949999,28061.46145599996,40452.42698300001,108.0,0.0005516913697680932,0.0,40000,40000,40000,40000,40000,40000,40000,40000,40000,40000,40000
GET,/api/cart/add/anonymous-396/Watson/1,1,0,19730.15641400002,19730.15641400002,19730.15641400002,19730.15641400002,184.0,0.0002758456848840466,0.0,20000,20000,20000,20000,20000,20000,20000,20000,20000,20000,20000
GET,/api/cart/add/anonymous-397/EMM/1,1,0,28125.021659000027,28125.021659000027,28125.021659000027,28125.021659000027,137.0,0.0002758456848840466,0.0,28000,28000,28000,28000,28000,28000,28000,28000,28000,28000,28000
GET,/api/cart/add/anonymous-397/EPE/1,1,0,17913.73028199996,17913.73028199996,17913.73028199996,17913.73028199996,200.0,0.0002758456848840466,0.0,18000,18000,18000,18000,18000,18000,18000,18000,18000,18000,18000
GET,/api/cart/add/anonymous-397/Watson/1,2,0,23000.0,27395.523708500037,22504.971270000056,32286.076147000018,156.0,0.0005516913697680932,0.0,32000,32000,32000,32000,32000,32000,32000,32000,32000,32000,32000
GET,/api/cart/add/anonymous-398/HPTD/1,1,0,16435.80960899999,16435.80960899999,16435.80960899999,16435.80960899999,121.0,0.0002758456848840466,0.0,16000,16000,16000,16000,16000,16000,16000,16000,16000,16000,16000
GET,/api/cart/add/anonymous-398/RMC/1,1,0,32346.17459399999,32346.17459399999,32346.17459399999,32346.17459399999,190.0,0.0002758456848840466,0.0,32000,32000,32000,32000,32000,32000,32000,32000,32000,32000,32000
GET,/api/cart/add/anonymous-398/STAN-1/1,1,0,10101.729352000006,10101.729352000006,10101.729352000006,10101.729352000006,111.0,0.0002758456848840466,0.0,10000,10000,10000,10000,10000,10000,10000,10000,10000,10000,10000
GET,/api/cart/add/anonymous-398/Watson/1,1,0,26771.040664999986,26771.040664999986,26771.040664999986,26771.040664999986,193.0,0.0002758456848840466,0.0,27000,27000,27000,27000,27000,27000,27000,27000,27000,27000,27000
GET,/api/cart/add/anonymous-399/EPE/1,2,0,9700.0,14907.963023499975,9676.480437999999,20139.44560899995,129.5,0.0005516913697680932,0.0,20000,20000,20000,20000,20000,20000,20000,20000,20000,20000,20000
GET,/api/cart/add/anonymous-399/SHCE/1,1,0,16783.103848999985,16783.103848999985,16783.103848999985,16783.103848999985,124.0,0.0002758456848840466,0.0,17000,17000,17000,17000,17000,17000,17000,17000,17000,17000,17000
GET,/api/cart/add/anonymous-399/UHJ/1,1,0,19600.015389999953,19600.015389999953,19600.015389999953,19600.015389999953,230.0,0.0002758456848840466,0.0,20000,20000,20000,20000,20000,20000,20000,20000,20000,20000,20000
GET,/api/cart/add/anonymous-4/EMM/1,2,0,44483.93006600009,62598.274436999876,44483.93006600009,80712.61880799966,137.0,0.0005516913697680932,0.0,81000,81000,81000,81000,81000,81000,81000,81000,81000,81000,81000
GET,/api/cart/add/anonymous-4/HPTD/1,1,0,97.3253060000161,97.3253060000161,97.3253060000161,97.3253060000161,219.0,0.0002758456848840466,0.0,97,97,97,97,97,97,97,97,97,97,97
GET,/api/cart/add/anonymous-4/RED/1,2,0,37,68.69821649999608,36.566815000014685,100.82961799997747,132.0,0.0005516913697680932,0.0,100,100,100,100,100,100,100,100,100,100,100
GET,/api/cart/add/anonymous-4/RMC/1,2,0,49.064455000007,25235.604544499893,49.064455000007,50422.14463399978,197.0,0.0005516913697680932,0.0,50000,50000,50000,50000,50000,50000,50000,50000,50000,50000,50000
GET,/api/cart/add/anonymous-4/Watson/1,1,0,18034.88202299968,18034.88202299968,18034.88202299968,18034.88202299968,106.0,0.0002758456848840466,0.0,18000,18000,18000,18000,18000,18000,18000,18000,18000,18000,18000
GET,/api/cart/add/anonymous-40/EMM/1,1,0,31.938300999968305,31.938300999968305,31.938300999968305,31.938300999968305,214.0,0.0002758456848840466,0.0,32,32,32,32,32,32,32,32,32,32,32
GET,/api/cart/add/anonymous-40/EPE/1,1,0,43178.23037399967,43178.23037399967,43178.23037399967,43178.23037399967,310.0,0.0002758456848840466,0.0,43000,43000,43000,43000,43000,43000,43000,43000,43000,43000,43000
GET,/api/cart/add/anonymous-40/RMC/1,1,0,39.221323999981905,39.221323999981905,39.221323999981905,39.221323999981905,190.0,0.0002758456848840466,0.0,39,39,39,39,39,39,39,39,39,39,39
GET,/api/cart/add/anonymous-40/SHCE/1,1,0,40855.6364430001,40855.6364430001,40855.6364430001,40855.6364430001,402.0,0.0002758456848840466,0.0,41000,41000,41000,41000,41000,41000,41000,41000,41000,41000,41000
GET,/api/cart/add/anonymous-40/STAN-1/1,1,0,38.3369200000061,38.3369200000061,38.3369200000061,38.3369200000061,111.0,0.0002758456848840466,0.0,38,38,38,38,38,38,38,38,38,38,38
GET,/api/cart/add/anonymous-40/UHJ/1,1,0,49.642557000026954,49.642557000026954,49.642557000026954,49.642557000026954,138.0,0.0002758456848840466,0.0,50,50,50,50,50,50,50,50,50,50,50
GET,/api/cart/add/anonymous-400/EMM/1,1,0,27290.100850000046,27290.100850000046,27290.100850000046,27290.100850000046,223.0,0.0002758456848840466,0.0,27000,27000,27000,27000,27000,27000,27000,27000,27000,27000,27000
GET,/api/cart/add/anonymous-400/HPTD/1,1,0,9717.236139999954,9717.236139999954,9717.236139999954,9717.236139999954,121.0,0.0002758456848840466,0.0,9700,9700,9700,9700,9700,9700,9700,9700,9700,9700,9700
GET,/api/cart/add/anonymous-400/RED/1,1,0,32639.481862000026,32639.481862000026,32639.481862000026,32639.481862000026,196.0,0.0002758456848840466,0.0,33000,33000,33000,33000,33000,33000,33000,33000,33000,33000,33000
GET,/api/cart/add/anonymous-400/STAN-1/1,1,0,40485.93690299992,40485.93690299992,40485.93690299992,40485.93690299992,111.0,0.0002758456848840466,0.0,40000,40000,40000,40000,40000,40000,40000,40000,40000,40000,40000
GET,/api/cart/add/anonymous-401/EMM/1,1,0,28205.82927199996,28205.82927199996,28205.82927199996,28205.82927199996,137.0,0.0002758456848840466,0.0,28000,28000,28000,28000,28000,28000,28000,28000,28000,28000,28000
GET,/api/cart/add/anonymous-401/RED/1,1,0,31355.527773999936,31355.527773999936,31355.527773999936,31355.527773999936,202.0,0.0002758456848840466,0.0,31000,31000,31000,31000,31000,31000,31000,31000,31000,31000,31000
GET,/api/cart/add/anonymous-401/SHCE/1,1,0,10816.41463099993,10816.41463099993,10816.41463099993,10816.41463099993,229.0,0.0002758456848840466,0.0,11000,11000,11000,11000,11000,11000,11000,11000,11000,11000,11000
GET,/api/cart/add/anonymous-401/Watson/1,1,0,22513.196361000042,22513.196361000042,22513.196361000042,22513.196361000042,106.0,0.0002758456848840466,0.0,23000,23000,23000,23000,23000,23000,23000,23000,23000,23000,23000
GET,/api/cart/add/anonymous-402/EMM/1,1,0,22505.464276,22505.464276,22505.464276,22505.464276,137.0,0.0002758456848840466,0.0,23000,23000,23000,23000,23000,23000,23000,23000,23000,23000,23000
GET,/api/cart/add/anonymous-402/HPTD/1,1,0,9634.805755000001,9634.805755000001,9634.805755000001,9634.805755000001,121.0,0.0002758456848840466,0.0,9600,9600,9600,9600,9600,9600,9600,9600,9600,9600,9600
GET,/api/cart/add/anonymous-402/RMC/1,1,0,12205.56105000003,12205.56105000003,12205.56105000003,12205.56105000003,215.0,0.0002758456848840466,0.0,12000,12000,12000,12000,12000,12000,12000,12000,12000,12000,12000
GET,/api/cart/add/anonymous-402/STAN-1/1,1,0,27270.839963999948,27270.839963999948,27270.839963999948,27270.839963999948,200.0,0.0002758456848840466,0.0,27000,27000,27000,27000,27000,27000,27000,27000,27000,27000,27000
GET,/api/cart/add/anonymous-403/EMM/1,1,0,12215.940343000057,12215.940343000057,12215.940343000057,12215.940343000057,205.0,0.0002758456848840466,0.0,12000,12000,12000,12000,12000,12000,12000,12000,12000,12000,12000
GET,/api/cart/add/anonymous-403/EPE/1,1,0,40330.109950000064,40330.109950000064,40330.109950000064,40330.109950000064,129.0,0.0002758456848840466,0.0,40000,40000,40000,40000,40000,40000,40000,40000,40000,40000,40000
GET,/api/cart/add/anonymous-403/RMC/1,1,0,9752.51815699994,9752.51815699994,9752.51815699994,9752.51815699994,108.0,0.0002758456848840466,0.0,9800,9800,9800,9800,9800,9800,9800,9800,9800,9800,9800
GET,/api/cart/add/anonymous-403/SHCE/1,1,0,16984.586268000043,16984.586268000043,16984.586268000043,16984.586268000043,202.0,0.0002758456848840466,0.0,17000,17000,17000,17000,17000,17000,17000,17000,17000,17000,17000
GET,/api/cart/add/anonymous-404/EMM/1,2,0,17000.0,22664.30145600003,16774.659855000096,28553.943056999968,137.0,0.0005516913697680932,0.0,29000,29000,29000,29000,29000,29000,29000,29000,29000,29000,29000
GET,/api/cart/add/anonymous-404/RED/1,1,0,19570.637096000042,19570.637096000042,19570.637096000042,19570.637096000042,221.0,0.0002758456848840466,0.0,20000,20000,20000,20000,20000,20000,20000,20000,20000,20000,20000
GET,/api/cart/add/anonymous-404/UHJ/1,1,0,16855.157945999963,16855.157945999963,16855.157945999963,16855.157945999963,214.0,0.0002758456848840466,0.0,17000,17000,17000,17000,17000,17000,17000,17000,17000,17000,17000
GET,/api/cart/add/anonymous-405/RED/1,1,0,36084.312023999926,36084.312023999926,36084.312023999926,36084.312023999926,225.0,0.0002758456848840466,0.0,36000,36000,36000,36000,36000,36000,36000,36000,36000,36000,36000
GET,/api/cart/add/anonymous-405/SHCE/1,2,0,28071.258066000042,30203.491148500005,28071.258066000042,32335.72423099997,161.0,0.0005516913697680932,0.0,32000,32000,32000,32000,32000,32000,32000,32000,32000,32000,32000
GET,/api/cart/add/anonymous-405/Watson/1,1,0,27860.20005399996,27860.20005399996,27860.20005399996,27860.20005399996,106.0,0.0002758456848840466,0.0,28000,28000,28000,28000,28000,28000,28000,28000,28000,28000,28000
GET,/api/cart/add/anonymous-406/EMM/1,1,0,28273.66151800004,28273.66151800004,28273.66151800004,28273.66151800004,137.0,0.0002758456848840466,0.0,28000,28000,28000,28000,28000,28000,28000,28000,28000,28000,28000
GET,/api/cart/add/anonymous-406/EPE/1,1,0,15712.257032000025,15712.257032000025,15712.257032000025,15712.257032000025,129.0,0.0002758456848840466,0.0,16000,16000,16000,16000,16000,16000,16000,16000,16000,16000,16000
GET,/api/cart/add/anonymous-406/HPTD/1,1,0,28210.395814000094,28210.395814000094,28210.395814000094,28210.395814000094,223.0,0.0002758456848840466,0.0,28000,28000,28000,28000,28000,28000,28000,28000,28000,28000,28000
GET,/api/cart/add/anonymous-406/RED/1,1,0,28113.57398100006,28113.57398100006,28113.57398100006,28113.57398100006,201.0,0.0002758456848840466,0.0,28000,28000,28000,28000,28000,28000,28000,28000,28000,28000,28000
GET,/api/cart/add/anonymous-407/EMM/1,1,0,40321.30156200003,40321.30156200003,40321.30156200003,40321.30156200003,137.0,0.0002758456848840466,0.0,40000,40000,40000,40000,40000,40000,40000,40000,40000,40000,40000
GET,/api/cart/add/anonymous-407/HPTD/1,2,0,17000.0,21303.182375999997,16749.560653999994,25856.804097999997,121.0,0.0005516913697680932,0.0,26000,26000,26000,26000,26000,26000,26000,26000,26000,26000,26000
GET,/api/cart/add/anonymous-407/SHCE/1,1,0,12193.397239999967,12193.397239999967,12193.397239999967,12193.397239999967,229.0,0.0002758456848840466,0.0,12000,12000,12000,12000,12000,12000,12000,12000,12000,12000,12000
GET,/api/cart/add/anonymous-408/HPTD/1,1,0,31258.62392900001,31258.62392900001,31258.62392900001,31258.62392900001,121.0,0.0002758456848840466,0.0,31000,31000,31000,31000,31000,31000,31000,31000,31000,31000,31000
GET,/api/cart/add/anonymous-408/RED/1,1,0,16565.888201999995,16565.888201999995,16565.888201999995,16565.888201999995,132.0,0.0002758456848840466,0.0,17000,17000,17000,17000,17000,17000,17000,17000,17000,17000,17000
GET,/api/cart/add/anonymous-408/STAN-1/1,1,0,32081.798737999976,32081.798737999976,32081.798737999976,32081.798737999976,196.0,0.0002758456848840466,0.0,32000,32000,32000,32000,32000,32000,32000,32000,32000,32000,32000
GET,/api/cart/add/anonymous-408/Watson/1,1,0,19296.140827000047,19296.140827000047,19296.140827000047,19296.140827000047,193.0,0.0002758456848840466,0.0,19000,19000,19000,19000,19000,19000,19000,19000,19000,19000,19000
GET,/api/cart/add/anonymous-409/RMC/1,2,0,16299.338073000057,18644.315855499997,16299.338073000057,20989.293637999937,108.0,0.0005516913697680932,0.0,21000,21000,21000,21000,21000,21000,21000,21000,21000,21000,21000
GET,/api/cart/add/anonymous-409/STAN-1/1,1,0,32547.455808999985,32547.455808999985,32547.455808999985,32547.455808999985,190.0,0.0002758456848840466,0.0,33000,33000,33000,33000,33000,33000,33000,33000,33000,33000,33000
GET,/api/cart/add/anonymous-409/Watson/1,1,0,26361.710431999996,26361.710431999996,26361.710431999996,26361.710431999996,184.0,0.0002758456848840466,0.0,26000,26000,26000,26000,26000,26000,26000,26000,26000,26000,26000
GET,/api/cart/add/anonymous-41/EMM/1,1,0,66.40130900001395,66.40130900001395,66.40130900001395,66.40130900001395,137.0,0.0002758456848840466,0.0,66,66,66,66,66,66,66,66,66,66,66
GET,/api/cart/add/anonymous-41/EPE/1,1,0,69.0070169999899,69.0070169999899,69.0070169999899,69.0070169999899,205.0,0.0002758456848840466,0.0,69,69,69,69,69,69,69,69,69,69,69
GET,/api/cart/add/anonymous-41/RMC/1,1,0,28.841191000026356,28.841191000026356,28.841191000026356,28.841191000026356,216.0,0.0002758456848840466,0.0,29,29,29,29,29,29,29,29,29,29,29
GET,/api/cart/add/anonymous-41/UHJ/1,1,0,50.895760000003065,50.895760000003065,50.895760000003065,50.895760000003065,138.0,0.0002758456848840466,0.0,51,51,51,51,51,51,51,51,51,51,51
GET,/api/cart/add/anonymous-410/EMM/1,1,0,12214.33493400002,12214.33493400002,12214.33493400002,12214.33493400002,223.0,0.0002758456848840466,0.0,12000,12000,12000,12000,12000,12000,12000,12000,12000,12000,12000
GET,/api/cart/add/anonymous-410/HPTD/1,1,0,40495.30030700009,40495.30030700009,40495.30030700009,40495.30030700009,121.0,0.0002758456848840466,0.0,40000,40000,40000,40000,40000,40000,40000,40000,40000,40000,40000
GET,/api/cart/add/anonymous-410/SHCE/1,1,0,16536.418260999995,16536.418260999995,16536.418260999995,16536.418260999995,124.0,0.0002758456848840466,0.0,17000,17000,17000,17000,17000,17000,17000,17000,17000,17000,17000
GET,/api/cart/add/anonymous-410/Watson/1,1,0,25828.472222000073,25828.472222000073,25828.472222000073,25828.472222000073,198.0,0.0002758456848840466,0.0,26000,26000,26000,26000,26000,26000,26000,26000,26000,26000,26000
GET,/api/cart/add/anonymous-411/EPE/1,1,0,11779.673762000017,11779.673762000017,11779.673762000017,11779.673762000017,129.0,0.0002758456848840466,0.0,12000,12000,12000,12000,12000,12000,12000,12000,12000,12000,12000
GET,/api/cart/add/anonymous-411/SHCE/1,2,0,9805.68818100005,18642.500193000047,9805.68818100005,27479.312205000042,124.5,0.0005516913697680932,0.0,27000,27000,27000,27000,27000,27000,27000,27000,27000,27000,27000
GET,/api/cart/add/anonymous-411/Watson/1,1,0,35841.41365900007,35841.41365900007,35841.41365900007,35841.41365900007,200.0,0.0002758456848840466,0.0,36000,36000,36000,36000,36000,36000,36000,36000,36000,36000,36000
GET,/api/cart/add/anonymous-412/EMM/1,1,0,20073.829897999985,20073.829897999985,20073.829897999985,20073.829897999985,229.0,0.0002758456848840466,0.0,20000,20000,20000,20000,20000,20000,20000,20000,20000,20000,20000
GET,/api/cart/add/anonymous-412/SHCE/1,2,0,16000.0,21326.104031499992,15722.88055499996,26929.327508000028,163.5,0.0005516913697680932,0.0,27000,27000,27000,27000,27000,27000,27000,27000,27000,27000,27000
GET,/api/cart/add/anonymous-412/STAN-1/1,1,0,16300.10427700006,16300.10427700006,16300.10427700006,16300.10427700006,111.0,0.0002758456848840466,0.0,16000,16000,16000,16000,16000,16000,16000,16000,16000,16000,16000
GET,/api/cart/add/anonymous-413/RMC/1,1,0,31208.316921999995,31208.316921999995,31208.316921999995,31208.316921999995,202.0,0.0002758456848840466,0.0,31000,31000,31000,31000,31000,31000,31000,31000,31000,31000,31000
GET,/api/cart/add/anonymous-413/SHCE/1,1,0,31045.885005999935,31045.885005999935,31045.885005999935,31045.885005999935,124.0,0.0002758456848840466,0.0,31000,31000,31000,31000,31000,31000,31000,31000,31000,31000,31000
GET,/api/cart/add/anonymous-413/STAN-1/1,1,0,16298.297456,16298.297456,16298.297456,16298.297456,111.0,0.0002758456848840466,0.0,16000,16000,16000,16000,16000,16000,16000,16000,16000,16000,16000
GET,/api/cart/add/anonymous-413/Watson/1,1,0,19771.91811099999,19771.91811099999,19771.91811099999,19771.91811099999,182.0,0.0002758456848840466,0.0,20000,20000,20000,20000,20000,20000,20000,20000,20000,20000,20000
GET,/api/cart/add/anonymous-414/RMC/1,1,0,19693.612067000002,19693.612067000002,19693.612067000002,19693.612067000002,184.0,0.0002758456848840466,0.0,20000,20000,20000,20000,20000,20000,20000,20000,20000,20000,20000
GET,/api/cart/add/anonymous-414/SHCE/1,1,0,20811.552810999958,20811.552810999958,20811.552810999958,20811.552810999958,124.0,0.0002758456848840466,0.0,21000,21000,21000,21000,21000,21000,21000,21000,21000,21000,21000
GET,/api/cart/add/anonymous-414/Watson/1,2,0,28000.0,32108.66089800004,27903.90228900003,36313.41950700005,152.0,0.0005516913697680932,0.0,36000,36000,36000,36000,36000,36000,36000,36000,36000,36000,36000
GET,/api/cart/add/anonymous-415/RED/1,2,0,12174.518068999987,21079.03909449999,12174.518068999987,29983.560119999995,167.0,0.0005516913697680932,0.0,30000,30000,30000,30000,30000,30000,30000,30000,30000,30000,30000
GET,/api/cart/add/anonymous-415/RMC/1,1,0,31123.516698000003,31123.516698000003,31123.516698000003,31123.516698000003,210.0,0.0002758456848840466,0.0,31000,31000,31000,31000,31000,31000,31000,31000,31000,31000,31000
GET,/api/cart/add/anonymous-415/Watson/1,1,0,40554.12765599999,40554.12765599999,40554.12765599999,40554.12765599999,106.0,0.0002758456848840466,0.0,41000,41000,41000,41000,41000,41000,41000,41000,41000,41000,41000
GET,/api/cart/add/anonymous-416/EMM/1,1,0,25830.767444000005,25830.767444000005,25830.767444000005,25830.767444000005,223.0,0.0002758456848840466,0.0,26000,26000,26000,26000,26000,26000,26000,26000,26000,26000,26000
GET,/api/cart/add/anonymous-416/HPTD/1,1,0,16575.06291599998,16575.06291599998,16575.06291599998,16575.06291599998,121.0,0.0002758456848840466,0.0,17000,17000,17000,17000,17000,17000,17000,17000,17000,17000,17000
GET,/api/cart/add/anonymous-416/RED/1,1,0,31134.79818399992,31134.79818399992,31134.79818399992,31134.79818399992,132.0,0.0002758456848840466,0.0,31000,31000,31000,31000,31000,31000,31000,31000,31000,31000,31000
GET,/api/cart/add/anonymous-416/RMC/1,1,0,31688.25828299998,31688.25828299998,31688.25828299998,31688.25828299998,210.0,0.0002758456848840466,0.0,32000,32000,32000,32000,32000,32000,32000,32000,32000,32000,32000
GET,/api/cart/add/anonymous-417/EMM/1,1,0,26399.99485499993,26399.99485499993,26399.99485499993,26399.99485499993,229.0,0.0002758456848840466,0.0,26000,26000,26000,26000,26000,26000,26000,26000,26000,26000,26000
GET,/api/cart/add/anonymous-417/EPE/1,1,0,20431.17675399992,20431.17675399992,20431.17675399992,20431.17675399992,129.0,0.0002758456848840466,0.0,20000,20000,20000,20000,20000,20000,20000,20000,20000,20000,20000
GET,/api/cart/add/anonymous-417/SHCE/1,1,0,29278.81627800002,29278.81627800002,29278.81627800002,29278.81627800002,124.0,0.0002758456848840466,0.0,29000,29000,29000,29000,29000,29000,29000,29000,29000,29000,29000
GET,/api/cart/add/anonymous-417/UHJ/1,1,0,32837.40188900004,32837.40188900004,32837.40188900004,32837.40188900004,220.0,0.0002758456848840466,0.0,33000,33000,33000,33000,33000,33000,33000,33000,33000,33000,33000
GET,/api/cart/add/anonymous-418/EMM/1,1,0,25755.20218500003,25755.20218500003,25755.20218500003,25755.20218500003,223.0,0.0002758456848840466,0.0,26000,26000,26000,26000,26000,26000,26000,26000,26000,26000,26000
GET,/api/cart/add/anonymous-418/HPTD/1,1,0,29258.120851999935,29258.120851999935,29258.120851999935,29258.120851999935,121.0,0.0002758456848840466,0.0,29000,29000,29000,29000,29000,29000,29000,29000,29000,29000,29000
GET,/api/cart/add/anonymous-418/RED/1,1,0,40370.498849,40370.498849,40370.498849,40370.498849,132.0,0.0002758456848840466,0.0,40000,40000,40000,40000,40000,40000,40000,40000,40000,40000,40000
GET,/api/cart/add/anonymous-418/SHCE/1,1,0,32896.51761599998,32896.51761599998,32896.51761599998,32896.51761599998,225.0,0.0002758456848840466,0.0,33000,33000,33000,33000,33000,33000,33000,33000,33000,33000,33000
GET,/api/cart/add/anonymous-419/RMC/1,1,0,12201.955620000035,12201.955620000035,12201.955620000035,12201.955620000035,184.0,0.0002758456848840466,0.0,12000,12000,12000,12000,12000,12000,12000,12000,12000,12000,12000
GET,/api/cart/add/anonymous-419/STAN-1/1,1,0,29289.145002999932,29289.145002999932,29289.145002999932,29289.145002999932,111.0,0.0002758456848840466,0.0,29000,29000,29000,29000,29000,29000,29000,29000,29000,29000,29000
GET,/api/cart/add/anonymous-419/UHJ/1,1,0,26398.72863900007,26398.72863900007,26398.72863900007,26398.72863900007,191.0,0.0002758456848840466,0.0,26000,26000,26000,26000,26000,26000,26000,26000,26000,26000,26000
GET,/api/cart/add/anonymous-419/Watson/1,1,0,40460.566974000016,40460.566974000016,40460.566974000016,40460.566974000016,106.0,0.0002758456848840466,0.0,40000,40000,40000,40000,40000,40000,40000,40000,40000,40000,40000
GET,/api/cart/add/anonymous-42/EMM/1,2,0,69.30051799997727,84.1922149999732,69.30051799997727,99.08391199996913,137.0,0.0005516913697680932,0.0,99,99,99,99,99,99,99,99,99,99,99
GET,/api/cart/add/anonymous-42/SHCE/1,1,0,30.36099599995623,30.36099599995623,30.36099599995623,30.36099599995623,198.0,0.0002758456848840466,0.0,30,30,30,30,30,30,30,30,30,30,30
GET,/api/cart/add/anonymous-42/Watson/1,1,0,58.3406839999725,58.3406839999725,58.3406839999725,58.3406839999725,106.0,0.0002758456848840466,0.0,58,58,58,58,58,58,58,58,58,58,58
GET,/api/cart/add/anonymous-420/EMM/1,2,0,24184.22819900002,24598.325606000006,24184.22819900002,25012.42301299999,229.0,0.0005516913697680932,0.0,25000,25000,25000,25000,25000,25000,25000,25000,25000,25000,25000
GET,/api/cart/add/anonymous-420/SHCE/1,2,0,23000.0,31620.918899000004,22778.23302799993,40463.60477000008,124.0,0.0005516913697680932,0.0,40000,40000,40000,40000,40000,40000,40000,40000,40000,40000,40000
GET,/api/cart/add/anonymous-421/HPTD/1,1,0,24176.136810000004,24176.136810000004,24176.136810000004,24176.136810000004,199.0,0.0002758456848840466,0.0,24000,24000,24000,24000,24000,24000,24000,24000,24000,24000,24000
GET,/api/cart/add/anonymous-421/RED/1,1,0,22131.076685999913,22131.076685999913,22131.076685999913,22131.076685999913,132.0,0.0002758456848840466,0.0,22000,22000,22000,22000,22000,22000,22000,22000,22000,22000,22000
GET,/api/cart/add/anonymous-421/RMC/1,1,0,40421.55176599999,40421.55176599999,40421.55176599999,40421.55176599999,108.0,0.0002758456848840466,0.0,40000,40000,40000,40000,40000,40000,40000,40000,40000,40000,40000
GET,/api/cart/add/anonymous-421/Watson/1,1,0,10815.85652800004,10815.85652800004,10815.85652800004,10815.85652800004,202.0,0.0002758456848840466,0.0,11000,11000,11000,11000,11000,11000,11000,11000,11000,11000,11000
GET,/api/cart/add/anonymous-422/HPTD/1,2,0,31065.783925000003,31131.87907499997,31065.783925000003,31197.97422499994,121.0,0.0005516913697680932,0.0,31000,31000,31000,31000,31000,31000,31000,31000,31000,31000,31000
GET,/api/cart/add/anonymous-422/UHJ/1,1,0,24153.013712000073,24153.013712000073,24153.013712000073,24153.013712000073,209.0,0.0002758456848840466,0.0,24000,24000,24000,24000,24000,24000,24000,24000,24000,24000,24000
GET,/api/cart/add/anonymous-422/Watson/1,1,0,22612.273662999996,22612.273662999996,22612.273662999996,22612.273662999996,106.0,0.0002758456848840466,0.0,23000,23000,23000,23000,23000,23000,23000,23000,23000,23000,23000
GET,/api/cart/add/anonymous-423/EMM/1,1,0,32487.198692999984,32487.198692999984,32487.198692999984,32487.198692999984,206.0,0.0002758456848840466,0.0,32000,32000,32000,32000,32000,32000,32000,32000,32000,32000,32000
GET,/api/cart/add/anonymous-423/RED/1,1,0,40522.651841000086,40522.651841000086,40522.651841000086,40522.651841000086,132.0,0.0002758456848840466,0.0,41000,41000,41000,41000,41000,41000,41000,41000,41000,41000,41000
GET,/api/cart/add/anonymous-423/STAN-1/1,1,0,36814.547416000096,36814.547416000096,36814.547416000096,36814.547416000096,196.0,0.0002758456848840466,0.0,37000,37000,37000,37000,37000,37000,37000,37000,37000,37000,37000
GET,/api/cart/add/anonymous-423/Watson/1,1,0,40531.90851199997,40531.90851199997,40531.90851199997,40531.90851199997,106.0,0.0002758456848840466,0.0,41000,41000,41000,41000,41000,41000,41000,41000,41000,41000,41000
GET,/api/cart/add/anonymous-424/EPE/1,1,0,32944.31994399997,32944.31994399997,32944.31994399997,32944.31994399997,179.0,0.0002758456848840466,0.0,33000,33000,33000,33000,33000,33000,33000,33000,33000,33000,33000
GET,/api/cart/add/anonymous-424/HPTD/1,1,0,25201.07533099997,25201.07533099997,25201.07533099997,25201.07533099997,219.0,0.0002758456848840466,0.0,25000,25000,25000,25000,25000,25000,25000,25000,25000,25000,25000
GET,/api/cart/add/anonymous-424/RED/1,1,0,22591.440427999943,22591.440427999943,22591.440427999943,22591.440427999943,132.0,0.0002758456848840466,0.0,23000,23000,23000,23000,23000,23000,23000,23000,23000,23000,23000
GET,/api/cart/add/anonymous-424/STAN-1/1,1,0,40365.67289300001,40365.67289300001,40365.67289300001,40365.67289300001,111.0,0.0002758456848840466,0.0,40000,40000,40000,40000,40000,40000,40000,40000,40000,40000,40000
GET,/api/cart/add/anonymous-425/HPTD/1,1,0,20528.139740000028,20528.139740000028,20528.139740000028,20528.139740000028,121.0,0.0002758456848840466,0.0,21000,21000,21000,21000,21000,21000,21000,21000,21000,21000,21000
GET,/api/cart/add/anonymous-425/RMC/1,1,0,36313.3968059999,36313.3968059999,36313.3968059999,36313.3968059999,199.0,0.0002758456848840466,0.0,36000,36000,36000,36000,36000,36000,36000,36000,36000,36000,36000
GET,/api/cart/add/anonymous-425/STAN-1/1,1,0,9538.827783999977,9538.827783999977,9538.827783999977,9538.827783999977,111.0,0.0002758456848840466,0.0,9500,9500,9500,9500,9500,9500,9500,9500,9500,9500,9500
GET,/api/cart/add/anonymous-425/UHJ/1,1,0,25696.71792299994,25696.71792299994,25696.71792299994,25696.71792299994,191.0,0.0002758456848840466,0.0,26000,26000,26000,26000,26000,26000,26000,26000,26000,26000,26000
GET,/api/cart/add/anonymous-426/HPTD/1,2,0,33000.0,36236.52892349998,32726.23872700001,39746.81911999994,160.0,0.0005516913697680932,0.0,40000,40000,40000,40000,40000,40000,40000,40000,40000,40000,40000
GET,/api/cart/add/anonymous-426/RMC/1,1,0,20680.13241899996,20680.13241899996,20680.13241899996,20680.13241899996,108.0,0.0002758456848840466,0.0,21000,21000,21000,21000,21000,21000,21000,21000,21000,21000,21000
GET,/api/cart/add/anonymous-426/UHJ/1,1,0,24164.738319999968,24164.738319999968,24164.738319999968,24164.738319999968,226.0,0.0002758456848840466,0.0,24000,24000,24000,24000,24000,24000,24000,24000,24000,24000,24000
GET,/api/cart/add/anonymous-427/HPTD/1,1,0,23814.46496000001,23814.46496000001,23814.46496000001,23814.46496000001,219.0,0.0002758456848840466,0.0,24000,24000,24000,24000,24000,24000,24000,24000,24000,24000,24000
GET,/api/cart/add/anonymous-427/RED/1,2,0,12195.33315800004,17454.652917000032,12195.33315800004,22713.972676000027,167.0,0.0005516913697680932,0.0,23000,23000,23000,23000,23000,23000,23000,23000,23000,23000,23000
GET,/api/cart/add/anonymous-427/Watson/1,1,0,40303.37568700009,40303.37568700009,40303.37568700009,40303.37568700009,106.0,0.0002758456848840466,0.0,40000,40000,40000,40000,40000,40000,40000,40000,40000,40000,40000
GET,/api/cart/add/anonymous-428/EMM/1,1,0,12202.611322000052,12202.611322000052,12202.611322000052,12202.611322000052,206.0,0.0002758456848840466,0.0,12000,12000,12000,12000,12000,12000,12000,12000,12000,12000,12000
GET,/api/cart/add/anonymous-428/RED/1,2,0,23000.0,23645.651928500003,22762.58361200007,24528.72024499993,133.0,0.0005516913697680932,0.0,25000,25000,25000,25000,25000,25000,25000,25000,25000,25000,25000
GET,/api/cart/add/anonymous-428/Watson/1,1,0,40381.17926500001,40381.17926500001,40381.17926500001,40381.17926500001,106.0,0.0002758456848840466,0.0,40000,40000,40000,40000,40000,40000,40000,40000,40000,40000,40000
GET,/api/cart/add/anonymous-429/RED/1,2,0,31097.663754999987,35759.378948000005,31097.663754999987,40421.09414100002,132.0,0.0005516913697680932,0.0,40000,40000,40000,40000,40000,40000,40000,40000,40000,40000,40000
GET,/api/cart/add/anonymous-429/RMC/1,1,0,46999.540034000005,46999.540034000005,46999.540034000005,46999.540034000005,210.0,0.0002758456848840466,0.0,47000,47000,47000,47000,47000,47000,47000,47000,47000,47000,47000
GET,/api/cart/add/anonymous-429/Watson/1,1,0,12236.33393099999,12236.33393099999,12236.33393099999,12236.33393099999,202.0,0.0002758456848840466,0.0,12000,12000,12000,12000,12000,12000,12000,12000,12000,12000,12000
GET,/api/cart/add/anonymous-43/EPE/1,1,0,48696.2489790003,48696.2489790003,48696.2489790003,48696.2489790003,290.0,0.0002758456848840466,0.0,49000,49000,49000,49000,49000,49000,49000,49000,49000,49000,49000
GET,/api/cart/add/anonymous-43/SHCE/1,2,0,110.5831480000461,28591.529271499952,110.5831480000461,57072.475394999856,197.0,0.0005516913697680932,0.0,57000,57000,57000,57000,57000,57000,57000,57000,57000,57000,57000
GET,/api/cart/add/anonymous-43/STAN-1/1,1,0,36.85291600004348,36.85291600004348,36.85291600004348,36.85291600004348,111.0,0.0002758456848840466,0.0,37,37,37,37,37,37,37,37,37,37,37
GET,/api/cart/add/anonymous-43/UHJ/1,1,0,49.13095399996337,49.13095399996337,49.13095399996337,49.13095399996337,191.0,0.0002758456848840466,0.0,49,49,49,49,49,49,49,49,49,49,49
GET,/api/cart/add/anonymous-43/Watson/1,1,0,65.13860500001556,65.13860500001556,65.13860500001556,65.13860500001556,106.0,0.0002758456848840466,0.0,65,65,65,65,65,65,65,65,65,65,65
GET,/api/cart/add/anonymous-430/STAN-1/1,1,0,12214.851436999994,12214.851436999994,12214.851436999994,12214.851436999994,182.0,0.0002758456848840466,0.0,12000,12000,12000,12000,12000,12000,12000,12000,12000,12000,12000
GET,/api/cart/add/anonymous-430/UHJ/1,2,0,23000.0,29899.243191999973,22571.24467799997,37227.24170599997,139.5,0.0005516913697680932,0.0,37000,37000,37000,37000,37000,37000,37000,37000,37000,37000,37000
GET,/api/cart/add/anonymous-430/Watson/1,1,0,40503.089992000016,40503.089992000016,40503.089992000016,40503.089992000016,106.0,0.0002758456848840466,0.0,41000,41000,41000,41000,41000,41000,41000,41000,41000,41000,41000
GET,/api/cart/add/anonymous-431/EPE/1,1,0,23905.610819999994,23905.610819999994,23905.610819999994,23905.610819999994,222.0,0.0002758456848840466,0.0,24000,24000,24000,24000,24000,24000,24000,24000,24000,24000,24000
GET,/api/cart/add/anonymous-431/HPTD/1,1,0,24509.608767999907,24509.608767999907,24509.608767999907,24509.608767999907,213.0,0.0002758456848840466,0.0,25000,25000,25000,25000,25000,25000,25000,25000,25000,25000,25000
GET,/api/cart/add/anonymous-431/SHCE/1,2,0,23000.0,31562.788763500008,22822.44940800001,40303.12811900001,124.0,0.0005516913697680932,0.0,40000,40000,40000,40000,40000,40000,40000,40000,40000,40000,40000
GET,/api/cart/add/anonymous-432/EMM/1,1,0,40321.798814999966,40321.798814999966,40321.798814999966,40321.798814999966,137.0,0.0002758456848840466,0.0,40000,40000,40000,40000,40000,40000,40000,40000,40000,40000,40000
GET,/api/cart/add/anonymous-432/EPE/1,1,0,40484.57497499999,40484.57497499999,40484.57497499999,40484.57497499999,129.0,0.0002758456848840466,0.0,40000,40000,40000,40000,40000,40000,40000,40000,40000,40000,40000
GET,/api/cart/add/anonymous-432/RED/1,1,0,37297.10624300003,37297.10624300003,37297.10624300003,37297.10624300003,221.0,0.0002758456848840466,0.0,37000,37000,37000,37000,37000,37000,37000,37000,37000,37000,37000
GET,/api/cart/add/anonymous-432/STAN-1/1,1,0,37217.55602100006,37217.55602100006,37217.55602100006,37217.55602100006,179.0,0.0002758456848840466,0.0,37000,37000,37000,37000,37000,37000,37000,37000,37000,37000,37000
GET,/api/cart/add/anonymous-433/EMM/1,1,0,32703.700709000033,32703.700709000033,32703.700709000033,32703.700709000033,205.0,0.0002758456848840466,0.0,33000,33000,33000,33000,33000,33000,33000,33000,33000,33000,33000
GET,/api/cart/add/anonymous-433/EPE/1,1,0,39642.40781199999,39642.40781199999,39642.40781199999,39642.40781199999,129.0,0.0002758456848840466,0.0,40000,40000,40000,40000,40000,40000,40000,40000,40000,40000,40000
GET,/api/cart/add/anonymous-433/STAN-1/1,2,0,23000.0,29389.94103700003,22655.690289000064,36124.191784999995,111.5,0.0005516913697680932,0.0,36000,36000,36000,36000,36000,36000,36000,36000,36000,36000,36000
GET,/api/cart/add/anonymous-434/EMM/1,1,0,39660.37733600001,39660.37733600001,39660.37733600001,39660.37733600001,137.0,0.0002758456848840466,0.0,40000,40000,40000,40000,40000,40000,40000,40000,40000,40000,40000
GET,/api/cart/add/anonymous-434/EPE/1,1,0,37827.595661999905,37827.595661999905,37827.595661999905,37827.595661999905,205.0,0.0002758456848840466,0.0,38000,38000,38000,38000,38000,38000,38000,38000,38000,38000,38000
GET,/api/cart/add/anonymous-434/SHCE/1,1,0,24508.99175799998,24508.99175799998,24508.99175799998,24508.99175799998,230.0,0.0002758456848840466,0.0,25000,25000,25000,25000,25000,25000,25000,25000,25000,25000,25000
GET,/api/cart/add/anonymous-434/UHJ/1,1,0,22562.706615000025,22562.706615000025,22562.706615000025,22562.706615000025,138.0,0.0002758456848840466,0.0,23000,23000,23000,23000,23000,23000,23000,23000,23000,23000,23000
GET,/api/cart/add/anonymous-435/EMM/1,2,0,25155.186291000064,28996.15984250005,25155.186291000064,32837.13339400003,208.0,0.0005516913697680932,0.0,33000,33000,33000,33000,33000,33000,33000,33000,33000,33000,33000
GET,/api/cart/add/anonymous-435/RMC/1,1,0,39698.66264500001,39698.66264500001,39698.66264500001,39698.66264500001,108.0,0.0002758456848840466,0.0,40000,40000,40000,40000,40000,40000,40000,40000,40000,40000,40000
GET,/api/cart/add/anonymous-435/STAN-1/1,1,0,22637.41838999999,22637.41838999999,22637.41838999999,22637.41838999999,111.0,0.0002758456848840466,0.0,23000,23000,23000,23000,23000,23000,23000,23000,23000,23000,23000
GET,/api/cart/add/anonymous-436/HPTD/1,3,0,27000.0,28234.01180966668,24126.86257300004,33474.520332,156.0,0.0008275370546521397,0.0,27000,27000,33000,33000,33000,33000,33000,33000,33000,33000,33000
GET,/api/cart/add/anonymous-436/UHJ/1,1,0,40101.73032099999,40101.73032099999,40101.73032099999,40101.73032099999,138.0,0.0002758456848840466,0.0,40000,40000,40000,40000,40000,40000,40000,40000,40000,40000,40000
GET,/api/cart/add/anonymous-437/EMM/1,1,0,36103.64889699997,36103.64889699997,36103.64889699997,36103.64889699997,201.0,0.0002758456848840466,0.0,36000,36000,36000,36000,36000,36000,36000,36000,36000,36000,36000
GET,/api/cart/add/anonymous-437/STAN-1/1,2,0,33052.216201000076,36758.36953449999,33052.216201000076,40464.522867999905,151.0,0.0005516913697680932,0.0,40000,40000,40000,40000,40000,40000,40000,40000,40000,40000,40000
GET,/api/cart/add/anonymous-437/UHJ/1,1,0,39650.38162799999,39650.38162799999,39650.38162799999,39650.38162799999,138.0,0.0002758456848840466,0.0,40000,40000,40000,40000,40000,40000,40000,40000,40000,40000,40000
GET,/api/cart/add/anonymous-438/EPE/1,1,0,39690.636935000046,39690.636935000046,39690.636935000046,39690.636935000046,129.0,0.0002758456848840466,0.0,40000,40000,40000,40000,40000,40000,40000,40000,40000,40000,40000
GET,/api/cart/add/anonymous-438/RMC/1,1,0,24204.951289000062,24204.951289000062,24204.951289000062,24204.951289000062,207.0,0.0002758456848840466,0.0,24000,24000,24000,24000,24000,24000,24000,24000,24000,24000,24000
GET,/api/cart/add/anonymous-438/SHCE/1,1,0,26358.060745999977,26358.060745999977,26358.060745999977,26358.060745999977,198.0,0.0002758456848840466,0.0,26000,26000,26000,26000,26000,26000,26000,26000,26000,26000,26000
GET,/api/cart/add/anonymous-438/Watson/1,1,0,22626.43105899997,22626.43105899997,22626.43105899997,22626.43105899997,106.0,0.0002758456848840466,0.0,23000,23000,23000,23000,23000,23000,23000,23000,23000,23000,23000
GET,/api/cart/add/anonymous-439/EMM/1,1,0,22866.991367000082,22866.991367000082,22866.991367000082,22866.991367000082,137.0,0.0002758456848840466,0.0,23000,23000,23000,23000,23000,23000,23000,23000,23000,23000,23000
GET,/api/cart/add/anonymous-439/SHCE/1,1,0,52670.41755699995,52670.41755699995,52670.41755699995,52670.41755699995,198.0,0.0002758456848840466,0.0,53000,53000,53000,53000,53000,53000,53000,53000,53000,53000,53000
GET,/api/cart/add/anonymous-439/UHJ/1,1,0,24517.07193200002,24517.07193200002,24517.07193200002,24517.07193200002,214.0,0.0002758456848840466,0.0,25000,25000,25000,25000,25000,25000,25000,25000,25000,25000,25000
GET,/api/cart/add/anonymous-439/Watson/1,1,0,26801.658953000013,26801.658953000013,26801.658953000013,26801.658953000013,106.0,0.0002758456848840466,0.0,27000,27000,27000,27000,27000,27000,27000,27000,27000,27000,27000
GET,/api/cart/add/anonymous-44/EMM/1,1,0,237.89734900003623,237.89734900003623,237.89734900003623,237.89734900003623,201.0,0.0002758456848840466,0.0,240,240,240,240,240,240,240,240,240,240,240
GET,/api/cart/add/anonymous-44/RED/1,1,0,49417.16926500021,49417.16926500021,49417.16926500021,49417.16926500021,284.0,0.0002758456848840466,0.0,49000,49000,49000,49000,49000,49000,49000,49000,49000,49000,49000
GET,/api/cart/add/anonymous-44/STAN-1/1,2,0,77,83.92766500000448,76.79354300000796,91.061787000001,111.0,0.0005516913697680932,0.0,91,91,91,91,91,91,91,91,91,91,91
GET,/api/cart/add/anonymous-44/UHJ/1,2,0,46.42984700001307,24443.069619000144,46.42984700001307,48839.70939100027,277.5,0.0005516913697680932,0.0,49000,49000,49000,49000,49000,49000,49000,49000,49000,49000,49000
GET,/api/cart/add/anonymous-440/HPTD/1,1,0,39661.27342599998,39661.27342599998,39661.27342599998,39661.27342599998,121.0,0.0002758456848840466,0.0,40000,40000,40000,40000,40000,40000,40000,40000,40000,40000,40000
GET,/api/cart/add/anonymous-440/RED/1,2,0,17056.97834700004,27417.95758149999,17056.97834700004,37778.93681599994,214.5,0.0005516913697680932,0.0,38000,38000,38000,38000,38000,38000,38000,38000,38000,38000,38000
GET,/api/cart/add/anonymous-440/RMC/1,1,0,22693.373537000072,22693.373537000072,22693.373537000072,22693.373537000072,108.0,0.0002758456848840466,0.0,23000,23000,23000,23000,23000,23000,23000,23000,23000,23000,23000
GET,/api/cart/add/anonymous-441/EMM/1,1,0,33035.431948,33035.431948,33035.431948,33035.431948,205.0,0.0002758456848840466,0.0,33000,33000,33000,33000,33000,33000,33000,33000,33000,33000,33000
GET,/api/cart/add/anonymous-441/EPE/1,1,0,19922.19585600003,19922.19585600003,19922.19585600003,19922.19585600003,129.0,0.0002758456848840466,0.0,20000,20000,20000,20000,20000,20000,20000,20000,20000,20000,20000
GET,/api/cart/add/anonymous-441/RED/1,1,0,24537.006120000002,24537.006120000002,24537.006120000002,24537.006120000002,209.0,0.0002758456848840466,0.0,25000,25000,25000,25000,25000,25000,25000,25000,25000,25000,25000
GET,/api/cart/add/anonymous-441/UHJ/1,1,0,22622.292578000044,22622.292578000044,22622.292578000044,22622.292578000044,138.0,0.0002758456848840466,0.0,23000,23000,23000,23000,23000,23000,23000,23000,23000,23000,23000
GET,/api/cart/add/anonymous-442/RED/1,1,0,37330.168458,37330.168458,37330.168458,37330.168458,225.0,0.0002758456848840466,0.0,37000,37000,37000,37000,37000,37000,37000,37000,37000,37000,37000
GET,/api/cart/add/anonymous-442/SHCE/1,1,0,39697.26580899999,39697.26580899999,39697.26580899999,39697.26580899999,124.0,0.0002758456848840466,0.0,40000,40000,40000,40000,40000,40000,40000,40000,40000,40000,40000
GET,/api/cart/add/anonymous-442/STAN-1/1,1,0,36908.62288000005,36908.62288000005,36908.62288000005,36908.62288000005,182.0,0.0002758456848840466,0.0,37000,37000,37000,37000,37000,37000,37000,37000,37000,37000,37000
GET,/api/cart/add/anonymous-442/Watson/1,1,0,40445.546079999986,40445.546079999986,40445.546079999986,40445.546079999986,106.0,0.0002758456848840466,0.0,40000,40000,40000,40000,40000,40000,40000,40000,40000,40000,40000
GET,/api/cart/add/anonymous-443/EMM/1,1,0,37399.49650000005,37399.49650000005,37399.49650000005,37399.49650000005,201.0,0.0002758456848840466,0.0,37000,37000,37000,37000,37000,37000,37000,37000,37000,37000,37000
GET,/api/cart/add/anonymous-443/EPE/1,1,0,10823.50029600002,10823.50029600002,10823.50029600002,10823.50029600002,220.0,0.0002758456848840466,0.0,11000,11000,11000,11000,11000,11000,11000,11000,11000,11000,11000
GET,/api/cart/add/anonymous-443/STAN-1/1,1,0,27369.57901800008,27369.57901800008,27369.57901800008,27369.57901800008,111.0,0.0002758456848840466,0.0,27000,27000,27000,27000,27000,27000,27000,27000,27000,27000,27000
GET,/api/cart/add/anonymous-443/UHJ/1,1,0,9541.874417000032,9541.874417000032,9541.874417000032,9541.874417000032,138.0,0.0002758456848840466,0.0,9500,9500,9500,9500,9500,9500,9500,9500,9500,9500,9500
GET,/api/cart/add/anonymous-444/RMC/1,1,0,34723.64276300004,34723.64276300004,34723.64276300004,34723.64276300004,108.0,0.0002758456848840466,0.0,35000,35000,35000,35000,35000,35000,35000,35000,35000,35000,35000
GET,/api/cart/add/anonymous-444/Watson/1,3,0,28000.0,25850.999517999982,16966.42434599994,32954.565630999925,131.33333333333334,0.0008275370546521397,0.0,28000,28000,33000,33000,33000,33000,33000,33000,33000,33000,33000
GET,/api/cart/add/anonymous-445/EMM/1,1,0,33044.21723300004,33044.21723300004,33044.21723300004,33044.21723300004,201.0,0.0002758456848840466,0.0,33000,33000,33000,33000,33000,33000,33000,33000,33000,33000,33000
GET,/api/cart/add/anonymous-445/EPE/1,1,0,16944.434440999998,16944.434440999998,16944.434440999998,16944.434440999998,207.0,0.0002758456848840466,0.0,17000,17000,17000,17000,17000,17000,17000,17000,17000,17000,17000
GET,/api/cart/add/anonymous-445/RMC/1,1,0,22593.143189999977,22593.143189999977,22593.143189999977,22593.143189999977,108.0,0.0002758456848840466,0.0,23000,23000,23000,23000,23000,23000,23000,23000,23000,23000,23000
GET,/api/cart/add/anonymous-445/STAN-1/1,1,0,39669.43430499998,39669.43430499998,39669.43430499998,39669.43430499998,111.0,0.0002758456848840466,0.0,40000,40000,40000,40000,40000,40000,40000,40000,40000,40000,40000
GET,/api/cart/add/anonymous-446/EPE/1,1,0,39719.80785400001,39719.80785400001,39719.80785400001,39719.80785400001,129.0,0.0002758456848840466,0.0,40000,40000,40000,40000,40000,40000,40000,40000,40000,40000,40000
GET,/api/cart/add/anonymous-446/RMC/1,1,0,16686.928573000045,16686.928573000045,16686.928573000045,16686.928573000045,216.0,0.0002758456848840466,0.0,17000,17000,17000,17000,17000,17000,17000,17000,17000,17000,17000
GET,/api/cart/add/anonymous-446/STAN-1/1,1,0,33072.657176999994,33072.657176999994,33072.657176999994,33072.657176999994,179.0,0.0002758456848840466,0.0,33000,33000,33000,33000,33000,33000,33000,33000,33000,33000,33000
GET,/api/cart/add/anonymous-446/UHJ/1,1,0,28225.267493000047,28225.267493000047,28225.267493000047,28225.267493000047,138.0,0.0002758456848840466,0.0,28000,28000,28000,28000,28000,28000,28000,28000,28000,28000,28000
GET,/api/cart/add/anonymous-447/HPTD/1,2,0,32091.431417999956,32607.929780999995,32091.431417999956,33124.428144000034,196.0,0.0005516913697680932,0.0,33000,33000,33000,33000,33000,33000,33000,33000,33000,33000,33000
GET,/api/cart/add/anonymous-447/RMC/1,1,0,28484.518021999975,28484.518021999975,28484.518021999975,28484.518021999975,108.0,0.0002758456848840466,0.0,28000,28000,28000,28000,28000,28000,28000,28000,28000,28000,28000
GET,/api/cart/add/anonymous-447/Watson/1,1,0,39735.61171800009,39735.61171800009,39735.61171800009,39735.61171800009,106.0,0.0002758456848840466,0.0,40000,40000,40000,40000,40000,40000,40000,40000,40000,40000,40000
GET,/api/cart/add/anonymous-448/RED/1,1,0,10833.230189000005,10833.230189000005,10833.230189000005,10833.230189000005,209.0,0.0002758456848840466,0.0,11000,11000,11000,11000,11000,11000,11000,11000,11000,11000,11000
GET,/api/cart/add/anonymous-448/UHJ/1,1,0,15629.004863999966,15629.004863999966,15629.004863999966,15629.004863999966,138.0,0.0002758456848840466,0.0,16000,16000,16000,16000,16000,16000,16000,16000,16000,16000,16000
GET,/api/cart/add/anonymous-448/Watson/1,2,0,33000.0,36320.295945499995,32693.82392600005,39946.76796499993,105.0,0.0005516913697680932,0.0,40000,40000,40000,40000,40000,40000,40000,40000,40000,40000,40000
GET,/api/cart/add/anonymous-449/EMM/1,1,0,32705.537733000026,32705.537733000026,32705.537733000026,32705.537733000026,221.0,0.0002758456848840466,0.0,33000,33000,33000,33000,33000,33000,33000,33000,33000,33000,33000
GET,/api/cart/add/anonymous-449/RED/1,1,0,25996.708082999932,25996.708082999932,25996.708082999932,25996.708082999932,132.0,0.0002758456848840466,0.0,26000,26000,26000,26000,26000,26000,26000,26000,26000,26000,26000
GET,/api/cart/add/anonymous-449/STAN-1/1,1,0,24153.988121,24153.988121,24153.988121,24153.988121,191.0,0.0002758456848840466,0.0,24000,24000,24000,24000,24000,24000,24000,24000,24000,24000,24000
GET,/api/cart/add/anonymous-449/UHJ/1,1,0,31086.533034000015,31086.533034000015,31086.533034000015,31086.533034000015,138.0,0.0002758456848840466,0.0,31000,31000,31000,31000,31000,31000,31000,31000,31000,31000,31000
GET,/api/cart/add/anonymous-45/EMM/1,1,0,43078.29196400008,43078.29196400008,43078.29196400008,43078.29196400008,373.0,0.0002758456848840466,0.0,43000,43000,43000,43000,43000,43000,43000,43000,43000,43000,43000
GET,/api/cart/add/anonymous-45/HPTD/1,1,0,57234.76651800002,57234.76651800002,57234.76651800002,57234.76651800002,121.0,0.0002758456848840466,0.0,57000,57000,57000,57000,57000,57000,57000,57000,57000,57000,57000
GET,/api/cart/add/anonymous-45/RED/1,2,0,38.42742099999441,27154.292928500097,38.42742099999441,54270.1584360002,210.5,0.0005516913697680932,0.0,54000,54000,54000,54000,54000,54000,54000,54000,54000,54000,54000
GET,/api/cart/add/anonymous-45/RMC/1,1,0,217.14248500001077,217.14248500001077,217.14248500001077,217.14248500001077,184.0,0.0002758456848840466,0.0,220,220,220,220,220,220,220,220,220,220,220
GET,/api/cart/add/anonymous-45/STAN-1/1,1,0,28292.054801000177,28292.054801000177,28292.054801000177,28292.054801000177,437.0,0.0002758456848840466,0.0,28000,28000,28000,28000,28000,28000,28000,28000,28000,28000,28000
GET,/api/cart/add/anonymous-45/Watson/1,2,0,47,75.77988849999429,46.995247999973344,104.56452900001523,106.0,0.0005516913697680932,0.0,100,100,100,100,100,100,100,100,100,100,100
GET,/api/cart/add/anonymous-450/RMC/1,1,0,32875.209236000046,32875.209236000046,32875.209236000046,32875.209236000046,202.0,0.0002758456848840466,0.0,33000,33000,33000,33000,33000,33000,33000,33000,33000,33000,33000
GET,/api/cart/add/anonymous-450/SHCE/1,2,0,20000.0,29799.48205950001,19862.37140100002,39736.592718,124.0,0.0005516913697680932,0.0,40000,40000,40000,40000,40000,40000,40000,40000,40000,40000,40000
GET,/api/cart/add/anonymous-450/UHJ/1,1,0,27038.001140000008,27038.001140000008,27038.001140000008,27038.001140000008,230.0,0.0002758456848840466,0.0,27000,27000,27000,27000,27000,27000,27000,27000,27000,27000,27000
GET,/api/cart/add/anonymous-451/HPTD/1,1,0,26567.273231000057,26567.273231000057,26567.273231000057,26567.273231000057,121.0,0.0002758456848840466,0.0,27000,27000,27000,27000,27000,27000,27000,27000,27000,27000,27000
GET,/api/cart/add/anonymous-451/SHCE/1,1,0,33455.26686599999,33455.26686599999,33455.26686599999,33455.26686599999,213.0,0.0002758456848840466,0.0,33000,33000,33000,33000,33000,33000,33000,33000,33000,33000,33000
GET,/api/cart/add/anonymous-451/UHJ/1,1,0,32094.300049000027,32094.300049000027,32094.300049000027,32094.300049000027,209.0,0.0002758456848840466,0.0,32000,32000,32000,32000,32000,32000,32000,32000,32000,32000,32000
GET,/api/cart/add/anonymous-451/Watson/1,1,0,28243.182805999935,28243.182805999935,28243.182805999935,28243.182805999935,106.0,0.0002758456848840466,0.0,28000,28000,28000,28000,28000,28000,28000,28000,28000,28000,28000
GET,/api/cart/add/anonymous-452/EMM/1,2,0,27376.589090999914,27820.781674499925,27376.589090999914,28264.974257999937,137.0,0.0005516913697680932,0.0,28000,28000,28000,28000,28000,28000,28000,28000,28000,28000,28000
GET,/api/cart/add/anonymous-452/EPE/1,2,0,27090.15531599994,30231.670586500004,27090.15531599994,33373.18585700007,129.5,0.0005516913697680932,0.0,33000,33000,33000,33000,33000,33000,33000,33000,33000,33000,33000
GET,/api/cart/add/anonymous-453/RED/1,1,0,39662.19063599999,39662.19063599999,39662.19063599999,39662.19063599999,132.0,0.0002758456848840466,0.0,40000,40000,40000,40000,40000,40000,40000,40000,40000,40000,40000
GET,/api/cart/add/anonymous-453/SHCE/1,1,0,32662.303750999967,32662.303750999967,32662.303750999967,32662.303750999967,225.0,0.0002758456848840466,0.0,33000,33000,33000,33000,33000,33000,33000,33000,33000,33000,33000
GET,/api/cart/add/anonymous-453/STAN-1/1,1,0,31089.043968000056,31089.043968000056,31089.043968000056,31089.043968000056,111.0,0.0002758456848840466,0.0,31000,31000,31000,31000,31000,31000,31000,31000,31000,31000,31000
GET,/api/cart/add/anonymous-453/Watson/1,1,0,31116.68573599991,31116.68573599991,31116.68573599991,31116.68573599991,182.0,0.0002758456848840466,0.0,31000,31000,31000,31000,31000,31000,31000,31000,31000,31000,31000
GET,/api/cart/add/anonymous-454/EMM/1,1,0,10814.053611000076,10814.053611000076,10814.053611000076,10814.053611000076,205.0,0.0002758456848840466,0.0,11000,11000,11000,11000,11000,11000,11000,11000,11000,11000,11000
GET,/api/cart/add/anonymous-454/EPE/1,2,0,28000.0,30497.984957500023,27971.296762000064,33024.67315299998,175.5,0.0005516913697680932,0.0,33000,33000,33000,33000,33000,33000,33000,33000,33000,33000,33000
GET,/api/cart/add/anonymous-454/SHCE/1,1,0,19782.027238000068,19782.027238000068,19782.027238000068,19782.027238000068,124.0,0.0002758456848840466,0.0,20000,20000,20000,20000,20000,20000,20000,20000,20000,20000,20000
GET,/api/cart/add/anonymous-455/RED/1,1,0,15639.587679999977,15639.587679999977,15639.587679999977,15639.587679999977,132.0,0.0002758456848840466,0.0,16000,16000,16000,16000,16000,16000,16000,16000,16000,16000,16000
GET,/api/cart/add/anonymous-455/SHCE/1,2,0,11000.0,19107.156141000018,10851.761258999999,27362.551023000036,174.5,0.0005516913697680932,0.0,27000,27000,27000,27000,27000,27000,27000,27000,27000,27000,27000
GET,/api/cart/add/anonymous-455/STAN-1/1,1,0,37288.48657499998,37288.48657499998,37288.48657499998,37288.48657499998,203.0,0.0002758456848840466,0.0,37000,37000,37000,37000,37000,37000,37000,37000,37000,37000,37000
GET,/api/cart/add/anonymous-456/EPE/1,1,0,27448.30143400009,27448.30143400009,27448.30143400009,27448.30143400009,129.0,0.0002758456848840466,0.0,27000,27000,27000,27000,27000,27000,27000,27000,27000,27000,27000
GET,/api/cart/add/anonymous-456/RED/1,2,0,28001.030999000024,28160.624603500026,28001.030999000024,28320.218208000028,133.0,0.0005516913697680932,0.0,28000,28000,28000,28000,28000,28000,28000,28000,28000,28000,28000
GET,/api/cart/add/anonymous-456/SHCE/1,1,0,52024.14148000003,52024.14148000003,52024.14148000003,52024.14148000003,222.0,0.0002758456848840466,0.0,52000,52000,52000,52000,52000,52000,52000,52000,52000,52000,52000
GET,/api/cart/add/anonymous-457/SHCE/1,2,0,33000.0,33053.24186150005,32631.943891000104,33474.539832,230.0,0.0005516913697680932,0.0,33000,33000,33000,33000,33000,33000,33000,33000,33000,33000,33000
GET,/api/cart/add/anonymous-457/UHJ/1,2,0,27039.13042900001,28963.22045400001,27039.13042900001,30887.310479000007,138.0,0.0005516913697680932,0.0,31000,31000,31000,31000,31000,31000,31000,31000,31000,31000,31000
GET,/api/cart/add/anonymous-458/EPE/1,1,0,31722.667183999987,31722.667183999987,31722.667183999987,31722.667183999987,220.0,0.0002758456848840466,0.0,32000,32000,32000,32000,32000,32000,32000,32000,32000,32000,32000
GET,/api/cart/add/anonymous-458/RED/1,1,0,19882.717697999964,19882.717697999964,19882.717697999964,19882.717697999964,132.0,0.0002758456848840466,0.0,20000,20000,20000,20000,20000,20000,20000,20000,20000,20000,20000
GET,/api/cart/add/anonymous-458/UHJ/1,2,0,30000.0,31297.01056250002,29909.832780999976,32684.188344000064,173.5,0.0005516913697680932,0.0,33000,33000,33000,33000,33000,33000,33000,33000,33000,33000,33000
GET,/api/cart/add/anonymous-459/EMM/1,1,0,19619.764777,19619.764777,19619.764777,19619.764777,137.0,0.0002758456848840466,0.0,20000,20000,20000,20000,20000,20000,20000,20000,20000,20000,20000
GET,/api/cart/add/anonymous-459/HPTD/1,1,0,19682.05539600001,19682.05539600001,19682.05539600001,19682.05539600001,121.0,0.0002758456848840466,0.0,20000,20000,20000,20000,20000,20000,20000,20000,20000,20000,20000
GET,/api/cart/add/anonymous-459/RMC/1,1,0,46833.37277099997,46833.37277099997,46833.37277099997,46833.37277099997,199.0,0.0002758456848840466,0.0,47000,47000,47000,47000,47000,47000,47000,47000,47000,47000,47000
GET,/api/cart/add/anonymous-459/UHJ/1,1,0,33911.64139500006,33911.64139500006,33911.64139500006,33911.64139500006,214.0,0.0002758456848840466,0.0,34000,34000,34000,34000,34000,34000,34000,34000,34000,34000,34000
GET,/api/cart/add/anonymous-46/EMM/1,4,0,120.0,5742.890602250043,59.749388999989606,22555.948599000203,160.0,0.0011033827395361864,0.0,240,240,23000,23000,23000,23000,23000,23000,23000,23000,23000
GET,/api/cart/add/anonymous-46/EPE/1,1,0,49488.02507399978,49488.02507399978,49488.02507399978,49488.02507399978,129.0,0.0002758456848840466,0.0,49000,49000,49000,49000,49000,49000,49000,49000,49000,49000,49000
GET,/api/cart/add/anonymous-46/HPTD/1,1,0,48715.09391300015,48715.09391300015,48715.09391300015,48715.09391300015,217.0,0.0002758456848840466,0.0,49000,49000,49000,49000,49000,49000,49000,49000,49000,49000,49000
GET,/api/cart/add/anonymous-46/RED/1,1,0,38.358620999986215,38.358620999986215,38.358620999986215,38.358620999986215,221.0,0.0002758456848840466,0.0,38,38,38,38,38,38,38,38,38,38,38
GET,/api/cart/add/anonymous-46/SHCE/1,1,0,56492.702403000294,56492.702403000294,56492.702403000294,56492.702403000294,124.0,0.0002758456848840466,0.0,56000,56000,56000,56000,56000,56000,56000,56000,56000,56000,56000
GET,/api/cart/add/anonymous-460/STAN-1/1,2,0,28076.34645400003,37498.04614550004,28076.34645400003,46919.74583700005,182.0,0.0005516913697680932,0.0,47000,47000,47000,47000,47000,47000,47000,47000,47000,47000,47000
GET,/api/cart/add/anonymous-460/Watson/1,2,0,20000.0,27697.37007499998,19741.729583999928,35653.01056600003,106.0,0.0005516913697680932,0.0,36000,36000,36000,36000,36000,36000,36000,36000,36000,36000,36000
GET,/api/cart/add/anonymous-461/HPTD/1,1,0,32777.763456,32777.763456,32777.763456,32777.763456,213.0,0.0002758456848840466,0.0,33000,33000,33000,33000,33000,33000,33000,33000,33000,33000,33000
GET,/api/cart/add/anonymous-461/RED/1,1,0,52339.61870899998,52339.61870899998,52339.61870899998,52339.61870899998,209.0,0.0002758456848840466,0.0,52000,52000,52000,52000,52000,52000,52000,52000,52000,52000,52000
GET,/api/cart/add/anonymous-461/SHCE/1,1,0,40484.19317100001,40484.19317100001,40484.19317100001,40484.19317100001,124.0,0.0002758456848840466,0.0,40000,40000,40000,40000,40000,40000,40000,40000,40000,40000,40000
GET,/api/cart/add/anonymous-461/UHJ/1,1,0,27341.69992699992,27341.69992699992,27341.69992699992,27341.69992699992,138.0,0.0002758456848840466,0.0,27000,27000,27000,27000,27000,27000,27000,27000,27000,27000,27000
GET,/api/cart/add/anonymous-462/EMM/1,1,0,31057.96163699995,31057.96163699995,31057.96163699995,31057.96163699995,137.0,0.0002758456848840466,0.0,31000,31000,31000,31000,31000,31000,31000,31000,31000,31000,31000
GET,/api/cart/add/anonymous-462/RED/1,1,0,27807.21230900008,27807.21230900008,27807.21230900008,27807.21230900008,196.0,0.0002758456848840466,0.0,28000,28000,28000,28000,28000,28000,28000,28000,28000,28000,28000
GET,/api/cart/add/anonymous-462/STAN-1/1,2,0,28000.0,35709.0353145,27583.962856999962,43834.10777200004,156.0,0.0005516913697680932,0.0,44000,44000,44000,44000,44000,44000,44000,44000,44000,44000,44000
GET,/api/cart/add/anonymous-463/EPE/1,1,0,40452.69774999997,40452.69774999997,40452.69774999997,40452.69774999997,129.0,0.0002758456848840466,0.0,40000,40000,40000,40000,40000,40000,40000,40000,40000,40000,40000
GET,/api/cart/add/anonymous-463/STAN-1/1,3,0,37000.0,35333.05002000002,21435.674403000008,47237.546748,134.0,0.0008275370546521397,0.0,37000,37000,47000,47000,47000,47000,47000,47000,47000,47000,47000
GET,/api/cart/add/anonymous-464/EPE/1,1,0,36915.58702500004,36915.58702500004,36915.58702500004,36915.58702500004,220.0,0.0002758456848840466,0.0,37000,37000,37000,37000,37000,37000,37000,37000,37000,37000,37000
GET,/api/cart/add/anonymous-464/RED/1,1,0,40526.74479299992,40526.74479299992,40526.74479299992,40526.74479299992,132.0,0.0002758456848840466,0.0,41000,41000,41000,41000,41000,41000,41000,41000,41000,41000,41000
GET,/api/cart/add/anonymous-464/SHCE/1,1,0,36087.28965600005,36087.28965600005,36087.28965600005,36087.28965600005,225.0,0.0002758456848840466,0.0,36000,36000,36000,36000,36000,36000,36000,36000,36000,36000,36000
GET,/api/cart/add/anonymous-464/UHJ/1,1,0,21456.569624000054,21456.569624000054,21456.569624000054,21456.569624000054,138.0,0.0002758456848840466,0.0,21000,21000,21000,21000,21000,21000,21000,21000,21000,21000,21000
GET,/api/cart/add/anonymous-465/EPE/1,1,0,21296.77240400008,21296.77240400008,21296.77240400008,21296.77240400008,129.0,0.0002758456848840466,0.0,21000,21000,21000,21000,21000,21000,21000,21000,21000,21000,21000
GET,/api/cart/add/anonymous-465/RED/1,1,0,23917.633909000073,23917.633909000073,23917.633909000073,23917.633909000073,196.0,0.0002758456848840466,0.0,24000,24000,24000,24000,24000,24000,24000,24000,24000,24000,24000
GET,/api/cart/add/anonymous-465/SHCE/1,1,0,36844.37382099998,36844.37382099998,36844.37382099998,36844.37382099998,222.0,0.0002758456848840466,0.0,37000,37000,37000,37000,37000,37000,37000,37000,37000,37000,37000
GET,/api/cart/add/anonymous-465/STAN-1/1,1,0,30895.690848999948,30895.690848999948,30895.690848999948,30895.690848999948,111.0,0.0002758456848840466,0.0,31000,31000,31000,31000,31000,31000,31000,31000,31000,31000,31000
GET,/api/cart/add/anonymous-466/HPTD/1,1,0,16975.622465000015,16975.622465000015,16975.622465000015,16975.622465000015,121.0,0.0002758456848840466,0.0,17000,17000,17000,17000,17000,17000,17000,17000,17000,17000,17000
GET,/api/cart/add/anonymous-466/RED/1,1,0,36172.997071000056,36172.997071000056,36172.997071000056,36172.997071000056,219.0,0.0002758456848840466,0.0,36000,36000,36000,36000,36000,36000,36000,36000,36000,36000,36000
GET,/api/cart/add/anonymous-466/RMC/1,1,0,36503.526360000025,36503.526360000025,36503.526360000025,36503.526360000025,184.0,0.0002758456848840466,0.0,37000,37000,37000,37000,37000,37000,37000,37000,37000,37000,37000
GET,/api/cart/add/anonymous-466/Watson/1,1,0,39858.592955000066,39858.592955000066,39858.592955000066,39858.592955000066,106.0,0.0002758456848840466,0.0,40000,40000,40000,40000,40000,40000,40000,40000,40000,40000,40000
GET,/api/cart/add/anonymous-467/EPE/1,1,0,36133.68786799992,36133.68786799992,36133.68786799992,36133.68786799992,207.0,0.0002758456848840466,0.0,36000,36000,36000,36000,36000,36000,36000,36000,36000,36000,36000
GET,/api/cart/add/anonymous-467/HPTD/1,1,0,36190.87602100001,36190.87602100001,36190.87602100001,36190.87602100001,193.0,0.0002758456848840466,0.0,36000,36000,36000,36000,36000,36000,36000,36000,36000,36000,36000
GET,/api/cart/add/anonymous-467/RMC/1,1,0,40530.905341999984,40530.905341999984,40530.905341999984,40530.905341999984,108.0,0.0002758456848840466,0.0,41000,41000,41000,41000,41000,41000,41000,41000,41000,41000,41000
GET,/api/cart/add/anonymous-467/Watson/1,1,0,17408.37199300006,17408.37199300006,17408.37199300006,17408.37199300006,106.0,0.0002758456848840466,0.0,17000,17000,17000,17000,17000,17000,17000,17000,17000,17000,17000
GET,/api/cart/add/anonymous-468/RMC/1,3,0,35000.0,31274.375271333305,19020.978925999996,39658.138183999996,108.33333333333333,0.0008275370546521397,0.0,35000,35000,40000,40000,40000,40000,40000,40000,40000,40000,40000
GET,/api/cart/add/anonymous-468/STAN-1/1,1,0,33143.148809999955,33143.148809999955,33143.148809999955,33143.148809999955,190.0,0.0002758456848840466,0.0,33000,33000,33000,33000,33000,33000,33000,33000,33000,33000,33000
GET,/api/cart/add/anonymous-469/EMM/1,1,0,16995.004662000043,16995.004662000043,16995.004662000043,16995.004662000043,137.0,0.0002758456848840466,0.0,17000,17000,17000,17000,17000,17000,17000,17000,17000,17000,17000
GET,/api/cart/add/anonymous-469/HPTD/1,1,0,35808.84358699995,35808.84358699995,35808.84358699995,35808.84358699995,223.0,0.0002758456848840466,0.0,36000,36000,36000,36000,36000,36000,36000,36000,36000,36000,36000
GET,/api/cart/add/anonymous-469/RED/1,1,0,39858.98635000001,39858.98635000001,39858.98635000001,39858.98635000001,132.0,0.0002758456848840466,0.0,40000,40000,40000,40000,40000,40000,40000,40000,40000,40000,40000
GET,/api/cart/add/anonymous-469/RMC/1,1,0,36496.26999300005,36496.26999300005,36496.26999300005,36496.26999300005,210.0,0.0002758456848840466,0.0,36000,36000,36000,36000,36000,36000,36000,36000,36000,36000,36000
GET,/api/cart/add/anonymous-47/EMM/1,1,0,44.30463999995027,44.30463999995027,44.30463999995027,44.30463999995027,221.0,0.0002758456848840466,0.0,44,44,44,44,44,44,44,44,44,44,44
GET,/api/cart/add/anonymous-47/HPTD/1,3,0,52000.0,35180.28175300007,77.44944399996712,53552.56481500009,180.0,0.0008275370546521397,0.0,52000,52000,54000,54000,54000,54000,54000,54000,54000,54000,54000
GET,/api/cart/add/anonymous-47/RED/1,1,0,86.72167399998898,86.72167399998898,86.72167399998898,86.72167399998898,132.0,0.0002758456848840466,0.0,87,87,87,87,87,87,87,87,87,87,87
GET,/api/cart/add/anonymous-47/UHJ/1,2,0,361.50323900000103,24528.4702535001,361.50323900000103,48695.437268000205,227.0,0.0005516913697680932,0.0,49000,49000,49000,49000,49000,49000,49000,49000,49000,49000,49000
GET,/api/cart/add/anonymous-47/Watson/1,1,0,57259.12242599997,57259.12242599997,57259.12242599997,57259.12242599997,106.0,0.0002758456848840466,0.0,57000,57000,57000,57000,57000,57000,57000,57000,57000,57000,57000
GET,/api/cart/add/anonymous-470/EPE/1,1,0,19849.129154000024,19849.129154000024,19849.129154000024,19849.129154000024,129.0,0.0002758456848840466,0.0,20000,20000,20000,20000,20000,20000,20000,20000,20000,20000,20000
GET,/api/cart/add/anonymous-470/RMC/1,1,0,25041.341831999944,25041.341831999944,25041.341831999944,25041.341831999944,108.0,0.0002758456848840466,0.0,25000,25000,25000,25000,25000,25000,25000,25000,25000,25000,25000
GET,/api/cart/add/anonymous-470/STAN-1/1,2,0,37000.0,41844.260598500055,36815.506376000034,46873.014821000084,184.5,0.0005516913697680932,0.0,47000,47000,47000,47000,47000,47000,47000,47000,47000,47000,47000
GET,/api/cart/add/anonymous-471/RED/1,1,0,28015.458139999966,28015.458139999966,28015.458139999966,28015.458139999966,225.0,0.0002758456848840466,0.0,28000,28000,28000,28000,28000,28000,28000,28000,28000,28000,28000
GET,/api/cart/add/anonymous-471/RMC/1,1,0,11456.119155000011,11456.119155000011,11456.119155000011,11456.119155000011,108.0,0.0002758456848840466,0.0,11000,11000,11000,11000,11000,11000,11000,11000,11000,11000,11000
GET,/api/cart/add/anonymous-471/SHCE/1,1,0,27502.832731000013,27502.832731000013,27502.832731000013,27502.832731000013,124.0,0.0002758456848840466,0.0,28000,28000,28000,28000,28000,28000,28000,28000,28000,28000,28000
GET,/api/cart/add/anonymous-471/STAN-1/1,1,0,36445.29947299998,36445.29947299998,36445.29947299998,36445.29947299998,190.0,0.0002758456848840466,0.0,36000,36000,36000,36000,36000,36000,36000,36000,36000,36000,36000
GET,/api/cart/add/anonymous-472/RED/1,1,0,27491.8476229999,27491.8476229999,27491.8476229999,27491.8476229999,132.0,0.0002758456848840466,0.0,27000,27000,27000,27000,27000,27000,27000,27000,27000,27000,27000
GET,/api/cart/add/anonymous-472/RMC/1,1,0,25132.99710500007,25132.99710500007,25132.99710500007,25132.99710500007,108.0,0.0002758456848840466,0.0,25000,25000,25000,25000,25000,25000,25000,25000,25000,25000,25000
GET,/api/cart/add/anonymous-472/SHCE/1,1,0,36182.49735200004,36182.49735200004,36182.49735200004,36182.49735200004,202.0,0.0002758456848840466,0.0,36000,36000,36000,36000,36000,36000,36000,36000,36000,36000,36000
GET,/api/cart/add/anonymous-472/Watson/1,1,0,35144.277403000044,35144.277403000044,35144.277403000044,35144.277403000044,202.0,0.0002758456848840466,0.0,35000,35000,35000,35000,35000,35000,35000,35000,35000,35000,35000
GET,/api/cart/add/anonymous-473/EMM/1,1,0,23947.37138300002,23947.37138300002,23947.37138300002,23947.37138300002,221.0,0.0002758456848840466,0.0,24000,24000,24000,24000,24000,24000,24000,24000,24000,24000,24000
GET,/api/cart/add/anonymous-473/HPTD/1,1,0,35238.98669999994,35238.98669999994,35238.98669999994,35238.98669999994,199.0,0.0002758456848840466,0.0,35000,35000,35000,35000,35000,35000,35000,35000,35000,35000,35000
GET,/api/cart/add/anonymous-473/RED/1,1,0,27534.93700399997,27534.93700399997,27534.93700399997,27534.93700399997,132.0,0.0002758456848840466,0.0,28000,28000,28000,28000,28000,28000,28000,28000,28000,28000,28000
GET,/api/cart/add/anonymous-473/RMC/1,1,0,19840.998388999993,19840.998388999993,19840.998388999993,19840.998388999993,108.0,0.0002758456848840466,0.0,20000,20000,20000,20000,20000,20000,20000,20000,20000,20000,20000
GET,/api/cart/add/anonymous-474/EMM/1,1,0,19679.231337000034,19679.231337000034,19679.231337000034,19679.231337000034,137.0,0.0002758456848840466,0.0,20000,20000,20000,20000,20000,20000,20000,20000,20000,20000,20000
GET,/api/cart/add/anonymous-474/RED/1,1,0,19901.392455000063,19901.392455000063,19901.392455000063,19901.392455000063,132.0,0.0002758456848840466,0.0,20000,20000,20000,20000,20000,20000,20000,20000,20000,20000,20000
GET,/api/cart/add/anonymous-474/UHJ/1,1,0,35225.63048299992,35225.63048299992,35225.63048299992,35225.63048299992,209.0,0.0002758456848840466,0.0,35000,35000,35000,35000,35000,35000,35000,35000,35000,35000,35000
GET,/api/cart/add/anonymous-474/Watson/1,1,0,47001.90165800007,47001.90165800007,47001.90165800007,47001.90165800007,206.0,0.0002758456848840466,0.0,47000,47000,47000,47000,47000,47000,47000,47000,47000,47000,47000
GET,/api/cart/add/anonymous-475/EPE/1,1,0,33841.12165600004,33841.12165600004,33841.12165600004,33841.12165600004,207.0,0.0002758456848840466,0.0,34000,34000,34000,34000,34000,34000,34000,34000,34000,34000,34000
GET,/api/cart/add/anonymous-475/RED/1,1,0,11848.176125999998,11848.176125999998,11848.176125999998,11848.176125999998,132.0,0.0002758456848840466,0.0,12000,12000,12000,12000,12000,12000,12000,12000,12000,12000,12000
GET,/api/cart/add/anonymous-475/RMC/1,1,0,26507.311958999933,26507.311958999933,26507.311958999933,26507.311958999933,108.0,0.0002758456848840466,0.0,27000,27000,27000,27000,27000,27000,27000,27000,27000,27000,27000
GET,/api/cart/add/anonymous-475/STAN-1/1,1,0,36643.423049000034,36643.423049000034,36643.423049000034,36643.423049000034,196.0,0.0002758456848840466,0.0,37000,37000,37000,37000,37000,37000,37000,37000,37000,37000,37000
GET,/api/cart/add/anonymous-476/EMM/1,1,0,36383.89453899993,36383.89453899993,36383.89453899993,36383.89453899993,229.0,0.0002758456848840466,0.0,36000,36000,36000,36000,36000,36000,36000,36000,36000,36000,36000
GET,/api/cart/add/anonymous-476/SHCE/1,1,0,17557.82688800002,17557.82688800002,17557.82688800002,17557.82688800002,124.0,0.0002758456848840466,0.0,18000,18000,18000,18000,18000,18000,18000,18000,18000,18000,18000
GET,/api/cart/add/anonymous-476/STAN-1/1,2,0,35153.83548500006,37506.871472499995,35153.83548500006,39859.90745999993,111.5,0.0005516913697680932,0.0,40000,40000,40000,40000,40000,40000,40000,40000,40000,40000,40000
GET,/api/cart/add/anonymous-477/EPE/1,2,0,27340.692794000006,30459.624472000032,27340.692794000006,33578.556150000055,175.5,0.0005516913697680932,0.0,34000,34000,34000,34000,34000,34000,34000,34000,34000,34000,34000
GET,/api/cart/add/anonymous-477/RED/1,1,0,36082.97561200004,36082.97561200004,36082.97561200004,36082.97561200004,201.0,0.0002758456848840466,0.0,36000,36000,36000,36000,36000,36000,36000,36000,36000,36000,36000
GET,/api/cart/add/anonymous-477/SHCE/1,1,0,27381.54290500006,27381.54290500006,27381.54290500006,27381.54290500006,124.0,0.0002758456848840466,0.0,27000,27000,27000,27000,27000,27000,27000,27000,27000,27000,27000
GET,/api/cart/add/anonymous-478/EMM/1,1,0,39837.192843000026,39837.192843000026,39837.192843000026,39837.192843000026,137.0,0.0002758456848840466,0.0,40000,40000,40000,40000,40000,40000,40000,40000,40000,40000,40000
GET,/api/cart/add/anonymous-478/EPE/1,1,0,37237.13829300004,37237.13829300004,37237.13829300004,37237.13829300004,205.0,0.0002758456848840466,0.0,37000,37000,37000,37000,37000,37000,37000,37000,37000,37000,37000
GET,/api/cart/add/anonymous-478/HPTD/1,1,0,51958.34820699997,51958.34820699997,51958.34820699997,51958.34820699997,213.0,0.0002758456848840466,0.0,52000,52000,52000,52000,52000,52000,52000,52000,52000,52000,52000
GET,/api/cart/add/anonymous-478/SHCE/1,1,0,17400.569220999954,17400.569220999954,17400.569220999954,17400.569220999954,124.0,0.0002758456848840466,0.0,17000,17000,17000,17000,17000,17000,17000,17000,17000,17000,17000
GET,/api/cart/add/anonymous-479/EPE/1,1,0,27299.228027999903,27299.228027999903,27299.228027999903,27299.228027999903,129.0,0.0002758456848840466,0.0,27000,27000,27000,27000,27000,27000,27000,27000,27000,27000,27000
GET,/api/cart/add/anonymous-479/RED/1,1,0,33476.17019400002,33476.17019400002,33476.17019400002,33476.17019400002,210.0,0.0002758456848840466,0.0,33000,33000,33000,33000,33000,33000,33000,33000,33000,33000,33000
GET,/api/cart/add/anonymous-479/RMC/1,1,0,39850.745769000016,39850.745769000016,39850.745769000016,39850.745769000016,108.0,0.0002758456848840466,0.0,40000,40000,40000,40000,40000,40000,40000,40000,40000,40000,40000
GET,/api/cart/add/anonymous-479/SHCE/1,1,0,33456.37257800002,33456.37257800002,33456.37257800002,33456.37257800002,222.0,0.0002758456848840466,0.0,33000,33000,33000,33000,33000,33000,33000,33000,33000,33000,33000
GET,/api/cart/add/anonymous-48/EMM/1,1,0,53539.279951000026,53539.279951000026,53539.279951000026,53539.279951000026,223.0,0.0002758456848840466,0.0,54000,54000,54000,54000,54000,54000,54000,54000,54000,54000,54000
GET,/api/cart/add/anonymous-48/HPTD/1,1,0,57866.750997000054,57866.750997000054,57866.750997000054,57866.750997000054,121.0,0.0002758456848840466,0.0,58000,58000,58000,58000,58000,58000,58000,58000,58000,58000,58000
GET,/api/cart/add/anonymous-48/RED/1,2,0,26,63.94315150001262,25.64568100001452,102.24062200001072,164.0,0.0005516913697680932,0.0,100,100,100,100,100,100,100,100,100,100,100
GET,/api/cart/add/anonymous-48/STAN-1/1,2,0,69.14501799997197,15335.454222500062,69.14501799997197,30601.76342700015,111.0,0.0005516913697680932,0.0,31000,31000,31000,31000,31000,31000,31000,31000,31000,31000,31000
GET,/api/cart/add/anonymous-48/UHJ/1,1,0,56754.27407799998,56754.27407799998,56754.27407799998,56754.27407799998,301.0,0.0002758456848840466,0.0,57000,57000,57000,57000,57000,57000,57000,57000,57000,57000,57000
GET,/api/cart/add/anonymous-48/Watson/1,1,0,90.47428500002752,90.47428500002752,90.47428500002752,90.47428500002752,202.0,0.0002758456848840466,0.0,90,90,90,90,90,90,90,90,90,90,90
GET,/api/cart/add/anonymous-480/EPE/1,1,0,17408.845797000027,17408.845797000027,17408.845797000027,17408.845797000027,129.0,0.0002758456848840466,0.0,17000,17000,17000,17000,17000,17000,17000,17000,17000,17000,17000
GET,/api/cart/add/anonymous-480/RED/1,1,0,19681.14565600001,19681.14565600001,19681.14565600001,19681.14565600001,132.0,0.0002758456848840466,0.0,20000,20000,20000,20000,20000,20000,20000,20000,20000,20000,20000
GET,/api/cart/add/anonymous-480/RMC/1,1,0,32717.203419999918,32717.203419999918,32717.203419999918,32717.203419999918,210.0,0.0002758456848840466,0.0,33000,33000,33000,33000,33000,33000,33000,33000,33000,33000,33000
GET,/api/cart/add/anonymous-480/UHJ/1,1,0,51885.51921399994,51885.51921399994,51885.51921399994,51885.51921399994,220.0,0.0002758456848840466,0.0,52000,52000,52000,52000,52000,52000,52000,52000,52000,52000,52000
GET,/api/cart/add/anonymous-481/HPTD/1,1,0,26790.499557999967,26790.499557999967,26790.499557999967,26790.499557999967,121.0,0.0002758456848840466,0.0,27000,27000,27000,27000,27000,27000,27000,27000,27000,27000,27000
GET,/api/cart/add/anonymous-481/SHCE/1,1,0,27991.12124499993,27991.12124499993,27991.12124499993,27991.12124499993,203.0,0.0002758456848840466,0.0,28000,28000,28000,28000,28000,28000,28000,28000,28000,28000,28000
GET,/api/cart/add/anonymous-481/STAN-1/1,1,0,27833.89179699998,27833.89179699998,27833.89179699998,27833.89179699998,111.0,0.0002758456848840466,0.0,28000,28000,28000,28000,28000,28000,28000,28000,28000,28000,28000
GET,/api/cart/add/anonymous-481/UHJ/1,1,0,28056.458330000056,28056.458330000056,28056.458330000056,28056.458330000056,226.0,0.0002758456848840466,0.0,28000,28000,28000,28000,28000,28000,28000,28000,28000,28000,28000
GET,/api/cart/add/anonymous-482/STAN-1/1,1,0,16963.909443000033,16963.909443000033,16963.909443000033,16963.909443000033,111.0,0.0002758456848840466,0.0,17000,17000,17000,17000,17000,17000,17000,17000,17000,17000,17000
GET,/api/cart/add/anonymous-482/Watson/1,3,0,36000.0,37046.28745633337,35217.365917000054,39828.760750000016,130.66666666666666,0.0008275370546521397,0.0,36000,36000,40000,40000,40000,40000,40000,40000,40000,40000,40000
GET,/api/cart/add/anonymous-483/RMC/1,1,0,36203.11002400001,36203.11002400001,36203.11002400001,36203.11002400001,202.0,0.0002758456848840466,0.0,36000,36000,36000,36000,36000,36000,36000,36000,36000,36000,36000
GET,/api/cart/add/anonymous-483/SHCE/1,2,0,17000.0,26447.61478049998,16761.44388700004,36133.78567399991,163.5,0.0005516913697680932,0.0,36000,36000,36000,36000,36000,36000,36000,36000,36000,36000,36000
GET,/api/cart/add/anonymous-483/STAN-1/1,1,0,27342.048901,27342.048901,27342.048901,27342.048901,111.0,0.0002758456848840466,0.0,27000,27000,27000,27000,27000,27000,27000,27000,27000,27000,27000
GET,/api/cart/add/anonymous-484/EPE/1,3,0,33000.0,29747.519035999972,16876.12057399997,39661.38621699997,129.33333333333334,0.0008275370546521397,0.0,33000,33000,40000,40000,40000,40000,40000,40000,40000,40000,40000
GET,/api/cart/add/anonymous-484/SHCE/1,1,0,35247.08546199997,35247.08546199997,35247.08546199997,35247.08546199997,222.0,0.0002758456848840466,0.0,35000,35000,35000,35000,35000,35000,35000,35000,35000,35000,35000
GET,/api/cart/add/anonymous-485/EPE/1,1,0,34073.76314700002,34073.76314700002,34073.76314700002,34073.76314700002,200.0,0.0002758456848840466,0.0,34000,34000,34000,34000,34000,34000,34000,34000,34000,34000,34000
GET,/api/cart/add/anonymous-485/STAN-1/1,1,0,33464.239246000034,33464.239246000034,33464.239246000034,33464.239246000034,182.0,0.0002758456848840466,0.0,33000,33000,33000,33000,33000,33000,33000,33000,33000,33000,33000
GET,/api/cart/add/anonymous-485/Watson/1,2,0,21000.0,23905.888720999996,20810.248365000007,27001.529076999985,106.0,0.0005516913697680932,0.0,27000,27000,27000,27000,27000,27000,27000,27000,27000,27000,27000
GET,/api/cart/add/anonymous-486/EPE/1,1,0,33586.22571599994,33586.22571599994,33586.22571599994,33586.22571599994,222.0,0.0002758456848840466,0.0,34000,34000,34000,34000,34000,34000,34000,34000,34000,34000,34000
GET,/api/cart/add/anonymous-486/RMC/1,1,0,23745.16032600002,23745.16032600002,23745.16032600002,23745.16032600002,184.0,0.0002758456848840466,0.0,24000,24000,24000,24000,24000,24000,24000,24000,24000,24000,24000
GET,/api/cart/add/anonymous-486/SHCE/1,1,0,27320.54017500002,27320.54017500002,27320.54017500002,27320.54017500002,124.0,0.0002758456848840466,0.0,27000,27000,27000,27000,27000,27000,27000,27000,27000,27000,27000
GET,/api/cart/add/anonymous-486/Watson/1,1,0,39760.66722899998,39760.66722899998,39760.66722899998,39760.66722899998,106.0,0.0002758456848840466,0.0,40000,40000,40000,40000,40000,40000,40000,40000,40000,40000,40000
GET,/api/cart/add/anonymous-487/RED/1,2,0,28000.0,40170.994715999994,27920.40370799998,52421.58572400001,164.0,0.0005516913697680932,0.0,52000,52000,52000,52000,52000,52000,52000,52000,52000,52000,52000
GET,/api/cart/add/anonymous-487/STAN-1/1,2,0,27101.28011500001,27586.58023999999,27101.28011500001,28071.880364999968,153.5,0.0005516913697680932,0.0,28000,28000,28000,28000,28000,28000,28000,28000,28000,28000,28000
GET,/api/cart/add/anonymous-488/EMM/1,2,0,27000.0,30189.08921000002,26852.605545000075,33525.57287499997,137.0,0.0005516913697680932,0.0,34000,34000,34000,34000,34000,34000,34000,34000,34000,34000,34000
GET,/api/cart/add/anonymous-488/HPTD/1,1,0,39837.11964299994,39837.11964299994,39837.11964299994,39837.11964299994,121.0,0.0002758456848840466,0.0,40000,40000,40000,40000,40000,40000,40000,40000,40000,40000,40000
GET,/api/cart/add/anonymous-488/RMC/1,1,0,37429.71916399995,37429.71916399995,37429.71916399995,37429.71916399995,199.0,0.0002758456848840466,0.0,37000,37000,37000,37000,37000,37000,37000,37000,37000,37000,37000
GET,/api/cart/add/anonymous-489/HPTD/1,1,0,39829.70755999997,39829.70755999997,39829.70755999997,39829.70755999997,121.0,0.0002758456848840466,0.0,40000,40000,40000,40000,40000,40000,40000,40000,40000,40000,40000
GET,/api/cart/add/anonymous-489/RMC/1,1,0,36144.785867999984,36144.785867999984,36144.785867999984,36144.785867999984,199.0,0.0002758456848840466,0.0,36000,36000,36000,36000,36000,36000,36000,36000,36000,36000,36000
GET,/api/cart/add/anonymous-489/SHCE/1,1,0,35680.51870599993,35680.51870599993,35680.51870599993,35680.51870599993,203.0,0.0002758456848840466,0.0,36000,36000,36000,36000,36000,36000,36000,36000,36000,36000,36000
GET,/api/cart/add/anonymous-489/STAN-1/1,1,0,16714.93004799993,16714.93004799993,16714.93004799993,16714.93004799993,111.0,0.0002758456848840466,0.0,17000,17000,17000,17000,17000,17000,17000,17000,17000,17000,17000
GET,/api/cart/add/anonymous-49/EMM/1,3,0,21000.0,24469.46105366669,297.8933389999838,51916.84217800002,158.33333333333334,0.0008275370546521397,0.0,21000,21000,52000,52000,52000,52000,52000,52000,52000,52000,52000
GET,/api/cart/add/anonymous-49/EPE/1,1,0,48901.96334600023,48901.96334600023,48901.96334600023,48901.96334600023,217.0,0.0002758456848840466,0.0,49000,49000,49000,49000,49000,49000,49000,49000,49000,49000,49000
GET,/api/cart/add/anonymous-49/STAN-1/1,2,0,94.38429800002268,27549.057920999985,94.38429800002268,55003.73154399995,196.5,0.0005516913697680932,0.0,55000,55000,55000,55000,55000,55000,55000,55000,55000,55000,55000
GET,/api/cart/add/anonymous-49/UHJ/1,1,0,44.61854100003393,44.61854100003393,44.61854100003393,44.61854100003393,138.0,0.0002758456848840466,0.0,45,45,45,45,45,45,45,45,45,45,45
GET,/api/cart/add/anonymous-49/Watson/1,1,0,75.64663900001278,75.64663900001278,75.64663900001278,75.64663900001278,209.0,0.0002758456848840466,0.0,76,76,76,76,76,76,76,76,76,76,76
GET,/api/cart/add/anonymous-490/EPE/1,1,0,27139.70188400003,27139.70188400003,27139.70188400003,27139.70188400003,129.0,0.0002758456848840466,0.0,27000,27000,27000,27000,27000,27000,27000,27000,27000,27000,27000
GET,/api/cart/add/anonymous-490/RED/1,1,0,33513.775275999935,33513.775275999935,33513.775275999935,33513.775275999935,210.0,0.0002758456848840466,0.0,34000,34000,34000,34000,34000,34000,34000,34000,34000,34000,34000
GET,/api/cart/add/anonymous-490/RMC/1,2,0,27010.04276099991,30456.71046599995,27010.04276099991,33903.37817099999,157.5,0.0005516913697680932,0.0,34000,34000,34000,34000,34000,34000,34000,34000,34000,34000,34000
GET,/api/cart/add/anonymous-491/RMC/1,1,0,36511.28682700005,36511.28682700005,36511.28682700005,36511.28682700005,190.0,0.0002758456848840466,0.0,37000,37000,37000,37000,37000,37000,37000,37000,37000,37000,37000
GET,/api/cart/add/anonymous-491/STAN-1/1,1,0,39817.98224300007,39817.98224300007,39817.98224300007,39817.98224300007,111.0,0.0002758456848840466,0.0,40000,40000,40000,40000,40000,40000,40000,40000,40000,40000,40000
GET,/api/cart/add/anonymous-491/UHJ/1,1,0,27138.57372599989,27138.57372599989,27138.57372599989,27138.57372599989,138.0,0.0002758456848840466,0.0,27000,27000,27000,27000,27000,27000,27000,27000,27000,27000,27000
GET,/api/cart/add/anonymous-491/Watson/1,1,0,33792.370960999964,33792.370960999964,33792.370960999964,33792.370960999964,209.0,0.0002758456848840466,0.0,34000,34000,34000,34000,34000,34000,34000,34000,34000,34000,34000
GET,/api/cart/add/anonymous-492/EMM/1,1,0,26999.75017600002,26999.75017600002,26999.75017600002,26999.75017600002,137.0,0.0002758456848840466,0.0,27000,27000,27000,27000,27000,27000,27000,27000,27000,27000,27000
GET,/api/cart/add/anonymous-492/EPE/1,1,0,19729.167814999983,19729.167814999983,19729.167814999983,19729.167814999983,129.0,0.0002758456848840466,0.0,20000,20000,20000,20000,20000,20000,20000,20000,20000,20000,20000
GET,/api/cart/add/anonymous-492/RMC/1,1,0,28125.601394,28125.601394,28125.601394,28125.601394,215.0,0.0002758456848840466,0.0,28000,28000,28000,28000,28000,28000,28000,28000,28000,28000,28000
GET,/api/cart/add/anonymous-492/STAN-1/1,1,0,35379.06809200001,35379.06809200001,35379.06809200001,35379.06809200001,179.0,0.0002758456848840466,0.0,35000,35000,35000,35000,35000,35000,35000,35000,35000,35000,35000
GET,/api/cart/add/anonymous-493/EPE/1,1,0,32701.59123899998,32701.59123899998,32701.59123899998,32701.59123899998,207.0,0.0002758456848840466,0.0,33000,33000,33000,33000,33000,33000,33000,33000,33000,33000,33000
GET,/api/cart/add/anonymous-493/RMC/1,1,0,26811.190546000034,26811.190546000034,26811.190546000034,26811.190546000034,108.0,0.0002758456848840466,0.0,27000,27000,27000,27000,27000,27000,27000,27000,27000,27000,27000
GET,/api/cart/add/anonymous-493/STAN-1/1,1,0,46762.08553899994,46762.08553899994,46762.08553899994,46762.08553899994,182.0,0.0002758456848840466,0.0,47000,47000,47000,47000,47000,47000,47000,47000,47000,47000,47000
GET,/api/cart/add/anonymous-493/Watson/1,1,0,20129.579514999932,20129.579514999932,20129.579514999932,20129.579514999932,106.0,0.0002758456848840466,0.0,20000,20000,20000,20000,20000,20000,20000,20000,20000,20000,20000
GET,/api/cart/add/anonymous-494/EMM/1,2,0,26000.0,31611.272484999972,25987.051686999963,37235.49328299998,169.0,0.0005516913697680932,0.0,37000,37000,37000,37000,37000,37000,37000,37000,37000,37000,37000
GET,/api/cart/add/anonymous-494/RED/1,1,0,32766.800366999974,32766.800366999974,32766.800366999974,32766.800366999974,221.0,0.0002758456848840466,0.0,33000,33000,33000,33000,33000,33000,33000,33000,33000,33000,33000
GET,/api/cart/add/anonymous-494/STAN-1/1,1,0,39750.24311300001,39750.24311300001,39750.24311300001,39750.24311300001,111.0,0.0002758456848840466,0.0,40000,40000,40000,40000,40000,40000,40000,40000,40000,40000,40000
GET,/api/cart/add/anonymous-495/HPTD/1,1,0,26791.068948999964,26791.068948999964,26791.068948999964,26791.068948999964,121.0,0.0002758456848840466,0.0,27000,27000,27000,27000,27000,27000,27000,27000,27000,27000,27000
GET,/api/cart/add/anonymous-495/STAN-1/1,1,0,35799.113035,35799.113035,35799.113035,35799.113035,182.0,0.0002758456848840466,0.0,36000,36000,36000,36000,36000,36000,36000,36000,36000,36000,36000
GET,/api/cart/add/anonymous-495/UHJ/1,1,0,52197.15174800001,52197.15174800001,52197.15174800001,52197.15174800001,226.0,0.0002758456848840466,0.0,52000,52000,52000,52000,52000,52000,52000,52000,52000,52000,52000
GET,/api/cart/add/anonymous-495/Watson/1,1,0,20113.47535999994,20113.47535999994,20113.47535999994,20113.47535999994,106.0,0.0002758456848840466,0.0,20000,20000,20000,20000,20000,20000,20000,20000,20000,20000,20000
GET,/api/cart/add/anonymous-496/EPE/1,2,0,20000.0,29797.80983500007,19756.04812100005,39839.57154900009,129.0,0.0005516913697680932,0.0,40000,40000,40000,40000,40000,40000,40000,40000,40000,40000,40000
GET,/api/cart/add/anonymous-496/RMC/1,1,0,36135.17298099998,36135.17298099998,36135.17298099998,36135.17298099998,207.0,0.0002758456848840466,0.0,36000,36000,36000,36000,36000,36000,36000,36000,36000,36000,36000
GET,/api/cart/add/anonymous-496/STAN-1/1,1,0,33580.888985,33580.888985,33580.888985,33580.888985,179.0,0.0002758456848840466,0.0,34000,34000,34000,34000,34000,34000,34000,34000,34000,34000,34000
GET,/api/cart/add/anonymous-497/EMM/1,1,0,17826.70228699999,17826.70228699999,17826.70228699999,17826.70228699999,137.0,0.0002758456848840466,0.0,18000,18000,18000,18000,18000,18000,18000,18000,18000,18000,18000
GET,/api/cart/add/anonymous-497/RMC/1,1,0,37428.543854000054,37428.543854000054,37428.543854000054,37428.543854000054,202.0,0.0002758456848840466,0.0,37000,37000,37000,37000,37000,37000,37000,37000,37000,37000,37000
GET,/api/cart/add/anonymous-497/SHCE/1,1,0,39809.19244800009,39809.19244800009,39809.19244800009,39809.19244800009,124.0,0.0002758456848840466,0.0,40000,40000,40000,40000,40000,40000,40000,40000,40000,40000,40000
GET,/api/cart/add/anonymous-497/Watson/1,1,0,52053.91184299992,52053.91184299992,52053.91184299992,52053.91184299992,206.0,0.0002758456848840466,0.0,52000,52000,52000,52000,52000,52000,52000,52000,52000,52000,52000
GET,/api/cart/add/anonymous-498/EMM/1,1,0,28118.738037999945,28118.738037999945,28118.738037999945,28118.738037999945,215.0,0.0002758456848840466,0.0,28000,28000,28000,28000,28000,28000,28000,28000,28000,28000,28000
GET,/api/cart/add/anonymous-498/RMC/1,1,0,17865.760751000038,17865.760751000038,17865.760751000038,17865.760751000038,108.0,0.0002758456848840466,0.0,18000,18000,18000,18000,18000,18000,18000,18000,18000,18000,18000
GET,/api/cart/add/anonymous-498/SHCE/1,1,0,40154.08083600005,40154.08083600005,40154.08083600005,40154.08083600005,124.0,0.0002758456848840466,0.0,40000,40000,40000,40000,40000,40000,40000,40000,40000,40000,40000
GET,/api/cart/add/anonymous-498/Watson/1,1,0,27746.996778000037,27746.996778000037,27746.996778000037,27746.996778000037,198.0,0.0002758456848840466,0.0,28000,28000,28000,28000,28000,28000,28000,28000,28000,28000,28000
GET,/api/cart/add/anonymous-499/RED/1,2,0,28000.0,31955.620291499996,27537.52523000003,36373.71535299996,164.0,0.0005516913697680932,0.0,36000,36000,36000,36000,36000,36000,36000,36000,36000,36000,36000
GET,/api/cart/add/anonymous-499/STAN-1/1,1,0,17990.31191900008,17990.31191900008,17990.31191900008,17990.31191900008,111.0,0.0002758456848840466,0.0,18000,18000,18000,18000,18000,18000,18000,18000,18000,18000,18000
GET,/api/cart/add/anonymous-499/UHJ/1,1,0,23956.046780000066,23956.046780000066,23956.046780000066,23956.046780000066,209.0,0.0002758456848840466,0.0,24000,24000,24000,24000,24000,24000,24000,24000,24000,24000,24000
GET,/api/cart/add/anonymous-5/EPE/1,1,0,89716.25270100003,89716.25270100003,89716.25270100003,89716.25270100003,129.0,0.0002758456848840466,0.0,90000,90000,90000,90000,90000,90000,90000,90000,90000,90000,90000
GET,/api/cart/add/anonymous-5/HPTD/1,2,0,192.91110699998626,728614.4147144998,192.91110699998626,1457035.9183219997,219.0,0.0005516913697680932,0.0,1457000,1457000,1457000,1457000,1457000,1457000,1457000,1457000,1457000,1457000,1457000
GET,/api/cart/add/anonymous-5/RED/1,1,0,26.89208399999643,26.89208399999643,26.89208399999643,26.89208399999643,132.0,0.0002758456848840466,0.0,27,27,27,27,27,27,27,27,27,27,27
GET,/api/cart/add/anonymous-5/STAN-1/1,1,0,57358.90507999966,57358.90507999966,57358.90507999966,57358.90507999966,272.0,0.0002758456848840466,0.0,57000,57000,57000,57000,57000,57000,57000,57000,57000,57000,57000
GET,/api/cart/add/anonymous-5/UHJ/1,1,0,55.50567500000625,55.50567500000625,55.50567500000625,55.50567500000625,138.0,0.0002758456848840466,0.0,56,56,56,56,56,56,56,56,56,56,56
GET,/api/cart/add/anonymous-5/Watson/1,1,0,91.66738900000837,91.66738900000837,91.66738900000837,91.66738900000837,209.0,0.0002758456848840466,0.0,92,92,92,92,92,92,92,92,92,92,92
GET,/api/cart/add/anonymous-50/EMM/1,1,0,56.54827800003659,56.54827800003659,56.54827800003659,56.54827800003659,137.0,0.0002758456848840466,0.0,57,57,57,57,57,57,57,57,57,57,57
GET,/api/cart/add/anonymous-50/EPE/1,3,1,29000.0,50250.2737693332,142.3863489999917,121854.50682799956,116.33333333333333,0.0008275370546521397,0.0002758456848840466,29000,29000,122000,122000,122000,122000,122000,122000,122000,122000,122000
GET,/api/cart/add/anonymous-50/HPTD/1,1,0,109.91084599999112,109.91084599999112,109.91084599999112,109.91084599999112,223.0,0.0002758456848840466,0.0,110,110,110,110,110,110,110,110,110,110,110
GET,/api/cart/add/anonymous-50/RED/1,1,0,22537.894871999924,22537.894871999924,22537.894871999924,22537.894871999924,201.0,0.0002758456848840466,0.0,23000,23000,23000,23000,23000,23000,23000,23000,23000,23000,23000
GET,/api/cart/add/anonymous-50/RMC/1,1,0,28824.5690079998,28824.5690079998,28824.5690079998,28824.5690079998,279.0,0.0002758456848840466,0.0,29000,29000,29000,29000,29000,29000,29000,29000,29000,29000,29000
GET,/api/cart/add/anonymous-50/UHJ/1,1,0,107.64913999997816,107.64913999997816,107.64913999997816,107.64913999997816,138.0,0.0002758456848840466,0.0,110,110,110,110,110,110,110,110,110,110,110
GET,/api/cart/add/anonymous-500/EPE/1,2,0,27284.938579999904,27540.26374749998,27284.938579999904,27795.58891500005,129.5,0.0005516913697680932,0.0,28000,28000,28000,28000,28000,28000,28000,28000,28000,28000,28000
GET,/api/cart/add/anonymous-500/HPTD/1,2,0,18000.0,34982.047876000026,17936.336037000045,52027.759715,121.0,0.0005516913697680932,0.0,52000,52000,52000,52000,52000,52000,52000,52000,52000,52000,52000
GET,/api/cart/add/anonymous-501/HPTD/1,2,0,26406.332311999904,39115.02617799994,26406.332311999904,51823.72004399997,121.0,0.0005516913697680932,0.0,52000,52000,52000,52000,52000,52000,52000,52000,52000,52000,52000
GET,/api/cart/add/anonymous-501/RED/1,1,0,52033.71166700003,52033.71166700003,52033.71166700003,52033.71166700003,196.0,0.0002758456848840466,0.0,52000,52000,52000,52000,52000,52000,52000,52000,52000,52000,52000
GET,/api/cart/add/anonymous-501/STAN-1/1,1,0,17465.472364000107,17465.472364000107,17465.472364000107,17465.472364000107,111.0,0.0002758456848840466,0.0,17000,17000,17000,17000,17000,17000,17000,17000,17000,17000,17000
GET,/api/cart/add/anonymous-502/EMM/1,1,0,52007.60000800005,52007.60000800005,52007.60000800005,52007.60000800005,206.0,0.0002758456848840466,0.0,52000,52000,52000,52000,52000,52000,52000,52000,52000,52000,52000
GET,/api/cart/add/anonymous-502/RMC/1,1,0,27548.504057999933,27548.504057999933,27548.504057999933,27548.504057999933,108.0,0.0002758456848840466,0.0,28000,28000,28000,28000,28000,28000,28000,28000,28000,28000,28000
GET,/api/cart/add/anonymous-502/Watson/1,2,0,24177.56134000001,26249.330975999954,24177.56134000001,28321.100611999897,145.0,0.0005516913697680932,0.0,28000,28000,28000,28000,28000,28000,28000,28000,28000,28000,28000
GET,/api/cart/add/anonymous-503/EPE/1,1,0,36443.68844600001,36443.68844600001,36443.68844600001,36443.68844600001,179.0,0.0002758456848840466,0.0,36000,36000,36000,36000,36000,36000,36000,36000,36000,36000,36000
GET,/api/cart/add/anonymous-503/RED/1,1,0,32520.74050099998,32520.74050099998,32520.74050099998,32520.74050099998,196.0,0.0002758456848840466,0.0,33000,33000,33000,33000,33000,33000,33000,33000,33000,33000,33000
GET,/api/cart/add/anonymous-503/STAN-1/1,2,0,18000.0,21804.07049400003,17913.90698800001,25694.23400000005,111.0,0.0005516913697680932,0.0,26000,26000,26000,26000,26000,26000,26000,26000,26000,26000,26000
GET,/api/cart/add/anonymous-504/RED/1,2,0,18153.537196,22746.34762750003,18153.537196,27339.158059000056,167.0,0.0005516913697680932,0.0,27000,27000,27000,27000,27000,27000,27000,27000,27000,27000,27000
GET,/api/cart/add/anonymous-504/RMC/1,1,0,33224.907289000046,33224.907289000046,33224.907289000046,33224.907289000046,210.0,0.0002758456848840466,0.0,33000,33000,33000,33000,33000,33000,33000,33000,33000,33000,33000
GET,/api/cart/add/anonymous-504/Watson/1,1,0,35844.76824900003,35844.76824900003,35844.76824900003,35844.76824900003,106.0,0.0002758456848840466,0.0,36000,36000,36000,36000,36000,36000,36000,36000,36000,36000,36000
GET,/api/cart/add/anonymous-505/EPE/1,1,0,32590.23248800008,32590.23248800008,32590.23248800008,32590.23248800008,200.0,0.0002758456848840466,0.0,33000,33000,33000,33000,33000,33000,33000,33000,33000,33000,33000
GET,/api/cart/add/anonymous-505/SHCE/1,1,0,19453.124501999922,19453.124501999922,19453.124501999922,19453.124501999922,124.0,0.0002758456848840466,0.0,19000,19000,19000,19000,19000,19000,19000,19000,19000,19000,19000
GET,/api/cart/add/anonymous-505/UHJ/1,1,0,32470.845020999946,32470.845020999946,32470.845020999946,32470.845020999946,230.0,0.0002758456848840466,0.0,32000,32000,32000,32000,32000,32000,32000,32000,32000,32000,32000
GET,/api/cart/add/anonymous-505/Watson/1,1,0,36196.57872899995,36196.57872899995,36196.57872899995,36196.57872899995,106.0,0.0002758456848840466,0.0,36000,36000,36000,36000,36000,36000,36000,36000,36000,36000,36000
GET,/api/cart/add/anonymous-506/EMM/1,2,0,36000.0,36611.84949949995,35783.64314099997,37440.055857999934,175.5,0.0005516913697680932,0.0,37000,37000,37000,37000,37000,37000,37000,37000,37000,37000,37000
GET,/api/cart/add/anonymous-506/SHCE/1,1,0,61694.668109999955,61694.668109999955,61694.668109999955,61694.668109999955,229.0,0.0002758456848840466,0.0,62000,62000,62000,62000,62000,62000,62000,62000,62000,62000,62000
GET,/api/cart/add/anonymous-506/UHJ/1,1,0,35916.80451299999,35916.80451299999,35916.80451299999,35916.80451299999,138.0,0.0002758456848840466,0.0,36000,36000,36000,36000,36000,36000,36000,36000,36000,36000,36000
GET,/api/cart/add/anonymous-507/EPE/1,1,0,36946.13367699992,36946.13367699992,36946.13367699992,36946.13367699992,207.0,0.0002758456848840466,0.0,37000,37000,37000,37000,37000,37000,37000,37000,37000,37000,37000
GET,/api/cart/add/anonymous-507/RMC/1,1,0,35925.60240600005,35925.60240600005,35925.60240600005,35925.60240600005,108.0,0.0002758456848840466,0.0,36000,36000,36000,36000,36000,36000,36000,36000,36000,36000,36000
GET,/api/cart/add/anonymous-507/SHCE/1,1,0,17664.33417299993,17664.33417299993,17664.33417299993,17664.33417299993,124.0,0.0002758456848840466,0.0,18000,18000,18000,18000,18000,18000,18000,18000,18000,18000,18000
GET,/api/cart/add/anonymous-507/Watson/1,1,0,36756.148972,36756.148972,36756.148972,36756.148972,198.0,0.0002758456848840466,0.0,37000,37000,37000,37000,37000,37000,37000,37000,37000,37000,37000
GET,/api/cart/add/anonymous-508/RED/1,2,0,18230.93365699992,25315.417094999986,18230.93365699992,32399.90053300005,133.0,0.0005516913697680932,0.0,32000,32000,32000,32000,32000,32000,32000,32000,32000,32000,32000
GET,/api/cart/add/anonymous-508/SHCE/1,2,0,33000.0,34612.90415800005,32799.804963000046,36426.00335300006,124.5,0.0005516913697680932,0.0,36000,36000,36000,36000,36000,36000,36000,36000,36000,36000,36000
GET,/api/cart/add/anonymous-509/EMM/1,1,0,25754.33637699996,25754.33637699996,25754.33637699996,25754.33637699996,137.0,0.0002758456848840466,0.0,26000,26000,26000,26000,26000,26000,26000,26000,26000,26000,26000
GET,/api/cart/add/anonymous-509/EPE/1,1,0,36433.061260000046,36433.061260000046,36433.061260000046,36433.061260000046,205.0,0.0002758456848840466,0.0,36000,36000,36000,36000,36000,36000,36000,36000,36000,36000,36000
GET,/api/cart/add/anonymous-509/Watson/1,2,0,25040.503523999974,30766.32199649998,25040.503523999974,36492.14046899999,105.0,0.0005516913697680932,0.0,36000,36000,36000,36000,36000,36000,36000,36000,36000,36000,36000
GET,/api/cart/add/anonymous-51/EMM/1,1,0,39.7451260000139,39.7451260000139,39.7451260000139,39.7451260000139,206.0,0.0002758456848840466,0.0,40,40,40,40,40,40,40,40,40,40,40
GET,/api/cart/add/anonymous-51/RED/1,1,0,40.579127999990305,40.579127999990305,40.579127999990305,40.579127999990305,132.0,0.0002758456848840466,0.0,41,41,41,41,41,41,41,41,41,41,41
GET,/api/cart/add/anonymous-51/STAN-1/1,1,0,80.1129530000253,80.1129530000253,80.1129530000253,80.1129530000253,196.0,0.0002758456848840466,0.0,80,80,80,80,80,80,80,80,80,80,80
GET,/api/cart/add/anonymous-51/Watson/1,1,0,82.18185900000208,82.18185900000208,82.18185900000208,82.18185900000208,106.0,0.0002758456848840466,0.0,82,82,82,82,82,82,82,82,82,82,82
GET,/api/cart/add/anonymous-510/HPTD/1,2,0,37319.698651000064,38954.26846250007,37319.698651000064,40588.83827400007,121.0,0.0005516913697680932,0.0,41000,41000,41000,41000,41000,41000,41000,41000,41000,41000,41000
GET,/api/cart/add/anonymous-510/STAN-1/1,1,0,27360.174349000088,27360.174349000088,27360.174349000088,27360.174349000088,182.0,0.0002758456848840466,0.0,27000,27000,27000,27000,27000,27000,27000,27000,27000,27000,27000
GET,/api/cart/add/anonymous-510/Watson/1,1,0,35766.738411000006,35766.738411000006,35766.738411000006,35766.738411000006,106.0,0.0002758456848840466,0.0,36000,36000,36000,36000,36000,36000,36000,36000,36000,36000,36000
GET,/api/cart/add/anonymous-511/HPTD/1,1,0,36634.21887499999,36634.21887499999,36634.21887499999,36634.21887499999,193.0,0.0002758456848840466,0.0,37000,37000,37000,37000,37000,37000,37000,37000,37000,37000,37000
GET,/api/cart/add/anonymous-511/UHJ/1,2,0,28258.268973999977,29563.691713000026,28258.268973999977,30869.114452000074,139.5,0.0005516913697680932,0.0,31000,31000,31000,31000,31000,31000,31000,31000,31000,31000,31000
GET,/api/cart/add/anonymous-511/Watson/1,1,0,36004.50051099995,36004.50051099995,36004.50051099995,36004.50051099995,106.0,0.0002758456848840466,0.0,36000,36000,36000,36000,36000,36000,36000,36000,36000,36000,36000
GET,/api/cart/add/anonymous-512/EPE/1,1,0,36152.33889700005,36152.33889700005,36152.33889700005,36152.33889700005,220.0,0.0002758456848840466,0.0,36000,36000,36000,36000,36000,36000,36000,36000,36000,36000,36000
GET,/api/cart/add/anonymous-512/HPTD/1,1,0,27547.32340299995,27547.32340299995,27547.32340299995,27547.32340299995,121.0,0.0002758456848840466,0.0,28000,28000,28000,28000,28000,28000,28000,28000,28000,28000,28000
GET,/api/cart/add/anonymous-512/UHJ/1,1,0,17671.375238999986,17671.375238999986,17671.375238999986,17671.375238999986,138.0,0.0002758456848840466,0.0,18000,18000,18000,18000,18000,18000,18000,18000,18000,18000,18000
GET,/api/cart/add/anonymous-512/Watson/1,1,0,27871.70086900005,27871.70086900005,27871.70086900005,27871.70086900005,193.0,0.0002758456848840466,0.0,28000,28000,28000,28000,28000,28000,28000,28000,28000,28000,28000
GET,/api/cart/add/anonymous-513/EPE/1,1,0,52099.05444699996,52099.05444699996,52099.05444699996,52099.05444699996,201.0,0.0002758456848840466,0.0,52000,52000,52000,52000,52000,52000,52000,52000,52000,52000,52000
GET,/api/cart/add/anonymous-513/RED/1,2,0,24075.615802000015,29999.793195999984,24075.615802000015,35923.97058999995,132.0,0.0005516913697680932,0.0,36000,36000,36000,36000,36000,36000,36000,36000,36000,36000,36000
GET,/api/cart/add/anonymous-513/UHJ/1,1,0,27818.240071000106,27818.240071000106,27818.240071000106,27818.240071000106,209.0,0.0002758456848840466,0.0,28000,28000,28000,28000,28000,28000,28000,28000,28000,28000,28000
GET,/api/cart/add/anonymous-514/EPE/1,2,0,18223.06757299998,31028.40347099999,18223.06757299998,43833.739369,154.0,0.0005516913697680932,0.0,44000,44000,44000,44000,44000,44000,44000,44000,44000,44000,44000
GET,/api/cart/add/anonymous-514/SHCE/1,1,0,52045.096366999926,52045.096366999926,52045.096366999926,52045.096366999926,222.0,0.0002758456848840466,0.0,52000,52000,52000,52000,52000,52000,52000,52000,52000,52000,52000
GET,/api/cart/add/anonymous-514/STAN-1/1,1,0,21567.856054999993,21567.856054999993,21567.856054999993,21567.856054999993,111.0,0.0002758456848840466,0.0,22000,22000,22000,22000,22000,22000,22000,22000,22000,22000,22000
GET,/api/cart/add/anonymous-515/EMM/1,1,0,27931.53810700005,27931.53810700005,27931.53810700005,27931.53810700005,223.0,0.0002758456848840466,0.0,28000,28000,28000,28000,28000,28000,28000,28000,28000,28000,28000
GET,/api/cart/add/anonymous-515/HPTD/1,1,0,35876.84043499996,35876.84043499996,35876.84043499996,35876.84043499996,121.0,0.0002758456848840466,0.0,36000,36000,36000,36000,36000,36000,36000,36000,36000,36000,36000
GET,/api/cart/add/anonymous-515/RMC/1,1,0,17625.281207999935,17625.281207999935,17625.281207999935,17625.281207999935,108.0,0.0002758456848840466,0.0,18000,18000,18000,18000,18000,18000,18000,18000,18000,18000,18000
GET,/api/cart/add/anonymous-515/Watson/1,1,0,36885.43696900001,36885.43696900001,36885.43696900001,36885.43696900001,184.0,0.0002758456848840466,0.0,37000,37000,37000,37000,37000,37000,37000,37000,37000,37000,37000
GET,/api/cart/add/anonymous-516/EPE/1,1,0,33153.846401999996,33153.846401999996,33153.846401999996,33153.846401999996,217.0,0.0002758456848840466,0.0,33000,33000,33000,33000,33000,33000,33000,33000,33000,33000,33000
GET,/api/cart/add/anonymous-516/HPTD/1,1,0,17564.897327999915,17564.897327999915,17564.897327999915,17564.897327999915,121.0,0.0002758456848840466,0.0,18000,18000,18000,18000,18000,18000,18000,18000,18000,18000,18000
GET,/api/cart/add/anonymous-516/RMC/1,1,0,27888.258715999997,27888.258715999997,27888.258715999997,27888.258715999997,202.0,0.0002758456848840466,0.0,28000,28000,28000,28000,28000,28000,28000,28000,28000,28000,28000
GET,/api/cart/add/anonymous-516/SHCE/1,1,0,27510.271955000007,27510.271955000007,27510.271955000007,27510.271955000007,124.0,0.0002758456848840466,0.0,28000,28000,28000,28000,28000,28000,28000,28000,28000,28000,28000
GET,/api/cart/add/anonymous-517/RMC/1,1,0,21735.49582500004,21735.49582500004,21735.49582500004,21735.49582500004,108.0,0.0002758456848840466,0.0,22000,22000,22000,22000,22000,22000,22000,22000,22000,22000,22000
GET,/api/cart/add/anonymous-517/STAN-1/1,2,0,36372.49285500002,36478.62603799996,36372.49285500002,36584.7592209999,186.0,0.0005516913697680932,0.0,37000,37000,37000,37000,37000,37000,37000,37000,37000,37000,37000
GET,/api/cart/add/anonymous-517/Watson/1,1,0,17633.65347700005,17633.65347700005,17633.65347700005,17633.65347700005,106.0,0.0002758456848840466,0.0,18000,18000,18000,18000,18000,18000,18000,18000,18000,18000,18000
GET,/api/cart/add/anonymous-518/RMC/1,1,0,36443.732946999946,36443.732946999946,36443.732946999946,36443.732946999946,202.0,0.0002758456848840466,0.0,36000,36000,36000,36000,36000,36000,36000,36000,36000,36000,36000
GET,/api/cart/add/anonymous-518/SHCE/1,2,0,25000.0,30366.622993999954,24540.004647999922,36193.241339999986,163.5,0.0005516913697680932,0.0,36000,36000,36000,36000,36000,36000,36000,36000,36000,36000,36000
GET,/api/cart/add/anonymous-518/STAN-1/1,1,0,17958.296608999946,17958.296608999946,17958.296608999946,17958.296608999946,111.0,0.0002758456848840466,0.0,18000,18000,18000,18000,18000,18000,18000,18000,18000,18000,18000
GET,/api/cart/add/anonymous-519/EPE/1,1,0,27780.62214199997,27780.62214199997,27780.62214199997,27780.62214199997,220.0,0.0002758456848840466,0.0,28000,28000,28000,28000,28000,28000,28000,28000,28000,28000,28000
GET,/api/cart/add/anonymous-519/RED/1,1,0,28309.753692999948,28309.753692999948,28309.753692999948,28309.753692999948,225.0,0.0002758456848840466,0.0,28000,28000,28000,28000,28000,28000,28000,28000,28000,28000,28000
GET,/api/cart/add/anonymous-519/SHCE/1,1,0,30582.388795000043,30582.388795000043,30582.388795000043,30582.388795000043,124.0,0.0002758456848840466,0.0,31000,31000,31000,31000,31000,31000,31000,31000,31000,31000,31000
GET,/api/cart/add/anonymous-519/UHJ/1,1,0,35924.41869299989,35924.41869299989,35924.41869299989,35924.41869299989,138.0,0.0002758456848840466,0.0,36000,36000,36000,36000,36000,36000,36000,36000,36000,36000,36000
GET,/api/cart/add/anonymous-52/EMM/1,1,0,85.40726900002937,85.40726900002937,85.40726900002937,85.40726900002937,137.0,0.0002758456848840466,0.0,85,85,85,85,85,85,85,85,85,85,85
GET,/api/cart/add/anonymous-52/EPE/1,1,0,47.309548999976414,47.309548999976414,47.309548999976414,47.309548999976414,205.0,0.0002758456848840466,0.0,47,47,47,47,47,47,47,47,47,47,47
GET,/api/cart/add/anonymous-52/UHJ/1,1,0,45.92664400001922,45.92664400001922,45.92664400001922,45.92664400001922,209.0,0.0002758456848840466,0.0,46,46,46,46,46,46,46,46,46,46,46
GET,/api/cart/add/anonymous-52/Watson/1,1,0,176.1156549999896,176.1156549999896,176.1156549999896,176.1156549999896,106.0,0.0002758456848840466,0.0,180,180,180,180,180,180,180,180,180,180,180
GET,/api/cart/add/anonymous-520/EMM/1,1,0,36197.40643700004,36197.40643700004,36197.40643700004,36197.40643700004,137.0,0.0002758456848840466,0.0,36000,36000,36000,36000,36000,36000,36000,36000,36000,36000,36000
GET,/api/cart/add/anonymous-520/SHCE/1,2,0,18139.811803000044,27262.199274000013,18139.811803000044,36384.58674499998,124.5,0.0005516913697680932,0.0,36000,36000,36000,36000,36000,36000,36000,36000,36000,36000,36000
GET,/api/cart/add/anonymous-520/Watson/1,1,0,35539.77863,35539.77863,35539.77863,35539.77863,206.0,0.0002758456848840466,0.0,36000,36000,36000,36000,36000,36000,36000,36000,36000,36000,36000
GET,/api/cart/add/anonymous-521/EPE/1,1,0,25111.524888000076,25111.524888000076,25111.524888000076,25111.524888000076,129.0,0.0002758456848840466,0.0,25000,25000,25000,25000,25000,25000,25000,25000,25000,25000,25000
GET,/api/cart/add/anonymous-521/RED/1,2,0,36000.0,43875.05345699998,35782.90003500001,51967.20687899995,201.5,0.0005516913697680932,0.0,52000,52000,52000,52000,52000,52000,52000,52000,52000,52000,52000
GET,/api/cart/add/anonymous-521/Watson/1,1,0,35851.91573200007,35851.91573200007,35851.91573200007,35851.91573200007,106.0,0.0002758456848840466,0.0,36000,36000,36000,36000,36000,36000,36000,36000,36000,36000,36000
GET,/api/cart/add/anonymous-522/EMM/1,1,0,32362.003725999897,32362.003725999897,32362.003725999897,32362.003725999897,215.0,0.0002758456848840466,0.0,32000,32000,32000,32000,32000,32000,32000,32000,32000,32000,32000
GET,/api/cart/add/anonymous-522/RED/1,2,0,22000.0,32699.680751499953,21566.066136999892,43833.29536600001,133.0,0.0005516913697680932,0.0,44000,44000,44000,44000,44000,44000,44000,44000,44000,44000,44000
GET,/api/cart/add/anonymous-522/RMC/1,1,0,17641.132749999997,17641.132749999997,17641.132749999997,17641.132749999997,108.0,0.0002758456848840466,0.0,18000,18000,18000,18000,18000,18000,18000,18000,18000,18000,18000
GET,/api/cart/add/anonymous-523/EPE/1,1,0,17717.601523999976,17717.601523999976,17717.601523999976,17717.601523999976,129.0,0.0002758456848840466,0.0,18000,18000,18000,18000,18000,18000,18000,18000,18000,18000,18000
GET,/api/cart/add/anonymous-523/RED/1,1,0,35905.97140700004,35905.97140700004,35905.97140700004,35905.97140700004,132.0,0.0002758456848840466,0.0,36000,36000,36000,36000,36000,36000,36000,36000,36000,36000,36000
GET,/api/cart/add/anonymous-523/RMC/1,1,0,52615.37182500001,52615.37182500001,52615.37182500001,52615.37182500001,210.0,0.0002758456848840466,0.0,53000,53000,53000,53000,53000,53000,53000,53000,53000,53000,53000
GET,/api/cart/add/anonymous-523/Watson/1,1,0,36551.45595099998,36551.45595099998,36551.45595099998,36551.45595099998,200.0,0.0002758456848840466,0.0,37000,37000,37000,37000,37000,37000,37000,37000,37000,37000,37000
GET,/api/cart/add/anonymous-524/EMM/1,2,0,33000.0,42415.242751,32704.60803499998,52125.87746700001,217.5,0.0005516913697680932,0.0,52000,52000,52000,52000,52000,52000,52000,52000,52000,52000,52000
GET,/api/cart/add/anonymous-524/SHCE/1,1,0,21473.482797999965,21473.482797999965,21473.482797999965,21473.482797999965,124.0,0.0002758456848840466,0.0,21000,21000,21000,21000,21000,21000,21000,21000,21000,21000,21000
GET,/api/cart/add/anonymous-524/Watson/1,1,0,23915.183307000007,23915.183307000007,23915.183307000007,23915.183307000007,106.0,0.0002758456848840466,0.0,24000,24000,24000,24000,24000,24000,24000,24000,24000,24000,24000
GET,/api/cart/add/anonymous-525/EMM/1,1,0,407579.41416099994,407579.41416099994,407579.41416099994,407579.41416099994,299.0,0.0002758456848840466,0.0,408000,408000,408000,408000,408000,408000,408000,408000,408000,408000,408000
GET,/api/cart/add/anonymous-525/EPE/1,1,0,37278.22407999997,37278.22407999997,37278.22407999997,37278.22407999997,129.0,0.0002758456848840466,0.0,37000,37000,37000,37000,37000,37000,37000,37000,37000,37000,37000
GET,/api/cart/add/anonymous-525/RED/1,1,0,16742.979805000003,16742.979805000003,16742.979805000003,16742.979805000003,132.0,0.0002758456848840466,0.0,17000,17000,17000,17000,17000,17000,17000,17000,17000,17000,17000
GET,/api/cart/add/anonymous-525/RMC/1,1,0,62661.410342999945,62661.410342999945,62661.410342999945,62661.410342999945,210.0,0.0002758456848840466,0.0,63000,63000,63000,63000,63000,63000,63000,63000,63000,63000,63000
GET,/api/cart/add/anonymous-526/EPE/1,1,0,35371.10452399997,35371.10452399997,35371.10452399997,35371.10452399997,201.0,0.0002758456848840466,0.0,35000,35000,35000,35000,35000,35000,35000,35000,35000,35000,35000
GET,/api/cart/add/anonymous-526/RED/1,1,0,17075.190320000045,17075.190320000045,17075.190320000045,17075.190320000045,132.0,0.0002758456848840466,0.0,17000,17000,17000,17000,17000,17000,17000,17000,17000,17000,17000
GET,/api/cart/add/anonymous-526/RMC/1,1,0,63093.30764900005,63093.30764900005,63093.30764900005,63093.30764900005,190.0,0.0002758456848840466,0.0,63000,63000,63000,63000,63000,63000,63000,63000,63000,63000,63000
GET,/api/cart/add/anonymous-526/STAN-1/1,1,0,28189.43892799996,28189.43892799996,28189.43892799996,28189.43892799996,111.0,0.0002758456848840466,0.0,28000,28000,28000,28000,28000,28000,28000,28000,28000,28000,28000
GET,/api/cart/add/anonymous-527/EPE/1,1,0,51866.16915499997,51866.16915499997,51866.16915499997,51866.16915499997,207.0,0.0002758456848840466,0.0,52000,52000,52000,52000,52000,52000,52000,52000,52000,52000,52000
GET,/api/cart/add/anonymous-527/HPTD/1,1,0,28076.27993599999,28076.27993599999,28076.27993599999,28076.27993599999,200.0,0.0002758456848840466,0.0,28000,28000,28000,28000,28000,28000,28000,28000,28000,28000,28000
GET,/api/cart/add/anonymous-527/RMC/1,1,0,16887.20821600009,16887.20821600009,16887.20821600009,16887.20821600009,108.0,0.0002758456848840466,0.0,17000,17000,17000,17000,17000,17000,17000,17000,17000,17000,17000
GET,/api/cart/add/anonymous-527/STAN-1/1,1,0,16905.78402699998,16905.78402699998,16905.78402699998,16905.78402699998,111.0,0.0002758456848840466,0.0,17000,17000,17000,17000,17000,17000,17000,17000,17000,17000,17000
GET,/api/cart/add/anonymous-528/EMM/1,1,0,101252.79862500008,101252.79862500008,101252.79862500008,101252.79862500008,205.0,0.0002758456848840466,0.0,101000,101000,101000,101000,101000,101000,101000,101000,101000,101000,101000
GET,/api/cart/add/anonymous-528/EPE/1,1,0,27806.122198000026,27806.122198000026,27806.122198000026,27806.122198000026,129.0,0.0002758456848840466,0.0,28000,28000,28000,28000,28000,28000,28000,28000,28000,28000,28000
GET,/api/cart/add/anonymous-528/STAN-1/1,2,0,28000.0,40024.776984499964,27502.26123099992,52547.29273800001,111.5,0.0005516913697680932,0.0,53000,53000,53000,53000,53000,53000,53000,53000,53000,53000,53000
GET,/api/cart/add/anonymous-529/HPTD/1,1,0,19728.48580799996,19728.48580799996,19728.48580799996,19728.48580799996,121.0,0.0002758456848840466,0.0,20000,20000,20000,20000,20000,20000,20000,20000,20000,20000,20000
GET,/api/cart/add/anonymous-529/STAN-1/1,1,0,16823.93987699993,16823.93987699993,16823.93987699993,16823.93987699993,111.0,0.0002758456848840466,0.0,17000,17000,17000,17000,17000,17000,17000,17000,17000,17000,17000
GET,/api/cart/add/anonymous-529/Watson/1,2,0,33000.0,34309.19235899995,32806.54660799996,35811.83810999994,187.5,0.0005516913697680932,0.0,36000,36000,36000,36000,36000,36000,36000,36000,36000,36000,36000
GET,/api/cart/add/anonymous-53/EMM/1,2,0,62.129795999965154,24487.84258350011,62.129795999965154,48913.55537100026,258.0,0.0005516913697680932,0.0,49000,49000,49000,49000,49000,49000,49000,49000,49000,49000,49000
GET,/api/cart/add/anonymous-53/EPE/1,1,0,193.96921200001316,193.96921200001316,193.96921200001316,193.96921200001316,200.0,0.0002758456848840466,0.0,190,190,190,190,190,190,190,190,190,190,190
GET,/api/cart/add/anonymous-53/HPTD/1,1,0,41104.398348999894,41104.398348999894,41104.398348999894,41104.398348999894,392.0,0.0002758456848840466,0.0,41000,41000,41000,41000,41000,41000,41000,41000,41000,41000,41000
GET,/api/cart/add/anonymous-53/RMC/1,1,0,38.790922999965005,38.790922999965005,38.790922999965005,38.790922999965005,215.0,0.0002758456848840466,0.0,39,39,39,39,39,39,39,39,39,39,39
GET,/api/cart/add/anonymous-53/SHCE/1,1,0,29284.97741900037,29284.97741900037,29284.97741900037,29284.97741900037,307.0,0.0002758456848840466,0.0,29000,29000,29000,29000,29000,29000,29000,29000,29000,29000,29000
GET,/api/cart/add/anonymous-53/Watson/1,1,0,172.5482439999837,172.5482439999837,172.5482439999837,172.5482439999837,106.0,0.0002758456848840466,0.0,170,170,170,170,170,170,170,170,170,170,170
GET,/api/cart/add/anonymous-530/SHCE/1,1,0,16813.82148299997,16813.82148299997,16813.82148299997,16813.82148299997,124.0,0.0002758456848840466,0.0,17000,17000,17000,17000,17000,17000,17000,17000,17000,17000,17000
GET,/api/cart/add/anonymous-530/STAN-1/1,1,0,46741.06535300007,46741.06535300007,46741.06535300007,46741.06535300007,191.0,0.0002758456848840466,0.0,47000,47000,47000,47000,47000,47000,47000,47000,47000,47000,47000
GET,/api/cart/add/anonymous-530/UHJ/1,2,0,20120.341024000027,20686.392620499988,20120.341024000027,21252.444216999946,184.0,0.0005516913697680932,0.0,21000,21000,21000,21000,21000,21000,21000,21000,21000,21000,21000
GET,/api/cart/add/anonymous-531/RED/1,1,0,35677.67098299998,35677.67098299998,35677.67098299998,35677.67098299998,196.0,0.0002758456848840466,0.0,36000,36000,36000,36000,36000,36000,36000,36000,36000,36000,36000
GET,/api/cart/add/anonymous-531/RMC/1,1,0,32489.87704700005,32489.87704700005,32489.87704700005,32489.87704700005,216.0,0.0002758456848840466,0.0,32000,32000,32000,32000,32000,32000,32000,32000,32000,32000,32000
GET,/api/cart/add/anonymous-531/STAN-1/1,1,0,16845.90383500006,16845.90383500006,16845.90383500006,16845.90383500006,111.0,0.0002758456848840466,0.0,17000,17000,17000,17000,17000,17000,17000,17000,17000,17000,17000
GET,/api/cart/add/anonymous-531/UHJ/1,1,0,20111.316739000016,20111.316739000016,20111.316739000016,20111.316739000016,138.0,0.0002758456848840466,0.0,20000,20000,20000,20000,20000,20000,20000,20000,20000,20000,20000
GET,/api/cart/add/anonymous-532/EMM/1,1,0,62741.96692299995,62741.96692299995,62741.96692299995,62741.96692299995,215.0,0.0002758456848840466,0.0,63000,63000,63000,63000,63000,63000,63000,63000,63000,63000,63000
GET,/api/cart/add/anonymous-532/RMC/1,2,0,17000.0,16881.179455999983,16746.58605100001,17015.77286099996,108.0,0.0005516913697680932,0.0,17000,17000,17000,17000,17000,17000,17000,17000,17000,17000,17000
GET,/api/cart/add/anonymous-532/UHJ/1,1,0,35297.302683,35297.302683,35297.302683,35297.302683,216.0,0.0002758456848840466,0.0,35000,35000,35000,35000,35000,35000,35000,35000,35000,35000,35000
GET,/api/cart/add/anonymous-533/EPE/1,1,0,36250.44952300005,36250.44952300005,36250.44952300005,36250.44952300005,200.0,0.0002758456848840466,0.0,36000,36000,36000,36000,36000,36000,36000,36000,36000,36000,36000
GET,/api/cart/add/anonymous-533/STAN-1/1,2,0,14000.0,20620.74413099998,13761.189146999983,27480.29911499998,111.5,0.0005516913697680932,0.0,27000,27000,27000,27000,27000,27000,27000,27000,27000,27000,27000
GET,/api/cart/add/anonymous-533/Watson/1,1,0,16906.012294999982,16906.012294999982,16906.012294999982,16906.012294999982,106.0,0.0002758456848840466,0.0,17000,17000,17000,17000,17000,17000,17000,17000,17000,17000,17000
GET,/api/cart/add/anonymous-534/HPTD/1,1,0,16905.822953999974,16905.822953999974,16905.822953999974,16905.822953999974,121.0,0.0002758456848840466,0.0,17000,17000,17000,17000,17000,17000,17000,17000,17000,17000,17000
GET,/api/cart/add/anonymous-534/SHCE/1,1,0,46673.485554999956,46673.485554999956,46673.485554999956,46673.485554999956,203.0,0.0002758456848840466,0.0,47000,47000,47000,47000,47000,47000,47000,47000,47000,47000,47000
GET,/api/cart/add/anonymous-534/STAN-1/1,2,0,20100.875335999946,35998.32061500001,20100.875335999946,51895.76589400008,155.5,0.0005516913697680932,0.0,52000,52000,52000,52000,52000,52000,52000,52000,52000,52000,52000
GET,/api/cart/add/anonymous-535/EPE/1,1,0,16986.59468800008,16986.59468800008,16986.59468800008,16986.59468800008,129.0,0.0002758456848840466,0.0,17000,17000,17000,17000,17000,17000,17000,17000,17000,17000,17000
GET,/api/cart/add/anonymous-535/RMC/1,1,0,35387.38125999998,35387.38125999998,35387.38125999998,35387.38125999998,207.0,0.0002758456848840466,0.0,35000,35000,35000,35000,35000,35000,35000,35000,35000,35000,35000
GET,/api/cart/add/anonymous-535/SHCE/1,1,0,16486.445217000095,16486.445217000095,16486.445217000095,16486.445217000095,124.0,0.0002758456848840466,0.0,16000,16000,16000,16000,16000,16000,16000,16000,16000,16000,16000
GET,/api/cart/add/anonymous-535/UHJ/1,1,0,63504.97038899994,63504.97038899994,63504.97038899994,63504.97038899994,230.0,0.0002758456848840466,0.0,64000,64000,64000,64000,64000,64000,64000,64000,64000,64000,64000
GET,/api/cart/add/anonymous-536/EPE/1,1,0,24449.10078299995,24449.10078299995,24449.10078299995,24449.10078299995,129.0,0.0002758456848840466,0.0,24000,24000,24000,24000,24000,24000,24000,24000,24000,24000,24000
GET,/api/cart/add/anonymous-536/SHCE/1,1,0,16966.895772000044,16966.895772000044,16966.895772000044,16966.895772000044,124.0,0.0002758456848840466,0.0,17000,17000,17000,17000,17000,17000,17000,17000,17000,17000,17000
GET,/api/cart/add/anonymous-536/STAN-1/1,2,0,28126.91977700001,31702.02149800002,28126.91977700001,35277.12321900003,191.0,0.0005516913697680932,0.0,35000,35000,35000,35000,35000,35000,35000,35000,35000,35000,35000
GET,/api/cart/add/anonymous-537/EMM/1,1,0,40627.48727899998,40627.48727899998,40627.48727899998,40627.48727899998,221.0,0.0002758456848840466,0.0,41000,41000,41000,41000,41000,41000,41000,41000,41000,41000,41000
GET,/api/cart/add/anonymous-537/RED/1,1,0,16496.487711999976,16496.487711999976,16496.487711999976,16496.487711999976,132.0,0.0002758456848840466,0.0,16000,16000,16000,16000,16000,16000,16000,16000,16000,16000,16000
GET,/api/cart/add/anonymous-537/SHCE/1,1,0,26398.78728300005,26398.78728300005,26398.78728300005,26398.78728300005,124.0,0.0002758456848840466,0.0,26000,26000,26000,26000,26000,26000,26000,26000,26000,26000,26000
GET,/api/cart/add/anonymous-537/Watson/1,1,0,52627.340934000014,52627.340934000014,52627.340934000014,52627.340934000014,198.0,0.0002758456848840466,0.0,53000,53000,53000,53000,53000,53000,53000,53000,53000,53000,53000
GET,/api/cart/add/anonymous-538/EPE/1,1,0,10816.154830999949,10816.154830999949,10816.154830999949,10816.154830999949,129.0,0.0002758456848840466,0.0,11000,11000,11000,11000,11000,11000,11000,11000,11000,11000,11000
GET,/api/cart/add/anonymous-538/STAN-1/1,1,0,27824.729295999987,27824.729295999987,27824.729295999987,27824.729295999987,111.0,0.0002758456848840466,0.0,28000,28000,28000,28000,28000,28000,28000,28000,28000,28000,28000
GET,/api/cart/add/anonymous-538/UHJ/1,2,1,36000.0,80396.741959,35779.762270999985,125013.72164700001,201.0,0.0005516913697680932,0.0002758456848840466,125000,125000,125000,125000,125000,125000,125000,125000,125000,125000,125000
GET,/api/cart/add/anonymous-539/EMM/1,2,0,26369.88090800003,29312.532098000018,26369.88090800003,32255.18328800001,137.0,0.0005516913697680932,0.0,32000,32000,32000,32000,32000,32000,32000,32000,32000,32000,32000
GET,/api/cart/add/anonymous-539/HPTD/1,1,0,28127.937582999948,28127.937582999948,28127.937582999948,28127.937582999948,223.0,0.0002758456848840466,0.0,28000,28000,28000,28000,28000,28000,28000,28000,28000,28000,28000
GET,/api/cart/add/anonymous-539/SHCE/1,1,0,28199.416496000027,28199.416496000027,28199.416496000027,28199.416496000027,229.0,0.0002758456848840466,0.0,28000,28000,28000,28000,28000,28000,28000,28000,28000,28000,28000
GET,/api/cart/add/anonymous-54/EPE/1,3,0,160.0,16401.472322000016,97.92250899999999,48944.041145000025,153.33333333333334,0.0008275370546521397,0.0,160,160,49000,49000,49000,49000,49000,49000,49000,49000,49000
GET,/api/cart/add/anonymous-54/HPTD/1,1,0,78.84744899996576,78.84744899996576,78.84744899996576,78.84744899996576,213.0,0.0002758456848840466,0.0,79,79,79,79,79,79,79,79,79,79,79
GET,/api/cart/add/anonymous-54/RED/1,1,0,29278.228733000105,29278.228733000105,29278.228733000105,29278.228733000105,132.0,0.0002758456848840466,0.0,29000,29000,29000,29000,29000,29000,29000,29000,29000,29000,29000
GET,/api/cart/add/anonymous-54/SHCE/1,1,0,66.28690899998446,66.28690899998446,66.28690899998446,66.28690899998446,124.0,0.0002758456848840466,0.0,66,66,66,66,66,66,66,66,66,66,66
GET,/api/cart/add/anonymous-540/RED/1,1,0,28116.68242099995,28116.68242099995,28116.68242099995,28116.68242099995,202.0,0.0002758456848840466,0.0,28000,28000,28000,28000,28000,28000,28000,28000,28000,28000,28000
GET,/api/cart/add/anonymous-540/STAN-1/1,1,0,52775.689358000025,52775.689358000025,52775.689358000025,52775.689358000025,182.0,0.0002758456848840466,0.0,53000,53000,53000,53000,53000,53000,53000,53000,53000,53000,53000
GET,/api/cart/add/anonymous-540/Watson/1,2,0,27000.0,29297.244404999958,26843.220052999983,31751.268756999933,106.0,0.0005516913697680932,0.0,32000,32000,32000,32000,32000,32000,32000,32000,32000,32000,32000
GET,/api/cart/add/anonymous-541/EPE/1,1,0,26959.869892000028,26959.869892000028,26959.869892000028,26959.869892000028,129.0,0.0002758456848840466,0.0,27000,27000,27000,27000,27000,27000,27000,27000,27000,27000,27000
GET,/api/cart/add/anonymous-541/HPTD/1,1,0,32235.254773000066,32235.254773000066,32235.254773000066,32235.254773000066,121.0,0.0002758456848840466,0.0,32000,32000,32000,32000,32000,32000,32000,32000,32000,32000,32000
GET,/api/cart/add/anonymous-541/RED/1,1,0,33676.885312999955,33676.885312999955,33676.885312999955,33676.885312999955,201.0,0.0002758456848840466,0.0,34000,34000,34000,34000,34000,34000,34000,34000,34000,34000,34000
GET,/api/cart/add/anonymous-541/SHCE/1,1,0,52038.93586100003,52038.93586100003,52038.93586100003,52038.93586100003,213.0,0.0002758456848840466,0.0,52000,52000,52000,52000,52000,52000,52000,52000,52000,52000,52000
GET,/api/cart/add/anonymous-542/EMM/1,1,0,33923.45994099992,33923.45994099992,33923.45994099992,33923.45994099992,215.0,0.0002758456848840466,0.0,34000,34000,34000,34000,34000,34000,34000,34000,34000,34000,34000
GET,/api/cart/add/anonymous-542/RED/1,1,0,52099.04774699999,52099.04774699999,52099.04774699999,52099.04774699999,196.0,0.0002758456848840466,0.0,52000,52000,52000,52000,52000,52000,52000,52000,52000,52000,52000
GET,/api/cart/add/anonymous-542/RMC/1,1,0,27016.895781000017,27016.895781000017,27016.895781000017,27016.895781000017,108.0,0.0002758456848840466,0.0,27000,27000,27000,27000,27000,27000,27000,27000,27000,27000,27000
GET,/api/cart/add/anonymous-542/STAN-1/1,1,0,32212.298643000053,32212.298643000053,32212.298643000053,32212.298643000053,111.0,0.0002758456848840466,0.0,32000,32000,32000,32000,32000,32000,32000,32000,32000,32000,32000
GET,/api/cart/add/anonymous-543/EMM/1,1,0,26790.309946000092,26790.309946000092,26790.309946000092,26790.309946000092,137.0,0.0002758456848840466,0.0,27000,27000,27000,27000,27000,27000,27000,27000,27000,27000,27000
GET,/api/cart/add/anonymous-543/RED/1,1,0,19829.78202000004,19829.78202000004,19829.78202000004,19829.78202000004,132.0,0.0002758456848840466,0.0,20000,20000,20000,20000,20000,20000,20000,20000,20000,20000,20000
GET,/api/cart/add/anonymous-543/RMC/1,1,0,13779.248792999966,13779.248792999966,13779.248792999966,13779.248792999966,215.0,0.0002758456848840466,0.0,14000,14000,14000,14000,14000,14000,14000,14000,14000,14000,14000
GET,/api/cart/add/anonymous-543/UHJ/1,1,0,32540.57770899999,32540.57770899999,32540.57770899999,32540.57770899999,209.0,0.0002758456848840466,0.0,33000,33000,33000,33000,33000,33000,33000,33000,33000,33000,33000
GET,/api/cart/add/anonymous-544/EPE/1,1,0,28076.837168999988,28076.837168999988,28076.837168999988,28076.837168999988,217.0,0.0002758456848840466,0.0,28000,28000,28000,28000,28000,28000,28000,28000,28000,28000,28000
GET,/api/cart/add/anonymous-544/HPTD/1,1,0,32096.5668639999,32096.5668639999,32096.5668639999,32096.5668639999,121.0,0.0002758456848840466,0.0,32000,32000,32000,32000,32000,32000,32000,32000,32000,32000,32000
GET,/api/cart/add/anonymous-544/RED/1,1,0,63040.76673099996,63040.76673099996,63040.76673099996,63040.76673099996,225.0,0.0002758456848840466,0.0,63000,63000,63000,63000,63000,63000,63000,63000,63000,63000,63000
GET,/api/cart/add/anonymous-544/SHCE/1,1,0,27967.700304999995,27967.700304999995,27967.700304999995,27967.700304999995,124.0,0.0002758456848840466,0.0,28000,28000,28000,28000,28000,28000,28000,28000,28000,28000,28000
GET,/api/cart/add/anonymous-545/EMM/1,1,0,52880.89986099999,52880.89986099999,52880.89986099999,52880.89986099999,206.0,0.0002758456848840466,0.0,53000,53000,53000,53000,53000,53000,53000,53000,53000,53000,53000
GET,/api/cart/add/anonymous-545/EPE/1,1,0,34064.295066,34064.295066,34064.295066,34064.295066,179.0,0.0002758456848840466,0.0,34000,34000,34000,34000,34000,34000,34000,34000,34000,34000,34000
GET,/api/cart/add/anonymous-545/STAN-1/1,1,0,25867.794907000076,25867.794907000076,25867.794907000076,25867.794907000076,111.0,0.0002758456848840466,0.0,26000,26000,26000,26000,26000,26000,26000,26000,26000,26000,26000
GET,/api/cart/add/anonymous-545/Watson/1,1,0,32263.61375700003,32263.61375700003,32263.61375700003,32263.61375700003,106.0,0.0002758456848840466,0.0,32000,32000,32000,32000,32000,32000,32000,32000,32000,32000,32000
GET,/api/cart/add/anonymous-546/EMM/1,1,0,28058.07438999989,28058.07438999989,28058.07438999989,28058.07438999989,137.0,0.0002758456848840466,0.0,28000,28000,28000,28000,28000,28000,28000,28000,28000,28000,28000
GET,/api/cart/add/anonymous-546/EPE/1,1,0,63073.33650700002,63073.33650700002,63073.33650700002,63073.33650700002,205.0,0.0002758456848840466,0.0,63000,63000,63000,63000,63000,63000,63000,63000,63000,63000,63000
GET,/api/cart/add/anonymous-546/HPTD/1,1,0,25826.452002999984,25826.452002999984,25826.452002999984,25826.452002999984,121.0,0.0002758456848840466,0.0,26000,26000,26000,26000,26000,26000,26000,26000,26000,26000,26000
GET,/api/cart/add/anonymous-546/STAN-1/1,1,0,32451.98273099993,32451.98273099993,32451.98273099993,32451.98273099993,200.0,0.0002758456848840466,0.0,32000,32000,32000,32000,32000,32000,32000,32000,32000,32000,32000
GET,/api/cart/add/anonymous-547/HPTD/1,2,0,36000.0,68711.03035200003,35779.43366800003,101642.62703600002,193.0,0.0005516913697680932,0.0,102000,102000,102000,102000,102000,102000,102000,102000,102000,102000,102000
GET,/api/cart/add/anonymous-547/Watson/1,2,0,11000.0,20825.707684000066,10802.74160600004,30848.67376200009,106.0,0.0005516913697680932,0.0,31000,31000,31000,31000,31000,31000,31000,31000,31000,31000,31000
GET,/api/cart/add/anonymous-548/EMM/1,1,0,16496.298308000063,16496.298308000063,16496.298308000063,16496.298308000063,137.0,0.0002758456848840466,0.0,16000,16000,16000,16000,16000,16000,16000,16000,16000,16000,16000
GET,/api/cart/add/anonymous-548/EPE/1,1,0,35370.89042299999,35370.89042299999,35370.89042299999,35370.89042299999,205.0,0.0002758456848840466,0.0,35000,35000,35000,35000,35000,35000,35000,35000,35000,35000,35000
GET,/api/cart/add/anonymous-548/HPTD/1,2,0,28047.224690999996,45545.254135499985,28047.224690999996,63043.28357999998,121.0,0.0005516913697680932,0.0,63000,63000,63000,63000,63000,63000,63000,63000,63000,63000,63000
GET,/api/cart/add/anonymous-549/EPE/1,1,0,19128.178755000023,19128.178755000023,19128.178755000023,19128.178755000023,129.0,0.0002758456848840466,0.0,19000,19000,19000,19000,19000,19000,19000,19000,19000,19000,19000
GET,/api/cart/add/anonymous-549/RED/1,1,0,62660.98020799996,62660.98020799996,62660.98020799996,62660.98020799996,201.0,0.0002758456848840466,0.0,63000,63000,63000,63000,63000,63000,63000,63000,63000,63000,63000
GET,/api/cart/add/anonymous-549/RMC/1,1,0,27796.68691099994,27796.68691099994,27796.68691099994,27796.68691099994,108.0,0.0002758456848840466,0.0,28000,28000,28000,28000,28000,28000,28000,28000,28000,28000,28000
GET,/api/cart/add/anonymous-549/STAN-1/1,1,0,40615.913784999975,40615.913784999975,40615.913784999975,40615.913784999975,190.0,0.0002758456848840466,0.0,41000,41000,41000,41000,41000,41000,41000,41000,41000,41000,41000
GET,/api/cart/add/anonymous-55/EMM/1,2,0,64.16620199996714,11380.436498999956,64.16620199996714,22696.706795999944,171.0,0.0005516913697680932,0.0,23000,23000,23000,23000,23000,23000,23000,23000,23000,23000,23000
GET,/api/cart/add/anonymous-55/EPE/1,2,0,37,24236.63684350012,36.87671599999476,48436.39697100025,167.0,0.0005516913697680932,0.0,48000,48000,48000,48000,48000,48000,48000,48000,48000,48000,48000
GET,/api/cart/add/anonymous-55/RED/1,1,0,29274.311184,29274.311184,29274.311184,29274.311184,300.0,0.0002758456848840466,0.0,29000,29000,29000,29000,29000,29000,29000,29000,29000,29000,29000
GET,/api/cart/add/anonymous-55/RMC/1,2,0,97.4100079999971,107.6366399999813,97.4100079999971,117.86327199996549,108.5,0.0005516913697680932,0.0,120,120,120,120,120,120,120,120,120,120,120
GET,/api/cart/add/anonymous-55/SHCE/1,1,0,49091.05986300028,49091.05986300028,49091.05986300028,49091.05986300028,392.0,0.0002758456848840466,0.0,49000,49000,49000,49000,49000,49000,49000,49000,49000,49000,49000
GET,/api/cart/add/anonymous-550/EMM/1,1,0,28198.681090000035,28198.681090000035,28198.681090000035,28198.681090000035,205.0,0.0002758456848840466,0.0,28000,28000,28000,28000,28000,28000,28000,28000,28000,28000,28000
GET,/api/cart/add/anonymous-550/EPE/1,1,0,31740.3039699999,31740.3039699999,31740.3039699999,31740.3039699999,129.0,0.0002758456848840466,0.0,32000,32000,32000,32000,32000,32000,32000,32000,32000,32000,32000
GET,/api/cart/add/anonymous-550/HPTD/1,1,0,27090.33067500002,27090.33067500002,27090.33067500002,27090.33067500002,121.0,0.0002758456848840466,0.0,27000,27000,27000,27000,27000,27000,27000,27000,27000,27000,27000
GET,/api/cart/add/anonymous-550/SHCE/1,1,0,33705.917057999955,33705.917057999955,33705.917057999955,33705.917057999955,213.0,0.0002758456848840466,0.0,34000,34000,34000,34000,34000,34000,34000,34000,34000,34000,34000
GET,/api/cart/add/anonymous-551/EPE/1,1,0,31317.95584600002,31317.95584600002,31317.95584600002,31317.95584600002,129.0,0.0002758456848840466,0.0,31000,31000,31000,31000,31000,31000,31000,31000,31000,31000,31000
GET,/api/cart/add/anonymous-551/STAN-1/1,1,0,101523.38461199997,101523.38461199997,101523.38461199997,101523.38461199997,182.0,0.0002758456848840466,0.0,102000,102000,102000,102000,102000,102000,102000,102000,102000,102000,102000
GET,/api/cart/add/anonymous-551/Watson/1,2,0,32143.09851600001,66994.35058950007,32143.09851600001,101845.60266300014,153.0,0.0005516913697680932,0.0,102000,102000,102000,102000,102000,102000,102000,102000,102000,102000,102000
GET,/api/cart/add/anonymous-552/HPTD/1,1,0,32652.150727000047,32652.150727000047,32652.150727000047,32652.150727000047,213.0,0.0002758456848840466,0.0,33000,33000,33000,33000,33000,33000,33000,33000,33000,33000,33000
GET,/api/cart/add/anonymous-552/RMC/1,1,0,36313.352267000024,36313.352267000024,36313.352267000024,36313.352267000024,184.0,0.0002758456848840466,0.0,36000,36000,36000,36000,36000,36000,36000,36000,36000,36000,36000
GET,/api/cart/add/anonymous-552/SHCE/1,1,0,19501.19504999998,19501.19504999998,19501.19504999998,19501.19504999998,124.0,0.0002758456848840466,0.0,20000,20000,20000,20000,20000,20000,20000,20000,20000,20000,20000
GET,/api/cart/add/anonymous-552/Watson/1,1,0,25152.09125700005,25152.09125700005,25152.09125700005,25152.09125700005,106.0,0.0002758456848840466,0.0,25000,25000,25000,25000,25000,25000,25000,25000,25000,25000,25000
GET,/api/cart/add/anonymous-553/EMM/1,1,0,19571.764110000004,19571.764110000004,19571.764110000004,19571.764110000004,137.0,0.0002758456848840466,0.0,20000,20000,20000,20000,20000,20000,20000,20000,20000,20000,20000
GET,/api/cart/add/anonymous-553/HPTD/1,2,0,25453.104366000047,29006.752747500002,25453.104366000047,32560.401128999954,121.0,0.0005516913697680932,0.0,33000,33000,33000,33000,33000,33000,33000,33000,33000,33000,33000
GET,/api/cart/add/anonymous-553/STAN-1/1,1,0,63254.77540600002,63254.77540600002,63254.77540600002,63254.77540600002,201.0,0.0002758456848840466,0.0,63000,63000,63000,63000,63000,63000,63000,63000,63000,63000,63000
GET,/api/cart/add/anonymous-554/UHJ/1,2,0,24000.0,62699.499866999984,23713.98544600004,101685.01428799993,173.5,0.0005516913697680932,0.0,102000,102000,102000,102000,102000,102000,102000,102000,102000,102000,102000
GET,/api/cart/add/anonymous-554/Watson/1,2,0,28035.527506000108,29868.097995500022,28035.527506000108,31700.668484999936,157.5,0.0005516913697680932,0.0,32000,32000,32000,32000,32000,32000,32000,32000,32000,32000,32000
GET,/api/cart/add/anonymous-555/EMM/1,1,0,25142.658666999978,25142.658666999978,25142.658666999978,25142.658666999978,137.0,0.0002758456848840466,0.0,25000,25000,25000,25000,25000,25000,25000,25000,25000,25000,25000
GET,/api/cart/add/anonymous-555/EPE/1,1,0,32807.56352800006,32807.56352800006,32807.56352800006,32807.56352800006,129.0,0.0002758456848840466,0.0,33000,33000,33000,33000,33000,33000,33000,33000,33000,33000,33000
GET,/api/cart/add/anonymous-555/STAN-1/1,1,0,101382.01429700007,101382.01429700007,101382.01429700007,101382.01429700007,179.0,0.0002758456848840466,0.0,101000,101000,101000,101000,101000,101000,101000,101000,101000,101000,101000
GET,/api/cart/add/anonymous-555/UHJ/1,1,0,36350.68167099996,36350.68167099996,36350.68167099996,36350.68167099996,214.0,0.0002758456848840466,0.0,36000,36000,36000,36000,36000,36000,36000,36000,36000,36000,36000
GET,/api/cart/add/anonymous-556/EMM/1,1,0,24519.63085500006,24519.63085500006,24519.63085500006,24519.63085500006,137.0,0.0002758456848840466,0.0,25000,25000,25000,25000,25000,25000,25000,25000,25000,25000,25000
GET,/api/cart/add/anonymous-556/EPE/1,1,0,24235.421352000005,24235.421352000005,24235.421352000005,24235.421352000005,129.0,0.0002758456848840466,0.0,24000,24000,24000,24000,24000,24000,24000,24000,24000,24000,24000
GET,/api/cart/add/anonymous-556/HPTD/1,1,0,36442.47223599996,36442.47223599996,36442.47223599996,36442.47223599996,223.0,0.0002758456848840466,0.0,36000,36000,36000,36000,36000,36000,36000,36000,36000,36000,36000
GET,/api/cart/add/anonymous-556/STAN-1/1,1,0,101374.12023299998,101374.12023299998,101374.12023299998,101374.12023299998,179.0,0.0002758456848840466,0.0,101000,101000,101000,101000,101000,101000,101000,101000,101000,101000,101000
GET,/api/cart/add/anonymous-557/EPE/1,1,0,23945.44436499996,23945.44436499996,23945.44436499996,23945.44436499996,129.0,0.0002758456848840466,0.0,24000,24000,24000,24000,24000,24000,24000,24000,24000,24000,24000
GET,/api/cart/add/anonymous-557/RED/1,1,0,32876.55492400006,32876.55492400006,32876.55492400006,32876.55492400006,132.0,0.0002758456848840466,0.0,33000,33000,33000,33000,33000,33000,33000,33000,33000,33000,33000
GET,/api/cart/add/anonymous-557/UHJ/1,1,0,52356.94808799997,52356.94808799997,52356.94808799997,52356.94808799997,220.0,0.0002758456848840466,0.0,52000,52000,52000,52000,52000,52000,52000,52000,52000,52000,52000
GET,/api/cart/add/anonymous-557/Watson/1,1,0,101652.76904399991,101652.76904399991,101652.76904399991,101652.76904399991,202.0,0.0002758456848840466,0.0,102000,102000,102000,102000,102000,102000,102000,102000,102000,102000,102000
GET,/api/cart/add/anonymous-558/Watson/1,4,0,32000.0,40020.56569775002,23923.758566000062,52610.35747100004,105.0,0.0011033827395361864,0.0,52000,52000,53000,53000,53000,53000,53000,53000,53000,53000,53000
GET,/api/cart/add/anonymous-559/EMM/1,1,0,24497.950951999996,24497.950951999996,24497.950951999996,24497.950951999996,137.0,0.0002758456848840466,0.0,24000,24000,24000,24000,24000,24000,24000,24000,24000,24000,24000
GET,/api/cart/add/anonymous-559/EPE/1,1,0,28208.63547099998,28208.63547099998,28208.63547099998,28208.63547099998,222.0,0.0002758456848840466,0.0,28000,28000,28000,28000,28000,28000,28000,28000,28000,28000,28000
GET,/api/cart/add/anonymous-559/RMC/1,1,0,32449.917597999956,32449.917597999956,32449.917597999956,32449.917597999956,215.0,0.0002758456848840466,0.0,32000,32000,32000,32000,32000,32000,32000,32000,32000,32000,32000
GET,/api/cart/add/anonymous-559/SHCE/1,1,0,30673.728342000002,30673.728342000002,30673.728342000002,30673.728342000002,124.0,0.0002758456848840466,0.0,31000,31000,31000,31000,31000,31000,31000,31000,31000,31000,31000
GET,/api/cart/add/anonymous-56/EPE/1,1,0,40997.446330000006,40997.446330000006,40997.446330000006,40997.446330000006,129.0,0.0002758456848840466,0.0,41000,41000,41000,41000,41000,41000,41000,41000,41000,41000,41000
GET,/api/cart/add/anonymous-56/HPTD/1,1,0,125.2185950000353,125.2185950000353,125.2185950000353,125.2185950000353,121.0,0.0002758456848840466,0.0,130,130,130,130,130,130,130,130,130,130,130
GET,/api/cart/add/anonymous-56/RMC/1,1,0,59.33248700000604,59.33248700000604,59.33248700000604,59.33248700000604,199.0,0.0002758456848840466,0.0,59,59,59,59,59,59,59,59,59,59,59
GET,/api/cart/add/anonymous-56/SHCE/1,2,0,350.0,45172.25195649991,346.611992000021,89997.8919209998,212.5,0.0005516913697680932,0.0,90000,90000,90000,90000,90000,90000,90000,90000,90000,90000,90000
GET,/api/cart/add/anonymous-56/STAN-1/1,2,0,59.465288000012606,13993.997471499853,59.465288000012606,27928.529654999693,146.5,0.0005516913697680932,0.0,28000,28000,28000,28000,28000,28000,28000,28000,28000,28000,28000
GET,/api/cart/add/anonymous-56/Watson/1,1,0,28256.817457000125,28256.817457000125,28256.817457000125,28256.817457000125,106.0,0.0002758456848840466,0.0,28000,28000,28000,28000,28000,28000,28000,28000,28000,28000,28000
GET,/api/cart/add/anonymous-560/EPE/1,1,0,24445.895207000034,24445.895207000034,24445.895207000034,24445.895207000034,129.0,0.0002758456848840466,0.0,24000,24000,24000,24000,24000,24000,24000,24000,24000,24000,24000
GET,/api/cart/add/anonymous-560/RED/1,1,0,101435.88277000014,101435.88277000014,101435.88277000014,101435.88277000014,201.0,0.0002758456848840466,0.0,101000,101000,101000,101000,101000,101000,101000,101000,101000,101000,101000
GET,/api/cart/add/anonymous-560/RMC/1,1,1,100971.89585499995,100971.89585499995,100971.89585499995,100971.89585499995,0.0,0.0002758456848840466,0.0002758456848840466,101000,101000,101000,101000,101000,101000,101000,101000,101000,101000,101000
GET,/api/cart/add/anonymous-560/STAN-1/1,1,0,23896.07391100003,23896.07391100003,23896.07391100003,23896.07391100003,111.0,0.0002758456848840466,0.0,24000,24000,24000,24000,24000,24000,24000,24000,24000,24000,24000
GET,/api/cart/add/anonymous-561/EMM/1,1,0,36394.4468279999,36394.4468279999,36394.4468279999,36394.4468279999,215.0,0.0002758456848840466,0.0,36000,36000,36000,36000,36000,36000,36000,36000,36000,36000,36000
GET,/api/cart/add/anonymous-561/EPE/1,2,0,29000.0,74529.77466350007,28763.638807000007,120295.91052000012,212.0,0.0005516913697680932,0.0,120000,120000,120000,120000,120000,120000,120000,120000,120000,120000,120000
GET,/api/cart/add/anonymous-561/RMC/1,1,0,25384.376894999947,25384.376894999947,25384.376894999947,25384.376894999947,108.0,0.0002758456848840466,0.0,25000,25000,25000,25000,25000,25000,25000,25000,25000,25000,25000
GET,/api/cart/add/anonymous-562/RMC/1,1,0,24521.772176000013,24521.772176000013,24521.772176000013,24521.772176000013,108.0,0.0002758456848840466,0.0,25000,25000,25000,25000,25000,25000,25000,25000,25000,25000,25000
GET,/api/cart/add/anonymous-562/STAN-1/1,1,0,63145.592028000014,63145.592028000014,63145.592028000014,63145.592028000014,182.0,0.0002758456848840466,0.0,63000,63000,63000,63000,63000,63000,63000,63000,63000,63000,63000
GET,/api/cart/add/anonymous-562/UHJ/1,1,0,35346.32242500004,35346.32242500004,35346.32242500004,35346.32242500004,216.0,0.0002758456848840466,0.0,35000,35000,35000,35000,35000,35000,35000,35000,35000,35000,35000
GET,/api/cart/add/anonymous-562/Watson/1,1,0,28043.31070699993,28043.31070699993,28043.31070699993,28043.31070699993,106.0,0.0002758456848840466,0.0,28000,28000,28000,28000,28000,28000,28000,28000,28000,28000,28000
GET,/api/cart/add/anonymous-563/EMM/1,1,0,28754.75152699994,28754.75152699994,28754.75152699994,28754.75152699994,137.0,0.0002758456848840466,0.0,29000,29000,29000,29000,29000,29000,29000,29000,29000,29000,29000
GET,/api/cart/add/anonymous-563/EPE/1,1,0,24509.139553999943,24509.139553999943,24509.139553999943,24509.139553999943,129.0,0.0002758456848840466,0.0,25000,25000,25000,25000,25000,25000,25000,25000,25000,25000,25000
GET,/api/cart/add/anonymous-563/HPTD/1,1,0,63293.92080199989,63293.92080199989,63293.92080199989,63293.92080199989,223.0,0.0002758456848840466,0.0,63000,63000,63000,63000,63000,63000,63000,63000,63000,63000,63000
GET,/api/cart/add/anonymous-563/STAN-1/1,1,0,27966.965164000045,27966.965164000045,27966.965164000045,27966.965164000045,179.0,0.0002758456848840466,0.0,28000,28000,28000,28000,28000,28000,28000,28000,28000,28000,28000
GET,/api/cart/add/anonymous-564/EMM/1,1,0,63607.08217400008,63607.08217400008,63607.08217400008,63607.08217400008,206.0,0.0002758456848840466,0.0,64000,64000,64000,64000,64000,64000,64000,64000,64000,64000,64000
GET,/api/cart/add/anonymous-564/RMC/1,2,1,34000.0,79353.63196299995,33662.67312699995,125044.59079899994,145.0,0.0005516913697680932,0.0002758456848840466,125000,125000,125000,125000,125000,125000,125000,125000,125000,125000,125000
GET,/api/cart/add/anonymous-564/Watson/1,1,0,37309.432261000096,37309.432261000096,37309.432261000096,37309.432261000096,106.0,0.0002758456848840466,0.0,37000,37000,37000,37000,37000,37000,37000,37000,37000,37000,37000
GET,/api/cart/add/anonymous-565/EMM/1,1,0,13741.347184000006,13741.347184000006,13741.347184000006,13741.347184000006,223.0,0.0002758456848840466,0.0,14000,14000,14000,14000,14000,14000,14000,14000,14000,14000,14000
GET,/api/cart/add/anonymous-565/HPTD/1,1,0,24518.9881550001,24518.9881550001,24518.9881550001,24518.9881550001,121.0,0.0002758456848840466,0.0,25000,25000,25000,25000,25000,25000,25000,25000,25000,25000,25000
GET,/api/cart/add/anonymous-565/Watson/1,2,1,28000.0,231093.7850505,27891.275115999975,434296.29498500004,144.0,0.0005516913697680932,0.0002758456848840466,434000,434000,434000,434000,434000,434000,434000,434000,434000,434000,434000
GET,/api/cart/add/anonymous-566/EMM/1,1,0,63282.70510499999,63282.70510499999,63282.70510499999,63282.70510499999,214.0,0.0002758456848840466,0.0,63000,63000,63000,63000,63000,63000,63000,63000,63000,63000,63000
GET,/api/cart/add/anonymous-566/RED/1,1,0,40677.215889999956,40677.215889999956,40677.215889999956,40677.215889999956,210.0,0.0002758456848840466,0.0,41000,41000,41000,41000,41000,41000,41000,41000,41000,41000,41000
GET,/api/cart/add/anonymous-566/RMC/1,1,0,37318.13753800009,37318.13753800009,37318.13753800009,37318.13753800009,108.0,0.0002758456848840466,0.0,37000,37000,37000,37000,37000,37000,37000,37000,37000,37000,37000
GET,/api/cart/add/anonymous-566/UHJ/1,1,0,28256.314468000026,28256.314468000026,28256.314468000026,28256.314468000026,138.0,0.0002758456848840466,0.0,28000,28000,28000,28000,28000,28000,28000,28000,28000,28000,28000
GET,/api/cart/add/anonymous-567/HPTD/1,1,0,13763.435665000088,13763.435665000088,13763.435665000088,13763.435665000088,199.0,0.0002758456848840466,0.0,14000,14000,14000,14000,14000,14000,14000,14000,14000,14000,14000
GET,/api/cart/add/anonymous-567/RMC/1,1,0,25073.455701999934,25073.455701999934,25073.455701999934,25073.455701999934,108.0,0.0002758456848840466,0.0,25000,25000,25000,25000,25000,25000,25000,25000,25000,25000,25000
GET,/api/cart/add/anonymous-567/SHCE/1,1,0,63035.215946,63035.215946,63035.215946,63035.215946,198.0,0.0002758456848840466,0.0,63000,63000,63000,63000,63000,63000,63000,63000,63000,63000,63000
GET,/api/cart/add/anonymous-567/Watson/1,1,0,27909.479982000106,27909.479982000106,27909.479982000106,27909.479982000106,106.0,0.0002758456848840466,0.0,28000,28000,28000,28000,28000,28000,28000,28000,28000,28000,28000
GET,/api/cart/add/anonymous-568/EMM/1,1,0,52450.19224400005,52450.19224400005,52450.19224400005,52450.19224400005,201.0,0.0002758456848840466,0.0,52000,52000,52000,52000,52000,52000,52000,52000,52000,52000,52000
GET,/api/cart/add/anonymous-568/RMC/1,1,0,450470.6324,450470.6324,450470.6324,450470.6324,190.0,0.0002758456848840466,0.0,450000,450000,450000,450000,450000,450000,450000,450000,450000,450000,450000
GET,/api/cart/add/anonymous-568/STAN-1/1,2,0,34000.0,34867.47063399997,33631.473172999904,36103.46809500004,111.0,0.0005516913697680932,0.0,36000,36000,36000,36000,36000,36000,36000,36000,36000,36000,36000
GET,/api/cart/add/anonymous-569/EMM/1,1,0,27778.31136100008,27778.31136100008,27778.31136100008,27778.31136100008,137.0,0.0002758456848840466,0.0,28000,28000,28000,28000,28000,28000,28000,28000,28000,28000,28000
GET,/api/cart/add/anonymous-569/EPE/1,1,1,102827.190815,102827.190815,102827.190815,102827.190815,182.0,0.0002758456848840466,0.0002758456848840466,103000,103000,103000,103000,103000,103000,103000,103000,103000,103000,103000
GET,/api/cart/add/anonymous-569/RMC/1,2,0,34000.0,48474.74299449999,33612.24752700002,63337.23846199996,161.5,0.0005516913697680932,0.0,63000,63000,63000,63000,63000,63000,63000,63000,63000,63000,63000
GET,/api/cart/add/anonymous-57/HPTD/1,1,0,143.3101520000264,143.3101520000264,143.3101520000264,143.3101520000264,193.0,0.0002758456848840466,0.0,140,140,140,140,140,140,140,140,140,140,140
GET,/api/cart/add/anonymous-57/RMC/1,1,0,67.49991299994917,67.49991299994917,67.49991299994917,67.49991299994917,108.0,0.0002758456848840466,0.0,67,67,67,67,67,67,67,67,67,67,67
GET,/api/cart/add/anonymous-57/STAN-1/1,1,0,41068.87540599973,41068.87540599973,41068.87540599973,41068.87540599973,111.0,0.0002758456848840466,0.0,41000,41000,41000,41000,41000,41000,41000,41000,41000,41000,41000
GET,/api/cart/add/anonymous-57/UHJ/1,1,0,106.32413500002258,106.32413500002258,106.32413500002258,106.32413500002258,216.0,0.0002758456848840466,0.0,110,110,110,110,110,110,110,110,110,110,110
GET,/api/cart/add/anonymous-57/Watson/1,1,0,307.2116690000257,307.2116690000257,307.2116690000257,307.2116690000257,106.0,0.0002758456848840466,0.0,310,310,310,310,310,310,310,310,310,310,310
GET,/api/cart/add/anonymous-570/EMM/1,1,0,450490.39331099996,450490.39331099996,450490.39331099996,450490.39331099996,214.0,0.0002758456848840466,0.0,450000,450000,450000,450000,450000,450000,450000,450000,450000,450000,450000
GET,/api/cart/add/anonymous-570/RMC/1,1,0,24500.621077000003,24500.621077000003,24500.621077000003,24500.621077000003,108.0,0.0002758456848840466,0.0,25000,25000,25000,25000,25000,25000,25000,25000,25000,25000,25000
GET,/api/cart/add/anonymous-570/SHCE/1,1,0,36916.46592199993,36916.46592199993,36916.46592199993,36916.46592199993,202.0,0.0002758456848840466,0.0,37000,37000,37000,37000,37000,37000,37000,37000,37000,37000,37000
GET,/api/cart/add/anonymous-570/UHJ/1,1,0,33652.100235000034,33652.100235000034,33652.100235000034,33652.100235000034,138.0,0.0002758456848840466,0.0,34000,34000,34000,34000,34000,34000,34000,34000,34000,34000,34000
GET,/api/cart/add/anonymous-571/RED/1,1,0,32765.706658,32765.706658,32765.706658,32765.706658,132.0,0.0002758456848840466,0.0,33000,33000,33000,33000,33000,33000,33000,33000,33000,33000,33000
GET,/api/cart/add/anonymous-571/STAN-1/1,2,0,37309.11105999997,69371.30225599998,37309.11105999997,101433.493452,153.5,0.0005516913697680932,0.0,101000,101000,101000,101000,101000,101000,101000,101000,101000,101000,101000
GET,/api/cart/add/anonymous-571/UHJ/1,1,0,62741.59740499999,62741.59740499999,62741.59740499999,62741.59740499999,191.0,0.0002758456848840466,0.0,63000,63000,63000,63000,63000,63000,63000,63000,63000,63000,63000
GET,/api/cart/add/anonymous-572/EMM/1,1,0,36542.48795700005,36542.48795700005,36542.48795700005,36542.48795700005,229.0,0.0002758456848840466,0.0,37000,37000,37000,37000,37000,37000,37000,37000,37000,37000,37000
GET,/api/cart/add/anonymous-572/RED/1,1,0,28186.859443999994,28186.859443999994,28186.859443999994,28186.859443999994,132.0,0.0002758456848840466,0.0,28000,28000,28000,28000,28000,28000,28000,28000,28000,28000,28000
GET,/api/cart/add/anonymous-572/SHCE/1,1,0,24527.38183199995,24527.38183199995,24527.38183199995,24527.38183199995,124.0,0.0002758456848840466,0.0,25000,25000,25000,25000,25000,25000,25000,25000,25000,25000,25000
GET,/api/cart/add/anonymous-572/STAN-1/1,1,1,433335.6324,433335.6324,433335.6324,433335.6324,182.0,0.0002758456848840466,0.0002758456848840466,433000,433000,433000,433000,433000,433000,433000,433000,433000,433000,433000
GET,/api/cart/add/anonymous-573/EPE/1,1,0,25375.764114999925,25375.764114999925,25375.764114999925,25375.764114999925,129.0,0.0002758456848840466,0.0,25000,25000,25000,25000,25000,25000,25000,25000,25000,25000,25000
GET,/api/cart/add/anonymous-573/HPTD/1,2,0,28256.339172000025,45771.490669499995,28256.339172000025,63286.64216699997,121.0,0.0005516913697680932,0.0,63000,63000,63000,63000,63000,63000,63000,63000,63000,63000,63000
GET,/api/cart/add/anonymous-573/Watson/1,1,0,13772.563538999975,13772.563538999975,13772.563538999975,13772.563538999975,200.0,0.0002758456848840466,0.0,14000,14000,14000,14000,14000,14000,14000,14000,14000,14000,14000
GET,/api/cart/add/anonymous-574/EMM/1,1,0,27756.262162999974,27756.262162999974,27756.262162999974,27756.262162999974,137.0,0.0002758456848840466,0.0,28000,28000,28000,28000,28000,28000,28000,28000,28000,28000,28000
GET,/api/cart/add/anonymous-574/EPE/1,1,1,409467.6312229999,409467.6312229999,409467.6312229999,409467.6312229999,182.0,0.0002758456848840466,0.0002758456848840466,409000,409000,409000,409000,409000,409000,409000,409000,409000,409000,409000
GET,/api/cart/add/anonymous-574/HPTD/1,1,0,120425.67608900003,120425.67608900003,120425.67608900003,120425.67608900003,226.0,0.0002758456848840466,0.0,120000,120000,120000,120000,120000,120000,120000,120000,120000,120000,120000
GET,/api/cart/add/anonymous-574/UHJ/1,1,0,27962.33775600001,27962.33775600001,27962.33775600001,27962.33775600001,138.0,0.0002758456848840466,0.0,28000,28000,28000,28000,28000,28000,28000,28000,28000,28000,28000
GET,/api/cart/add/anonymous-575/EMM/1,1,0,28184.470523000073,28184.470523000073,28184.470523000073,28184.470523000073,137.0,0.0002758456848840466,0.0,28000,28000,28000,28000,28000,28000,28000,28000,28000,28000,28000
GET,/api/cart/add/anonymous-575/SHCE/1,1,1,763076.1739309999,763076.1739309999,763076.1739309999,763076.1739309999,182.0,0.0002758456848840466,0.0002758456848840466,763000,763000,763000,763000,763000,763000,763000,763000,763000,763000,763000
GET,/api/cart/add/anonymous-575/Watson/1,2,0,14000.0,19140.342952499966,13761.579549999966,24519.106354999964,105.0,0.0005516913697680932,0.0,25000,25000,25000,25000,25000,25000,25000,25000,25000,25000,25000
GET,/api/cart/add/anonymous-576/EMM/1,1,0,432742.3220759999,432742.3220759999,432742.3220759999,432742.3220759999,229.0,0.0002758456848840466,0.0,433000,433000,433000,433000,433000,433000,433000,433000,433000,433000,433000
GET,/api/cart/add/anonymous-576/RMC/1,2,0,24458.206571999996,26298.01401750001,24458.206571999996,28137.821463000022,108.5,0.0005516913697680932,0.0,28000,28000,28000,28000,28000,28000,28000,28000,28000,28000,28000
GET,/api/cart/add/anonymous-576/SHCE/1,1,0,33579.691374000045,33579.691374000045,33579.691374000045,33579.691374000045,124.0,0.0002758456848840466,0.0,34000,34000,34000,34000,34000,34000,34000,34000,34000,34000,34000
GET,/api/cart/add/anonymous-577/HPTD/1,2,0,25000.0,215973.74744499996,24508.59865399991,407438.896236,167.0,0.0005516913697680932,0.0,407000,407000,407000,407000,407000,407000,407000,407000,407000,407000,407000
GET,/api/cart/add/anonymous-577/SHCE/1,1,0,36531.48817100009,36531.48817100009,36531.48817100009,36531.48817100009,213.0,0.0002758456848840466,0.0,37000,37000,37000,37000,37000,37000,37000,37000,37000,37000,37000
GET,/api/cart/add/anonymous-577/Watson/1,1,0,33599.04050299997,33599.04050299997,33599.04050299997,33599.04050299997,106.0,0.0002758456848840466,0.0,34000,34000,34000,34000,34000,34000,34000,34000,34000,34000,34000
GET,/api/cart/add/anonymous-578/SHCE/1,2,0,37000.0,38614.771034000056,36615.36119100003,40614.18087700008,124.5,0.0005516913697680932,0.0,41000,41000,41000,41000,41000,41000,41000,41000,41000,41000,41000
GET,/api/cart/add/anonymous-578/STAN-1/1,1,0,25144.03478000008,25144.03478000008,25144.03478000008,25144.03478000008,111.0,0.0002758456848840466,0.0,25000,25000,25000,25000,25000,25000,25000,25000,25000,25000,25000
GET,/api/cart/add/anonymous-578/Watson/1,1,0,36242.255003999955,36242.255003999955,36242.255003999955,36242.255003999955,182.0,0.0002758456848840466,0.0,36000,36000,36000,36000,36000,36000,36000,36000,36000,36000,36000
GET,/api/cart/add/anonymous-579/EMM/1,1,0,762201.9455479999,762201.9455479999,762201.9455479999,762201.9455479999,313.0,0.0002758456848840466,0.0,762000,762000,762000,762000,762000,762000,762000,762000,762000,762000,762000
GET,/api/cart/add/anonymous-579/RED/1,1,0,24568.986137000025,24568.986137000025,24568.986137000025,24568.986137000025,132.0,0.0002758456848840466,0.0,25000,25000,25000,25000,25000,25000,25000,25000,25000,25000,25000
GET,/api/cart/add/anonymous-579/SHCE/1,2,0,14000.0,23708.083268500046,13722.761134000051,33693.40540300004,174.5,0.0005516913697680932,0.0,34000,34000,34000,34000,34000,34000,34000,34000,34000,34000,34000
GET,/api/cart/add/anonymous-58/EMM/1,1,0,77.28494399998453,77.28494399998453,77.28494399998453,77.28494399998453,137.0,0.0002758456848840466,0.0,77,77,77,77,77,77,77,77,77,77,77
GET,/api/cart/add/anonymous-58/SHCE/1,1,0,164.39581900004896,164.39581900004896,164.39581900004896,164.39581900004896,124.0,0.0002758456848840466,0.0,160,160,160,160,160,160,160,160,160,160,160
GET,/api/cart/add/anonymous-58/STAN-1/1,1,0,190.03379900004802,190.03379900004802,190.03379900004802,190.03379900004802,203.0,0.0002758456848840466,0.0,190,190,190,190,190,190,190,190,190,190,190
GET,/api/cart/add/anonymous-58/Watson/1,2,0,150.22687300000825,20621.480088499964,150.22687300000825,41092.73330399992,156.0,0.0005516913697680932,0.0,41000,41000,41000,41000,41000,41000,41000,41000,41000,41000,41000
GET,/api/cart/add/anonymous-580/HPTD/1,3,0,28000.0,26673.766648666668,19733.39785899998,32398.312284999975,121.0,0.0008275370546521397,0.0,28000,28000,32000,32000,32000,32000,32000,32000,32000,32000,32000
GET,/api/cart/add/anonymous-580/Watson/1,1,0,63073.38293800001,63073.38293800001,63073.38293800001,63073.38293800001,193.0,0.0002758456848840466,0.0,63000,63000,63000,63000,63000,63000,63000,63000,63000,63000,63000
GET,/api/cart/add/anonymous-581/HPTD/1,1,0,101443.59880600007,101443.59880600007,101443.59880600007,101443.59880600007,200.0,0.0002758456848840466,0.0,101000,101000,101000,101000,101000,101000,101000,101000,101000,101000,101000
GET,/api/cart/add/anonymous-581/STAN-1/1,1,0,47286.767078000026,47286.767078000026,47286.767078000026,47286.767078000026,111.0,0.0002758456848840466,0.0,47000,47000,47000,47000,47000,47000,47000,47000,47000,47000,47000
GET,/api/cart/add/anonymous-581/UHJ/1,1,0,19711.708336000014,19711.708336000014,19711.708336000014,19711.708336000014,138.0,0.0002758456848840466,0.0,20000,20000,20000,20000,20000,20000,20000,20000,20000,20000,20000
GET,/api/cart/add/anonymous-581/Watson/1,1,0,32560.469530999966,32560.469530999966,32560.469530999966,32560.469530999966,209.0,0.0002758456848840466,0.0,33000,33000,33000,33000,33000,33000,33000,33000,33000,33000,33000
GET,/api/cart/add/anonymous-582/HPTD/1,1,0,63073.832519,63073.832519,63073.832519,63073.832519,226.0,0.0002758456848840466,0.0,63000,63000,63000,63000,63000,63000,63000,63000,63000,63000,63000
GET,/api/cart/add/anonymous-582/RED/1,1,0,28036.913715000082,28036.913715000082,28036.913715000082,28036.913715000082,196.0,0.0002758456848840466,0.0,28000,28000,28000,28000,28000,28000,28000,28000,28000,28000,28000
GET,/api/cart/add/anonymous-582/STAN-1/1,1,0,32124.736719999986,32124.736719999986,32124.736719999986,32124.736719999986,111.0,0.0002758456848840466,0.0,32000,32000,32000,32000,32000,32000,32000,32000,32000,32000,32000
GET,/api/cart/add/anonymous-582/UHJ/1,1,0,27882.110333000015,27882.110333000015,27882.110333000015,27882.110333000015,138.0,0.0002758456848840466,0.0,28000,28000,28000,28000,28000,28000,28000,28000,28000,28000,28000
GET,/api/cart/add/anonymous-583/EMM/1,1,0,36672.03979199997,36672.03979199997,36672.03979199997,36672.03979199997,137.0,0.0002758456848840466,0.0,37000,37000,37000,37000,37000,37000,37000,37000,37000,37000,37000
GET,/api/cart/add/anonymous-583/HPTD/1,1,0,28081.003943999916,28081.003943999916,28081.003943999916,28081.003943999916,121.0,0.0002758456848840466,0.0,28000,28000,28000,28000,28000,28000,28000,28000,28000,28000,28000
GET,/api/cart/add/anonymous-583/UHJ/1,1,0,61777.54731999994,61777.54731999994,61777.54731999994,61777.54731999994,226.0,0.0002758456848840466,0.0,62000,62000,62000,62000,62000,62000,62000,62000,62000,62000,62000
GET,/api/cart/add/anonymous-583/Watson/1,1,0,83456.19830400005,83456.19830400005,83456.19830400005,83456.19830400005,206.0,0.0002758456848840466,0.0,83000,83000,83000,83000,83000,83000,83000,83000,83000,83000,83000
GET,/api/cart/add/anonymous-584/EMM/1,2,0,28000.0,37596.56715950007,27966.81397100008,47226.32034800006,183.0,0.0005516913697680932,0.0,47000,47000,47000,47000,47000,47000,47000,47000,47000,47000,47000
GET,/api/cart/add/anonymous-584/SHCE/1,1,0,32222.69726000002,32222.69726000002,32222.69726000002,32222.69726000002,124.0,0.0002758456848840466,0.0,32000,32000,32000,32000,32000,32000,32000,32000,32000,32000,32000
GET,/api/cart/add/anonymous-584/STAN-1/1,1,0,101320.83740300004,101320.83740300004,101320.83740300004,101320.83740300004,201.0,0.0002758456848840466,0.0,101000,101000,101000,101000,101000,101000,101000,101000,101000,101000,101000
GET,/api/cart/add/anonymous-585/RED/1,2,0,28000.0,45467.3273345,27850.137647999985,63084.51702100001,133.0,0.0005516913697680932,0.0,63000,63000,63000,63000,63000,63000,63000,63000,63000,63000,63000
GET,/api/cart/add/anonymous-585/RMC/1,1,0,19783.804600000054,19783.804600000054,19783.804600000054,19783.804600000054,108.0,0.0002758456848840466,0.0,20000,20000,20000,20000,20000,20000,20000,20000,20000,20000,20000
GET,/api/cart/add/anonymous-585/Watson/1,1,0,13761.978253999929,13761.978253999929,13761.978253999929,13761.978253999929,184.0,0.0002758456848840466,0.0,14000,14000,14000,14000,14000,14000,14000,14000,14000,14000,14000
GET,/api/cart/add/anonymous-586/EMM/1,1,1,717737.307003,717737.307003,717737.307003,717737.307003,182.0,0.0002758456848840466,0.0002758456848840466,718000,718000,718000,718000,718000,718000,718000,718000,718000,718000,718000
GET,/api/cart/add/anonymous-586/SHCE/1,2,0,11000.0,19332.582936999985,10833.610790999955,27831.555083000014,124.0,0.0005516913697680932,0.0,28000,28000,28000,28000,28000,28000,28000,28000,28000,28000,28000
GET,/api/cart/add/anonymous-586/Watson/1,1,0,35750.424632999966,35750.424632999966,35750.424632999966,35750.424632999966,198.0,0.0002758456848840466,0.0,36000,36000,36000,36000,36000,36000,36000,36000,36000,36000,36000
GET,/api/cart/add/anonymous-587/EMM/1,2,0,28000.0,27973.577126999997,27851.724661999924,28095.429592000073,183.0,0.0005516913697680932,0.0,28000,28000,28000,28000,28000,28000,28000,28000,28000,28000,28000
GET,/api/cart/add/anonymous-587/SHCE/1,1,0,32345.825281999965,32345.825281999965,32345.825281999965,32345.825281999965,124.0,0.0002758456848840466,0.0,32000,32000,32000,32000,32000,32000,32000,32000,32000,32000,32000
GET,/api/cart/add/anonymous-587/STAN-1/1,1,0,63257.038333000084,63257.038333000084,63257.038333000084,63257.038333000084,201.0,0.0002758456848840466,0.0,63000,63000,63000,63000,63000,63000,63000,63000,63000,63000,63000
GET,/api/cart/add/anonymous-588/EPE/1,1,0,32805.569806999985,32805.569806999985,32805.569806999985,32805.569806999985,129.0,0.0002758456848840466,0.0,33000,33000,33000,33000,33000,33000,33000,33000,33000,33000,33000
GET,/api/cart/add/anonymous-588/RED/1,1,0,16733.403028999986,16733.403028999986,16733.403028999986,16733.403028999986,132.0,0.0002758456848840466,0.0,17000,17000,17000,17000,17000,17000,17000,17000,17000,17000,17000
GET,/api/cart/add/anonymous-588/SHCE/1,2,0,36000.0,68621.64493850003,35792.09438500004,101451.19549200001,223.5,0.0005516913697680932,0.0,101000,101000,101000,101000,101000,101000,101000,101000,101000,101000,101000
GET,/api/cart/add/anonymous-589/HPTD/1,1,1,880646.6880810001,880646.6880810001,880646.6880810001,880646.6880810001,182.0,0.0002758456848840466,0.0002758456848840466,881000,881000,881000,881000,881000,881000,881000,881000,881000,881000,881000
GET,/api/cart/add/anonymous-589/RED/1,1,0,36494.326680000086,36494.326680000086,36494.326680000086,36494.326680000086,132.0,0.0002758456848840466,0.0,36000,36000,36000,36000,36000,36000,36000,36000,36000,36000,36000
GET,/api/cart/add/anonymous-589/SHCE/1,1,0,31883.503091999955,31883.503091999955,31883.503091999955,31883.503091999955,124.0,0.0002758456848840466,0.0,32000,32000,32000,32000,32000,32000,32000,32000,32000,32000,32000
GET,/api/cart/add/anonymous-589/Watson/1,1,0,27867.636255000092,27867.636255000092,27867.636255000092,27867.636255000092,198.0,0.0002758456848840466,0.0,28000,28000,28000,28000,28000,28000,28000,28000,28000,28000,28000
GET,/api/cart/add/anonymous-59/HPTD/1,3,0,81,13743.190329000092,39.41622499996811,41108.94100600035,151.66666666666666,0.0008275370546521397,0.0,81,81,41000,41000,41000,41000,41000,41000,41000,41000,41000
GET,/api/cart/add/anonymous-59/RMC/1,1,0,28725.534488999983,28725.534488999983,28725.534488999983,28725.534488999983,190.0,0.0002758456848840466,0.0,29000,29000,29000,29000,29000,29000,29000,29000,29000,29000,29000
GET,/api/cart/add/anonymous-59/SHCE/1,1,0,133.5466209999936,133.5466209999936,133.5466209999936,133.5466209999936,213.0,0.0002758456848840466,0.0,130,130,130,130,130,130,130,130,130,130,130
GET,/api/cart/add/anonymous-59/STAN-1/1,1,0,48705.39379100001,48705.39379100001,48705.39379100001,48705.39379100001,111.0,0.0002758456848840466,0.0,49000,49000,49000,49000,49000,49000,49000,49000,49000,49000,49000
GET,/api/cart/add/anonymous-59/Watson/1,1,0,88.63787999996475,88.63787999996475,88.63787999996475,88.63787999996475,193.0,0.0002758456848840466,0.0,89,89,89,89,89,89,89,89,89,89,89
GET,/api/cart/add/anonymous-590/EMM/1,2,0,37000.0,44445.59325399996,36924.32909899992,51966.857409,179.0,0.0005516913697680932,0.0,52000,52000,52000,52000,52000,52000,52000,52000,52000,52000,52000
GET,/api/cart/add/anonymous-590/EPE/1,1,0,1095173.917192,1095173.917192,1095173.917192,1095173.917192,129.0,0.0002758456848840466,0.0,1095000,1095000,1095000,1095000,1095000,1095000,1095000,1095000,1095000,1095000,1095000
GET,/api/cart/add/anonymous-590/RED/1,1,0,23753.73950400001,23753.73950400001,23753.73950400001,23753.73950400001,132.0,0.0002758456848840466,0.0,24000,24000,24000,24000,24000,24000,24000,24000,24000,24000,24000
GET,/api/cart/add/anonymous-591/EMM/1,1,0,27879.467513999996,27879.467513999996,27879.467513999996,27879.467513999996,137.0,0.0002758456848840466,0.0,28000,28000,28000,28000,28000,28000,28000,28000,28000,28000,28000
GET,/api/cart/add/anonymous-591/RED/1,2,0,37336.428411000044,50114.82271199998,37336.428411000044,62893.217012999914,133.0,0.0005516913697680932,0.0,63000,63000,63000,63000,63000,63000,63000,63000,63000,63000,63000
GET,/api/cart/add/anonymous-591/STAN-1/1,1,0,63084.104302000014,63084.104302000014,63084.104302000014,63084.104302000014,201.0,0.0002758456848840466,0.0,63000,63000,63000,63000,63000,63000,63000,63000,63000,63000,63000
GET,/api/cart/add/anonymous-592/HPTD/1,1,0,83527.44777199996,83527.44777199996,83527.44777199996,83527.44777199996,297.0,0.0002758456848840466,0.0,84000,84000,84000,84000,84000,84000,84000,84000,84000,84000,84000
GET,/api/cart/add/anonymous-592/RED/1,1,0,101273.01810500001,101273.01810500001,101273.01810500001,101273.01810500001,209.0,0.0002758456848840466,0.0,101000,101000,101000,101000,101000,101000,101000,101000,101000,101000,101000
GET,/api/cart/add/anonymous-592/RMC/1,1,0,32714.72970299999,32714.72970299999,32714.72970299999,32714.72970299999,108.0,0.0002758456848840466,0.0,33000,33000,33000,33000,33000,33000,33000,33000,33000,33000,33000
GET,/api/cart/add/anonymous-592/UHJ/1,1,0,32839.42539800001,32839.42539800001,32839.42539800001,32839.42539800001,138.0,0.0002758456848840466,0.0,33000,33000,33000,33000,33000,33000,33000,33000,33000,33000,33000
GET,/api/cart/add/anonymous-593/RED/1,1,0,52371.19429999996,52371.19429999996,52371.19429999996,52371.19429999996,202.0,0.0002758456848840466,0.0,52000,52000,52000,52000,52000,52000,52000,52000,52000,52000,52000
GET,/api/cart/add/anonymous-593/RMC/1,1,0,51958.67771300004,51958.67771300004,51958.67771300004,51958.67771300004,108.0,0.0002758456848840466,0.0,52000,52000,52000,52000,52000,52000,52000,52000,52000,52000,52000
GET,/api/cart/add/anonymous-593/STAN-1/1,1,0,99033.60578699995,99033.60578699995,99033.60578699995,99033.60578699995,190.0,0.0002758456848840466,0.0,99000,99000,99000,99000,99000,99000,99000,99000,99000,99000,99000
GET,/api/cart/add/anonymous-593/Watson/1,1,0,23732.820815999956,23732.820815999956,23732.820815999956,23732.820815999956,106.0,0.0002758456848840466,0.0,24000,24000,24000,24000,24000,24000,24000,24000,24000,24000,24000
GET,/api/cart/add/anonymous-594/RED/1,1,1,100973.83789499998,100973.83789499998,100973.83789499998,100973.83789499998,0.0,0.0002758456848840466,0.0002758456848840466,101000,101000,101000,101000,101000,101000,101000,101000,101000,101000,101000
GET,/api/cart/add/anonymous-594/RMC/1,1,1,434304.187985,434304.187985,434304.187985,434304.187985,182.0,0.0002758456848840466,0.0002758456848840466,434000,434000,434000,434000,434000,434000,434000,434000,434000,434000,434000
GET,/api/cart/add/anonymous-594/STAN-1/1,1,0,33660.445861999964,33660.445861999964,33660.445861999964,33660.445861999964,111.0,0.0002758456848840466,0.0,34000,34000,34000,34000,34000,34000,34000,34000,34000,34000,34000
GET,/api/cart/add/anonymous-594/UHJ/1,1,0,23731.97330800008,23731.97330800008,23731.97330800008,23731.97330800008,138.0,0.0002758456848840466,0.0,24000,24000,24000,24000,24000,24000,24000,24000,24000,24000,24000
GET,/api/cart/add/anonymous-595/HPTD/1,1,0,23794.07897400006,23794.07897400006,23794.07897400006,23794.07897400006,121.0,0.0002758456848840466,0.0,24000,24000,24000,24000,24000,24000,24000,24000,24000,24000,24000
GET,/api/cart/add/anonymous-595/RED/1,1,0,36459.65772999989,36459.65772999989,36459.65772999989,36459.65772999989,225.0,0.0002758456848840466,0.0,36000,36000,36000,36000,36000,36000,36000,36000,36000,36000,36000
GET,/api/cart/add/anonymous-595/SHCE/1,1,0,33231.93065099997,33231.93065099997,33231.93065099997,33231.93065099997,124.0,0.0002758456848840466,0.0,33000,33000,33000,33000,33000,33000,33000,33000,33000,33000,33000
GET,/api/cart/add/anonymous-595/Watson/1,1,0,51966.734612000095,51966.734612000095,51966.734612000095,51966.734612000095,193.0,0.0002758456848840466,0.0,52000,52000,52000,52000,52000,52000,52000,52000,52000,52000,52000
GET,/api/cart/add/anonymous-596/EPE/1,2,0,34000.0,242123.62530299998,33774.32457899999,450472.92602699995,168.0,0.0005516913697680932,0.0,450000,450000,450000,450000,450000,450000,450000,450000,450000,450000,450000
GET,/api/cart/add/anonymous-596/RMC/1,2,1,33376.06248200007,49717.32492450002,33376.06248200007,66058.58736699997,145.0,0.0005516913697680932,0.0002758456848840466,66000,66000,66000,66000,66000,66000,66000,66000,66000,66000,66000
GET,/api/cart/add/anonymous-597/RED/1,1,0,33481.738756999905,33481.738756999905,33481.738756999905,33481.738756999905,132.0,0.0002758456848840466,0.0,33000,33000,33000,33000,33000,33000,33000,33000,33000,33000,33000
GET,/api/cart/add/anonymous-597/RMC/1,1,0,62822.46303599993,62822.46303599993,62822.46303599993,62822.46303599993,190.0,0.0002758456848840466,0.0,63000,63000,63000,63000,63000,63000,63000,63000,63000,63000,63000
GET,/api/cart/add/anonymous-597/STAN-1/1,2,0,37305.931530999944,404276.63272050006,37305.931530999944,771247.3339100002,153.5,0.0005516913697680932,0.0,771000,771000,771000,771000,771000,771000,771000,771000,771000,771000,771000
GET,/api/cart/add/anonymous-598/EMM/1,1,0,33730.39302400002,33730.39302400002,33730.39302400002,33730.39302400002,137.0,0.0002758456848840466,0.0,34000,34000,34000,34000,34000,34000,34000,34000,34000,34000,34000
GET,/api/cart/add/anonymous-598/HPTD/1,1,0,700887.182736,700887.182736,700887.182736,700887.182736,223.0,0.0002758456848840466,0.0,701000,701000,701000,701000,701000,701000,701000,701000,701000,701000,701000
GET,/api/cart/add/anonymous-598/RED/1,1,0,27999.444737999966,27999.444737999966,27999.444737999966,27999.444737999966,209.0,0.0002758456848840466,0.0,28000,28000,28000,28000,28000,28000,28000,28000,28000,28000,28000
GET,/api/cart/add/anonymous-598/UHJ/1,1,0,31245.383911999965,31245.383911999965,31245.383911999965,31245.383911999965,138.0,0.0002758456848840466,0.0,31000,31000,31000,31000,31000,31000,31000,31000,31000,31000,31000
GET,/api/cart/add/anonymous-599/EMM/1,1,1,143887.30441000007,143887.30441000007,143887.30441000007,143887.30441000007,182.0,0.0002758456848840466,0.0002758456848840466,144000,144000,144000,144000,144000,144000,144000,144000,144000,144000,144000
GET,/api/cart/add/anonymous-599/HPTD/1,2,0,33000.0,71725.26256350006,32682.432917000027,110768.09221000008,170.0,0.0005516913697680932,0.0,111000,111000,111000,111000,111000,111000,111000,111000,111000,111000,111000
GET,/api/cart/add/anonymous-599/RED/1,1,0,52158.06653000004,52158.06653000004,52158.06653000004,52158.06653000004,132.0,0.0002758456848840466,0.0,52000,52000,52000,52000,52000,52000,52000,52000,52000,52000,52000
GET,/api/cart/add/anonymous-6/EMM/1,1,0,87.32127500002207,87.32127500002207,87.32127500002207,87.32127500002207,137.0,0.0002758456848840466,0.0,87,87,87,87,87,87,87,87,87,87,87
GET,/api/cart/add/anonymous-6/HPTD/1,1,0,64058.28475399994,64058.28475399994,64058.28475399994,64058.28475399994,121.0,0.0002758456848840466,0.0,64000,64000,64000,64000,64000,64000,64000,64000,64000,64000,64000
GET,/api/cart/add/anonymous-6/RED/1,2,0,36.42661499998212,91.31408749999537,36.42661499998212,146.2015600000086,176.5,0.0005516913697680932,0.0,150,150,150,150,150,150,150,150,150,150,150
GET,/api/cart/add/anonymous-6/RMC/1,1,0,60.805190999985825,60.805190999985825,60.805190999985825,60.805190999985825,210.0,0.0002758456848840466,0.0,61,61,61,61,61,61,61,61,61,61,61
GET,/api/cart/add/anonymous-6/SHCE/1,2,0,90000.0,94883.86211049987,89704.88229099965,100062.84193000011,168.5,0.0005516913697680932,0.0,100000,100000,100000,100000,100000,100000,100000,100000,100000,100000,100000
GET,/api/cart/add/anonymous-6/UHJ/1,1,0,47286.201638999955,47286.201638999955,47286.201638999955,47286.201638999955,318.0,0.0002758456848840466,0.0,47000,47000,47000,47000,47000,47000,47000,47000,47000,47000,47000
GET,/api/cart/add/anonymous-60/EMM/1,1,0,252.20969499997636,252.20969499997636,252.20969499997636,252.20969499997636,215.0,0.0002758456848840466,0.0,250,250,250,250,250,250,250,250,250,250,250
GET,/api/cart/add/anonymous-60/EPE/1,1,0,40996.14368500034,40996.14368500034,40996.14368500034,40996.14368500034,129.0,0.0002758456848840466,0.0,41000,41000,41000,41000,41000,41000,41000,41000,41000,41000,41000
GET,/api/cart/add/anonymous-60/RED/1,1,0,80.17205200002309,80.17205200002309,80.17205200002309,80.17205200002309,225.0,0.0002758456848840466,0.0,80,80,80,80,80,80,80,80,80,80,80
GET,/api/cart/add/anonymous-60/RMC/1,1,0,68.20661500000824,68.20661500000824,68.20661500000824,68.20661500000824,108.0,0.0002758456848840466,0.0,68,68,68,68,68,68,68,68,68,68,68
GET,/api/cart/add/anonymous-60/SHCE/1,1,0,112.97775599996385,112.97775599996385,112.97775599996385,112.97775599996385,124.0,0.0002758456848840466,0.0,110,110,110,110,110,110,110,110,110,110,110
GET,/api/cart/add/anonymous-600/RED/1,2,0,28000.0,76670.05157300003,27747.066579000035,125593.03656700002,133.0,0.0005516913697680932,0.0,126000,126000,126000,126000,126000,126000,126000,126000,126000,126000,126000
GET,/api/cart/add/anonymous-600/RMC/1,1,0,52026.36569900005,52026.36569900005,52026.36569900005,52026.36569900005,108.0,0.0002758456848840466,0.0,52000,52000,52000,52000,52000,52000,52000,52000,52000,52000,52000
GET,/api/cart/add/anonymous-600/SHCE/1,1,0,717723.0574269999,717723.0574269999,717723.0574269999,717723.0574269999,226.0,0.0002758456848840466,0.0,718000,718000,718000,718000,718000,718000,718000,718000,718000,718000,718000
GET,/api/cart/add/anonymous-601/EMM/1,1,0,1609240.2591080002,1609240.2591080002,1609240.2591080002,1609240.2591080002,279.0,0.0002758456848840466,0.0,1609000,1609000,1609000,1609000,1609000,1609000,1609000,1609000,1609000,1609000,1609000
GET,/api/cart/add/anonymous-601/EPE/1,1,0,52190.183494000055,52190.183494000055,52190.183494000055,52190.183494000055,129.0,0.0002758456848840466,0.0,52000,52000,52000,52000,52000,52000,52000,52000,52000,52000,52000
GET,/api/cart/add/anonymous-601/RMC/1,1,0,62841.93127699996,62841.93127699996,62841.93127699996,62841.93127699996,190.0,0.0002758456848840466,0.0,63000,63000,63000,63000,63000,63000,63000,63000,63000,63000,63000
GET,/api/cart/add/anonymous-601/STAN-1/1,1,0,36152.82944,36152.82944,36152.82944,36152.82944,111.0,0.0002758456848840466,0.0,36000,36000,36000,36000,36000,36000,36000,36000,36000,36000,36000
GET,/api/cart/add/anonymous-602/RED/1,2,1,34000.0,397885.3549315,33575.165420999954,762195.544442,157.0,0.0005516913697680932,0.0002758456848840466,762000,762000,762000,762000,762000,762000,762000,762000,762000,762000,762000
GET,/api/cart/add/anonymous-602/RMC/1,1,0,35706.19037200004,35706.19037200004,35706.19037200004,35706.19037200004,108.0,0.0002758456848840466,0.0,36000,36000,36000,36000,36000,36000,36000,36000,36000,36000,36000
GET,/api/cart/add/anonymous-602/Watson/1,1,1,622380.657105,622380.657105,622380.657105,622380.657105,182.0,0.0002758456848840466,0.0002758456848840466,622000,622000,622000,622000,622000,622000,622000,622000,622000,622000,622000
GET,/api/cart/add/anonymous-603/EMM/1,1,0,33376.32988300004,33376.32988300004,33376.32988300004,33376.32988300004,137.0,0.0002758456848840466,0.0,33000,33000,33000,33000,33000,33000,33000,33000,33000,33000,33000
GET,/api/cart/add/anonymous-603/EPE/1,1,0,36134.09557300008,36134.09557300008,36134.09557300008,36134.09557300008,129.0,0.0002758456848840466,0.0,36000,36000,36000,36000,36000,36000,36000,36000,36000,36000,36000
GET,/api/cart/add/anonymous-603/HPTD/1,1,1,740603.3111599998,740603.3111599998,740603.3111599998,740603.3111599998,182.0,0.0002758456848840466,0.0002758456848840466,741000,741000,741000,741000,741000,741000,741000,741000,741000,741000,741000
GET,/api/cart/add/anonymous-603/SHCE/1,1,1,17116.825314999915,17116.825314999915,17116.825314999915,17116.825314999915,182.0,0.0002758456848840466,0.0002758456848840466,17000,17000,17000,17000,17000,17000,17000,17000,17000,17000,17000
GET,/api/cart/add/anonymous-604/EMM/1,2,0,34000.0,47325.84405099999,33526.320381000005,61125.36772099997,171.5,0.0005516913697680932,0.0,61000,61000,61000,61000,61000,61000,61000,61000,61000,61000,61000
GET,/api/cart/add/anonymous-604/SHCE/1,1,0,35189.83099699995,35189.83099699995,35189.83099699995,35189.83099699995,124.0,0.0002758456848840466,0.0,35000,35000,35000,35000,35000,35000,35000,35000,35000,35000,35000
GET,/api/cart/add/anonymous-604/Watson/1,1,0,450480.08448099997,450480.08448099997,450480.08448099997,450480.08448099997,206.0,0.0002758456848840466,0.0,450000,450000,450000,450000,450000,450000,450000,450000,450000,450000,450000
GET,/api/cart/add/anonymous-605/EMM/1,1,0,36124.44268700005,36124.44268700005,36124.44268700005,36124.44268700005,137.0,0.0002758456848840466,0.0,36000,36000,36000,36000,36000,36000,36000,36000,36000,36000,36000
GET,/api/cart/add/anonymous-605/HPTD/1,1,0,739365.416283,739365.416283,739365.416283,739365.416283,288.0,0.0002758456848840466,0.0,739000,739000,739000,739000,739000,739000,739000,739000,739000,739000,739000
GET,/api/cart/add/anonymous-605/SHCE/1,1,0,32881.83431700009,32881.83431700009,32881.83431700009,32881.83431700009,124.0,0.0002758456848840466,0.0,33000,33000,33000,33000,33000,33000,33000,33000,33000,33000,33000
GET,/api/cart/add/anonymous-605/STAN-1/1,1,0,62830.42718199999,62830.42718199999,62830.42718199999,62830.42718199999,201.0,0.0002758456848840466,0.0,63000,63000,63000,63000,63000,63000,63000,63000,63000,63000,63000
GET,/api/cart/add/anonymous-606/EMM/1,1,0,1096670.746179,1096670.746179,1096670.746179,1096670.746179,137.0,0.0002758456848840466,0.0,1097000,1097000,1097000,1097000,1097000,1097000,1097000,1097000,1097000,1097000,1097000
GET,/api/cart/add/anonymous-606/STAN-1/1,1,1,698565.087709,698565.087709,698565.087709,698565.087709,182.0,0.0002758456848840466,0.0002758456848840466,699000,699000,699000,699000,699000,699000,699000,699000,699000,699000,699000
GET,/api/cart/add/anonymous-606/UHJ/1,1,0,36875.50018800005,36875.50018800005,36875.50018800005,36875.50018800005,138.0,0.0002758456848840466,0.0,37000,37000,37000,37000,37000,37000,37000,37000,37000,37000,37000
GET,/api/cart/add/anonymous-606/Watson/1,1,0,33483.87995799999,33483.87995799999,33483.87995799999,33483.87995799999,106.0,0.0002758456848840466,0.0,33000,33000,33000,33000,33000,33000,33000,33000,33000,33000,33000
GET,/api/cart/add/anonymous-607/EPE/1,1,0,36097.012940000015,36097.012940000015,36097.012940000015,36097.012940000015,129.0,0.0002758456848840466,0.0,36000,36000,36000,36000,36000,36000,36000,36000,36000,36000,36000
GET,/api/cart/add/anonymous-607/RED/1,1,0,36865.874306999896,36865.874306999896,36865.874306999896,36865.874306999896,132.0,0.0002758456848840466,0.0,37000,37000,37000,37000,37000,37000,37000,37000,37000,37000,37000
GET,/api/cart/add/anonymous-607/SHCE/1,1,0,1413876.911586,1413876.911586,1413876.911586,1413876.911586,124.0,0.0002758456848840466,0.0,1414000,1414000,1414000,1414000,1414000,1414000,1414000,1414000,1414000,1414000,1414000
GET,/api/cart/add/anonymous-607/Watson/1,1,0,407579.63946,407579.63946,407579.63946,407579.63946,200.0,0.0002758456848840466,0.0,408000,408000,408000,408000,408000,408000,408000,408000,408000,408000,408000
GET,/api/cart/add/anonymous-608/EMM/1,2,1,21458.10934499991,70627.10333450002,21458.10934499991,119796.09732400013,193.5,0.0005516913697680932,0.0002758456848840466,120000,120000,120000,120000,120000,120000,120000,120000,120000,120000,120000
GET,/api/cart/add/anonymous-608/EPE/1,1,0,13902.865785000016,13902.865785000016,13902.865785000016,13902.865785000016,129.0,0.0002758456848840466,0.0,14000,14000,14000,14000,14000,14000,14000,14000,14000,14000,14000
GET,/api/cart/add/anonymous-608/Watson/1,1,0,33625.50048900005,33625.50048900005,33625.50048900005,33625.50048900005,106.0,0.0002758456848840466,0.0,34000,34000,34000,34000,34000,34000,34000,34000,34000,34000,34000
GET,/api/cart/add/anonymous-609/EMM/1,1,0,53070.17179800005,53070.17179800005,53070.17179800005,53070.17179800005,137.0,0.0002758456848840466,0.0,53000,53000,53000,53000,53000,53000,53000,53000,53000,53000,53000
GET,/api/cart/add/anonymous-609/RED/1,1,0,62823.64407599994,62823.64407599994,62823.64407599994,62823.64407599994,209.0,0.0002758456848840466,0.0,63000,63000,63000,63000,63000,63000,63000,63000,63000,63000,63000
GET,/api/cart/add/anonymous-609/UHJ/1,1,0,36083.98682100006,36083.98682100006,36083.98682100006,36083.98682100006,138.0,0.0002758456848840466,0.0,36000,36000,36000,36000,36000,36000,36000,36000,36000,36000,36000
GET,/api/cart/add/anonymous-609/Watson/1,1,0,1470540.977052,1470540.977052,1470540.977052,1470540.977052,106.0,0.0002758456848840466,0.0,1471000,1471000,1471000,1471000,1471000,1471000,1471000,1471000,1471000,1471000,1471000
GET,/api/cart/add/anonymous-61/EMM/1,2,0,130.0,195.5692165000471,127.86870300004693,263.2697300000473,137.0,0.0005516913697680932,0.0,260,260,260,260,260,260,260,260,260,260,260
GET,/api/cart/add/anonymous-61/EPE/1,2,0,243.90066900002694,20680.654341999965,243.90066900002694,41117.408014999906,167.0,0.0005516913697680932,0.0,41000,41000,41000,41000,41000,41000,41000,41000,41000,41000,41000
GET,/api/cart/add/anonymous-61/RED/1,1,0,112.8155549999974,112.8155549999974,112.8155549999974,112.8155549999974,221.0,0.0002758456848840466,0.0,110,110,110,110,110,110,110,110,110,110,110
GET,/api/cart/add/anonymous-61/RMC/1,1,0,55011.32743700009,55011.32743700009,55011.32743700009,55011.32743700009,257.0,0.0002758456848840466,0.0,55000,55000,55000,55000,55000,55000,55000,55000,55000,55000,55000
GET,/api/cart/add/anonymous-61/STAN-1/1,1,0,56762.70018200012,56762.70018200012,56762.70018200012,56762.70018200012,179.0,0.0002758456848840466,0.0,57000,57000,57000,57000,57000,57000,57000,57000,57000,57000,57000
GET,/api/cart/add/anonymous-610/HPTD/1,1,0,22950.89393299986,22950.89393299986,22950.89393299986,22950.89393299986,121.0,0.0002758456848840466,0.0,23000,23000,23000,23000,23000,23000,23000,23000,23000,23000,23000
GET,/api/cart/add/anonymous-610/RED/1,1,0,36086.03703899996,36086.03703899996,36086.03703899996,36086.03703899996,132.0,0.0002758456848840466,0.0,36000,36000,36000,36000,36000,36000,36000,36000,36000,36000,36000
GET,/api/cart/add/anonymous-610/Watson/1,2,0,53000.0,242730.26793499992,52770.70627599994,432689.8295939999,105.0,0.0005516913697680932,0.0,433000,433000,433000,433000,433000,433000,433000,433000,433000,433000,433000
GET,/api/cart/add/anonymous-611/EMM/1,1,0,62832.35093799999,62832.35093799999,62832.35093799999,62832.35093799999,205.0,0.0002758456848840466,0.0,63000,63000,63000,63000,63000,63000,63000,63000,63000,63000,63000
GET,/api/cart/add/anonymous-611/EPE/1,1,0,36485.725495999985,36485.725495999985,36485.725495999985,36485.725495999985,129.0,0.0002758456848840466,0.0,36000,36000,36000,36000,36000,36000,36000,36000,36000,36000,36000
GET,/api/cart/add/anonymous-611/RED/1,1,0,52025.42899499997,52025.42899499997,52025.42899499997,52025.42899499997,132.0,0.0002758456848840466,0.0,52000,52000,52000,52000,52000,52000,52000,52000,52000,52000,52000
GET,/api/cart/add/anonymous-611/Watson/1,1,1,37930.64410700004,37930.64410700004,37930.64410700004,37930.64410700004,182.0,0.0002758456848840466,0.0002758456848840466,38000,38000,38000,38000,38000,38000,38000,38000,38000,38000,38000
GET,/api/cart/add/anonymous-612/EMM/1,1,0,762185.2045120001,762185.2045120001,762185.2045120001,762185.2045120001,223.0,0.0002758456848840466,0.0,762000,762000,762000,762000,762000,762000,762000,762000,762000,762000,762000
GET,/api/cart/add/anonymous-612/HPTD/1,1,0,36153.78354799998,36153.78354799998,36153.78354799998,36153.78354799998,121.0,0.0002758456848840466,0.0,36000,36000,36000,36000,36000,36000,36000,36000,36000,36000,36000
GET,/api/cart/add/anonymous-612/RED/1,2,1,34000.0,231575.42285,33568.41756199992,429582.4281380001,157.0,0.0005516913697680932,0.0002758456848840466,430000,430000,430000,430000,430000,430000,430000,430000,430000,430000,430000
GET,/api/cart/add/anonymous-613/EMM/1,3,0,52000.0,276602.57581999997,36372.400950999916,741416.711768,167.66666666666666,0.0008275370546521397,0.0,52000,52000,741000,741000,741000,741000,741000,741000,741000,741000,741000
GET,/api/cart/add/anonymous-613/SHCE/1,1,0,76749.23102499986,76749.23102499986,76749.23102499986,76749.23102499986,229.0,0.0002758456848840466,0.0,77000,77000,77000,77000,77000,77000,77000,77000,77000,77000,77000
GET,/api/cart/add/anonymous-614/UHJ/1,4,1,36134.195972000045,141068.52009525,36134.195972000045,429591.7194780001,104.25,0.0011033827395361864,0.0002758456848840466,62000,62000,430000,430000,430000,430000,430000,430000,430000,430000,430000
GET,/api/cart/add/anonymous-615/EMM/1,1,0,27941.08768199999,27941.08768199999,27941.08768199999,27941.08768199999,137.0,0.0002758456848840466,0.0,28000,28000,28000,28000,28000,28000,28000,28000,28000,28000,28000
GET,/api/cart/add/anonymous-615/RMC/1,1,0,61123.20839899985,61123.20839899985,61123.20839899985,61123.20839899985,202.0,0.0002758456848840466,0.0,61000,61000,61000,61000,61000,61000,61000,61000,61000,61000,61000
GET,/api/cart/add/anonymous-615/SHCE/1,1,0,33594.672090000015,33594.672090000015,33594.672090000015,33594.672090000015,124.0,0.0002758456848840466,0.0,34000,34000,34000,34000,34000,34000,34000,34000,34000,34000,34000
GET,/api/cart/add/anonymous-615/Watson/1,1,0,61979.91937200004,61979.91937200004,61979.91937200004,61979.91937200004,206.0,0.0002758456848840466,0.0,62000,62000,62000,62000,62000,62000,62000,62000,62000,62000,62000
GET,/api/cart/add/anonymous-616/HPTD/1,2,0,34000.0,58684.74426149999,33902.60476399999,83466.88375899999,121.0,0.0005516913697680932,0.0,83000,83000,83000,83000,83000,83000,83000,83000,83000,83000,83000
GET,/api/cart/add/anonymous-616/RMC/1,1,1,739366.2726980001,739366.2726980001,739366.2726980001,739366.2726980001,182.0,0.0002758456848840466,0.0002758456848840466,739000,739000,739000,739000,739000,739000,739000,739000,739000,739000,739000
GET,/api/cart/add/anonymous-616/STAN-1/1,1,0,36423.18628500004,36423.18628500004,36423.18628500004,36423.18628500004,111.0,0.0002758456848840466,0.0,36000,36000,36000,36000,36000,36000,36000,36000,36000,36000,36000
GET,/api/cart/add/anonymous-617/EPE/1,1,0,36255.76873700004,36255.76873700004,36255.76873700004,36255.76873700004,129.0,0.0002758456848840466,0.0,36000,36000,36000,36000,36000,36000,36000,36000,36000,36000,36000
GET,/api/cart/add/anonymous-617/RED/1,1,0,83457.94943700003,83457.94943700003,83457.94943700003,83457.94943700003,287.0,0.0002758456848840466,0.0,83000,83000,83000,83000,83000,83000,83000,83000,83000,83000,83000
GET,/api/cart/add/anonymous-617/RMC/1,1,0,27878.06371299996,27878.06371299996,27878.06371299996,27878.06371299996,108.0,0.0002758456848840466,0.0,28000,28000,28000,28000,28000,28000,28000,28000,28000,28000,28000
GET,/api/cart/add/anonymous-617/UHJ/1,1,0,61969.01245699996,61969.01245699996,61969.01245699996,61969.01245699996,216.0,0.0002758456848840466,0.0,62000,62000,62000,62000,62000,62000,62000,62000,62000,62000,62000
GET,/api/cart/add/anonymous-618/EMM/1,1,0,32695.345527000085,32695.345527000085,32695.345527000085,32695.345527000085,137.0,0.0002758456848840466,0.0,33000,33000,33000,33000,33000,33000,33000,33000,33000,33000,33000
GET,/api/cart/add/anonymous-618/UHJ/1,3,1,99000.0,400517.0623956667,37047.59514700004,1065529.108656,153.66666666666666,0.0008275370546521397,0.0002758456848840466,99000,99000,1066000,1066000,1066000,1066000,1066000,1066000,1066000,1066000,1066000
GET,/api/cart/add/anonymous-619/EPE/1,1,0,62362.20583700003,62362.20583700003,62362.20583700003,62362.20583700003,217.0,0.0002758456848840466,0.0,62000,62000,62000,62000,62000,62000,62000,62000,62000,62000,62000
GET,/api/cart/add/anonymous-619/HPTD/1,1,0,28010.056805999964,28010.056805999964,28010.056805999964,28010.056805999964,121.0,0.0002758456848840466,0.0,28000,28000,28000,28000,28000,28000,28000,28000,28000,28000,28000
GET,/api/cart/add/anonymous-619/RMC/1,1,0,1687096.1904700003,1687096.1904700003,1687096.1904700003,1687096.1904700003,202.0,0.0002758456848840466,0.0,1687000,1687000,1687000,1687000,1687000,1687000,1687000,1687000,1687000,1687000,1687000
GET,/api/cart/add/anonymous-619/SHCE/1,1,0,28299.807713000064,28299.807713000064,28299.807713000064,28299.807713000064,124.0,0.0002758456848840466,0.0,28000,28000,28000,28000,28000,28000,28000,28000,28000,28000,28000
GET,/api/cart/add/anonymous-62/EPE/1,2,0,150.0,28451.85417800019,148.69186900000386,56755.01648700038,242.5,0.0005516913697680932,0.0,57000,57000,57000,57000,57000,57000,57000,57000,57000,57000,57000
GET,/api/cart/add/anonymous-62/RED/1,3,0,320.0,9740.968551333443,150.83107600003132,28750.742164000258,182.33333333333334,0.0008275370546521397,0.0,320,320,29000,29000,29000,29000,29000,29000,29000,29000,29000
GET,/api/cart/add/anonymous-62/STAN-1/1,1,0,82653.57316200016,82653.57316200016,82653.57316200016,82653.57316200016,111.0,0.0002758456848840466,0.0,83000,83000,83000,83000,83000,83000,83000,83000,83000,83000,83000
GET,/api/cart/add/anonymous-62/Watson/1,2,0,160.0,26852.043130000086,155.10188899997956,53548.98437100019,154.0,0.0005516913697680932,0.0,54000,54000,54000,54000,54000,54000,54000,54000,54000,54000,54000
GET,/api/cart/add/anonymous-620/EPE/1,1,0,683750.9070169999,683750.9070169999,683750.9070169999,683750.9070169999,207.0,0.0002758456848840466,0.0,684000,684000,684000,684000,684000,684000,684000,684000,684000,684000,684000
GET,/api/cart/add/anonymous-620/RMC/1,2,0,33495.09135799997,34929.91811900004,33495.09135799997,36364.7448800001,108.0,0.0005516913697680932,0.0,36000,36000,36000,36000,36000,36000,36000,36000,36000,36000,36000
GET,/api/cart/add/anonymous-620/STAN-1/1,1,0,1135494.672084,1135494.672084,1135494.672084,1135494.672084,111.0,0.0002758456848840466,0.0,1135000,1135000,1135000,1135000,1135000,1135000,1135000,1135000,1135000,1135000,1135000
GET,/api/cart/add/anonymous-621/EPE/1,1,0,28089.427724000074,28089.427724000074,28089.427724000074,28089.427724000074,129.0,0.0002758456848840466,0.0,28000,28000,28000,28000,28000,28000,28000,28000,28000,28000,28000
GET,/api/cart/add/anonymous-621/HPTD/1,1,0,61979.163033999954,61979.163033999954,61979.163033999954,61979.163033999954,217.0,0.0002758456848840466,0.0,62000,62000,62000,62000,62000,62000,62000,62000,62000,62000,62000
GET,/api/cart/add/anonymous-621/RMC/1,1,0,36364.38012200006,36364.38012200006,36364.38012200006,36364.38012200006,108.0,0.0002758456848840466,0.0,36000,36000,36000,36000,36000,36000,36000,36000,36000,36000,36000
GET,/api/cart/add/anonymous-621/STAN-1/1,1,0,1135487.099933,1135487.099933,1135487.099933,1135487.099933,190.0,0.0002758456848840466,0.0,1135000,1135000,1135000,1135000,1135000,1135000,1135000,1135000,1135000,1135000,1135000
GET,/api/cart/add/anonymous-622/EPE/1,1,0,83476.1220490002,83476.1220490002,83476.1220490002,83476.1220490002,217.0,0.0002758456848840466,0.0,83000,83000,83000,83000,83000,83000,83000,83000,83000,83000,83000
GET,/api/cart/add/anonymous-622/HPTD/1,1,0,37039.50577500006,37039.50577500006,37039.50577500006,37039.50577500006,121.0,0.0002758456848840466,0.0,37000,37000,37000,37000,37000,37000,37000,37000,37000,37000,37000
GET,/api/cart/add/anonymous-622/Watson/1,2,0,36143.837261000044,49740.51271500002,36143.837261000044,63337.188169,105.0,0.0005516913697680932,0.0,63000,63000,63000,63000,63000,63000,63000,63000,63000,63000,63000
GET,/api/cart/add/anonymous-623/EPE/1,1,0,120302.30964999986,120302.30964999986,120302.30964999986,120302.30964999986,217.0,0.0002758456848840466,0.0,120000,120000,120000,120000,120000,120000,120000,120000,120000,120000,120000
GET,/api/cart/add/anonymous-623/HPTD/1,1,0,32362.334027999965,32362.334027999965,32362.334027999965,32362.334027999965,121.0,0.0002758456848840466,0.0,32000,32000,32000,32000,32000,32000,32000,32000,32000,32000,32000
GET,/api/cart/add/anonymous-623/SHCE/1,1,0,28294.649779999985,28294.649779999985,28294.649779999985,28294.649779999985,124.0,0.0002758456848840466,0.0,28000,28000,28000,28000,28000,28000,28000,28000,28000,28000,28000
GET,/api/cart/add/anonymous-623/Watson/1,1,1,345.4350730000897,345.4350730000897,345.4350730000897,345.4350730000897,182.0,0.0002758456848840466,0.0002758456848840466,350,350,350,350,350,350,350,350,350,350,350
GET,/api/cart/add/anonymous-624/EPE/1,2,0,34000.0,35023.220086499976,33843.737552999984,36202.70261999997,129.0,0.0005516913697680932,0.0,36000,36000,36000,36000,36000,36000,36000,36000,36000,36000,36000
GET,/api/cart/add/anonymous-624/RED/1,1,0,1439846.9809530003,1439846.9809530003,1439846.9809530003,1439846.9809530003,132.0,0.0002758456848840466,0.0,1440000,1440000,1440000,1440000,1440000,1440000,1440000,1440000,1440000,1440000,1440000
GET,/api/cart/add/anonymous-624/RMC/1,1,1,18332.42032599992,18332.42032599992,18332.42032599992,18332.42032599992,182.0,0.0002758456848840466,0.0002758456848840466,18000,18000,18000,18000,18000,18000,18000,18000,18000,18000,18000
GET,/api/cart/add/anonymous-625/HPTD/1,2,0,36292.69278000004,49129.52699200003,36292.69278000004,61966.36120400001,170.0,0.0005516913697680932,0.0,62000,62000,62000,62000,62000,62000,62000,62000,62000,62000,62000
GET,/api/cart/add/anonymous-625/RED/1,1,0,27950.780983999946,27950.780983999946,27950.780983999946,27950.780983999946,132.0,0.0002758456848840466,0.0,28000,28000,28000,28000,28000,28000,28000,28000,28000,28000,28000
GET,/api/cart/add/anonymous-625/Watson/1,1,0,1370051.754712,1370051.754712,1370051.754712,1370051.754712,106.0,0.0002758456848840466,0.0,1370000,1370000,1370000,1370000,1370000,1370000,1370000,1370000,1370000,1370000,1370000
GET,/api/cart/add/anonymous-626/EMM/1,1,1,35057.486197000115,35057.486197000115,35057.486197000115,35057.486197000115,0.0,0.0002758456848840466,0.0002758456848840466,35000,35000,35000,35000,35000,35000,35000,35000,35000,35000,35000
GET,/api/cart/add/anonymous-626/EPE/1,1,0,61987.94161299997,61987.94161299997,61987.94161299997,61987.94161299997,201.0,0.0002758456848840466,0.0,62000,62000,62000,62000,62000,62000,62000,62000,62000,62000,62000
GET,/api/cart/add/anonymous-626/HPTD/1,1,0,21252.067112999954,21252.067112999954,21252.067112999954,21252.067112999954,121.0,0.0002758456848840466,0.0,21000,21000,21000,21000,21000,21000,21000,21000,21000,21000,21000
GET,/api/cart/add/anonymous-626/RED/1,1,0,27037.21193299998,27037.21193299998,27037.21193299998,27037.21193299998,132.0,0.0002758456848840466,0.0,27000,27000,27000,27000,27000,27000,27000,27000,27000,27000,27000
GET,/api/cart/add/anonymous-627/EPE/1,1,0,36512.148035999984,36512.148035999984,36512.148035999984,36512.148035999984,129.0,0.0002758456848840466,0.0,37000,37000,37000,37000,37000,37000,37000,37000,37000,37000,37000
GET,/api/cart/add/anonymous-627/RMC/1,1,0,1323380.5545049997,1323380.5545049997,1323380.5545049997,1323380.5545049997,108.0,0.0002758456848840466,0.0,1323000,1323000,1323000,1323000,1323000,1323000,1323000,1323000,1323000,1323000,1323000
GET,/api/cart/add/anonymous-627/SHCE/1,2,0,52038.12375400003,81444.74755750003,52038.12375400003,110851.37136100003,173.0,0.0005516913697680932,0.0,111000,111000,111000,111000,111000,111000,111000,111000,111000,111000,111000
GET,/api/cart/add/anonymous-628/RED/1,2,0,23249.31640800014,29726.217216000063,23249.31640800014,36203.11802399999,133.0,0.0005516913697680932,0.0,36000,36000,36000,36000,36000,36000,36000,36000,36000,36000,36000
GET,/api/cart/add/anonymous-628/SHCE/1,1,0,1113656.6400859996,1113656.6400859996,1113656.6400859996,1113656.6400859996,124.0,0.0002758456848840466,0.0,1114000,1114000,1114000,1114000,1114000,1114000,1114000,1114000,1114000,1114000,1114000
GET,/api/cart/add/anonymous-628/UHJ/1,1,0,36805.374778999976,36805.374778999976,36805.374778999976,36805.374778999976,138.0,0.0002758456848840466,0.0,37000,37000,37000,37000,37000,37000,37000,37000,37000,37000,37000
GET,/api/cart/add/anonymous-629/HPTD/1,1,0,35388.27827099999,35388.27827099999,35388.27827099999,35388.27827099999,121.0,0.0002758456848840466,0.0,35000,35000,35000,35000,35000,35000,35000,35000,35000,35000,35000
GET,/api/cart/add/anonymous-629/SHCE/1,1,0,1113649.0075319998,1113649.0075319998,1113649.0075319998,1113649.0075319998,203.0,0.0002758456848840466,0.0,1114000,1114000,1114000,1114000,1114000,1114000,1114000,1114000,1114000,1114000,1114000
GET,/api/cart/add/anonymous-629/STAN-1/1,1,0,35266.07902199998,35266.07902199998,35266.07902199998,35266.07902199998,111.0,0.0002758456848840466,0.0,35000,35000,35000,35000,35000,35000,35000,35000,35000,35000,35000
GET,/api/cart/add/anonymous-629/UHJ/1,1,0,18583.60662599989,18583.60662599989,18583.60662599989,18583.60662599989,283.0,0.0002758456848840466,0.0,19000,19000,19000,19000,19000,19000,19000,19000,19000,19000,19000
GET,/api/cart/add/anonymous-63/EPE/1,2,0,180.6820689999995,20619.616523500157,180.6820689999995,41058.55097800031,129.0,0.0005516913697680932,0.0,41000,41000,41000,41000,41000,41000,41000,41000,41000,41000,41000
GET,/api/cart/add/anonymous-63/HPTD/1,1,0,100.47391699998798,100.47391699998798,100.47391699998798,100.47391699998798,217.0,0.0002758456848840466,0.0,100,100,100,100,100,100,100,100,100,100,100
GET,/api/cart/add/anonymous-63/RMC/1,3,0,240.0,17533.042087666672,143.52425299995275,52219.14796400006,109.33333333333333,0.0008275370546521397,0.0,240,240,52000,52000,52000,52000,52000,52000,52000,52000,52000
GET,/api/cart/add/anonymous-63/STAN-1/1,1,1,48723.44287800024,48723.44287800024,48723.44287800024,48723.44287800024,0.0,0.0002758456848840466,0.0002758456848840466,49000,49000,49000,49000,49000,49000,49000,49000,49000,49000,49000
GET,/api/cart/add/anonymous-630/EMM/1,1,0,32789.31086900002,32789.31086900002,32789.31086900002,32789.31086900002,137.0,0.0002758456848840466,0.0,33000,33000,33000,33000,33000,33000,33000,33000,33000,33000,33000
GET,/api/cart/add/anonymous-630/EPE/1,1,0,52045.156912000035,52045.156912000035,52045.156912000035,52045.156912000035,129.0,0.0002758456848840466,0.0,52000,52000,52000,52000,52000,52000,52000,52000,52000,52000,52000
GET,/api/cart/add/anonymous-630/HPTD/1,1,1,100456.93966299995,100456.93966299995,100456.93966299995,100456.93966299995,0.0,0.0002758456848840466,0.0002758456848840466,100000,100000,100000,100000,100000,100000,100000,100000,100000,100000,100000
GET,/api/cart/add/anonymous-630/SHCE/1,1,1,101043.36737100004,101043.36737100004,101043.36737100004,101043.36737100004,0.0,0.0002758456848840466,0.0002758456848840466,101000,101000,101000,101000,101000,101000,101000,101000,101000,101000,101000
GET,/api/cart/add/anonymous-631/EMM/1,1,0,1095165.5356180002,1095165.5356180002,1095165.5356180002,1095165.5356180002,137.0,0.0002758456848840466,0.0,1095000,1095000,1095000,1095000,1095000,1095000,1095000,1095000,1095000,1095000,1095000
GET,/api/cart/add/anonymous-631/EPE/1,1,0,1096685.332586,1096685.332586,1096685.332586,1096685.332586,205.0,0.0002758456848840466,0.0,1097000,1097000,1097000,1097000,1097000,1097000,1097000,1097000,1097000,1097000,1097000
GET,/api/cart/add/anonymous-631/STAN-1/1,1,0,35268.73794800008,35268.73794800008,35268.73794800008,35268.73794800008,111.0,0.0002758456848840466,0.0,35000,35000,35000,35000,35000,35000,35000,35000,35000,35000,35000
GET,/api/cart/add/anonymous-631/Watson/1,1,0,32725.51734000001,32725.51734000001,32725.51734000001,32725.51734000001,106.0,0.0002758456848840466,0.0,33000,33000,33000,33000,33000,33000,33000,33000,33000,33000,33000
GET,/api/cart/add/anonymous-632/EMM/1,1,0,101654.9591260001,101654.9591260001,101654.9591260001,101654.9591260001,215.0,0.0002758456848840466,0.0,102000,102000,102000,102000,102000,102000,102000,102000,102000,102000,102000
GET,/api/cart/add/anonymous-632/HPTD/1,1,1,61747.9092589997,61747.9092589997,61747.9092589997,61747.9092589997,0.0,0.0002758456848840466,0.0002758456848840466,62000,62000,62000,62000,62000,62000,62000,62000,62000,62000,62000
GET,/api/cart/add/anonymous-632/RMC/1,1,0,43841.70244100005,43841.70244100005,43841.70244100005,43841.70244100005,108.0,0.0002758456848840466,0.0,44000,44000,44000,44000,44000,44000,44000,44000,44000,44000,44000
GET,/api/cart/add/anonymous-632/SHCE/1,1,0,35247.47177100005,35247.47177100005,35247.47177100005,35247.47177100005,124.0,0.0002758456848840466,0.0,35000,35000,35000,35000,35000,35000,35000,35000,35000,35000,35000
GET,/api/cart/add/anonymous-633/HPTD/1,1,0,36151.31969799995,36151.31969799995,36151.31969799995,36151.31969799995,121.0,0.0002758456848840466,0.0,36000,36000,36000,36000,36000,36000,36000,36000,36000,36000,36000
GET,/api/cart/add/anonymous-633/RMC/1,1,0,1413861.297707,1413861.297707,1413861.297707,1413861.297707,199.0,0.0002758456848840466,0.0,1414000,1414000,1414000,1414000,1414000,1414000,1414000,1414000,1414000,1414000,1414000
GET,/api/cart/add/anonymous-633/SHCE/1,1,0,23371.63323799996,23371.63323799996,23371.63323799996,23371.63323799996,124.0,0.0002758456848840466,0.0,23000,23000,23000,23000,23000,23000,23000,23000,23000,23000,23000
GET,/api/cart/add/anonymous-633/STAN-1/1,1,0,35276.854114,35276.854114,35276.854114,35276.854114,111.0,0.0002758456848840466,0.0,35000,35000,35000,35000,35000,35000,35000,35000,35000,35000,35000
GET,/api/cart/add/anonymous-634/EPE/1,1,0,48218.03175900004,48218.03175900004,48218.03175900004,48218.03175900004,222.0,0.0002758456848840466,0.0,48000,48000,48000,48000,48000,48000,48000,48000,48000,48000,48000
GET,/api/cart/add/anonymous-634/RMC/1,1,0,63183.02101400002,63183.02101400002,63183.02101400002,63183.02101400002,108.0,0.0002758456848840466,0.0,63000,63000,63000,63000,63000,63000,63000,63000,63000,63000,63000
GET,/api/cart/add/anonymous-634/SHCE/1,1,0,43842.01583899994,43842.01583899994,43842.01583899994,43842.01583899994,124.0,0.0002758456848840466,0.0,44000,44000,44000,44000,44000,44000,44000,44000,44000,44000,44000
GET,/api/cart/add/anonymous-634/UHJ/1,1,1,20331.433839000056,20331.433839000056,20331.433839000056,20331.433839000056,182.0,0.0002758456848840466,0.0002758456848840466,20000,20000,20000,20000,20000,20000,20000,20000,20000,20000,20000
GET,/api/cart/add/anonymous-635/HPTD/1,1,1,36506.86293600006,36506.86293600006,36506.86293600006,36506.86293600006,182.0,0.0002758456848840466,0.0002758456848840466,37000,37000,37000,37000,37000,37000,37000,37000,37000,37000,37000
GET,/api/cart/add/anonymous-635/RED/1,3,0,33000.0,55645.066980000025,32507.155770000056,101634.67308099996,132.66666666666666,0.0008275370546521397,0.0,33000,33000,102000,102000,102000,102000,102000,102000,102000,102000,102000
GET,/api/cart/add/anonymous-636/HPTD/1,1,1,349.1983229998823,349.1983229998823,349.1983229998823,349.1983229998823,182.0,0.0002758456848840466,0.0002758456848840466,350,350,350,350,350,350,350,350,350,350,350
GET,/api/cart/add/anonymous-636/STAN-1/1,2,0,33000.0,358249.8819155001,32750.11664099998,683749.6471900002,111.5,0.0005516913697680932,0.0,684000,684000,684000,684000,684000,684000,684000,684000,684000,684000,684000
GET,/api/cart/add/anonymous-636/UHJ/1,1,0,35734.07961099997,35734.07961099997,35734.07961099997,35734.07961099997,138.0,0.0002758456848840466,0.0,36000,36000,36000,36000,36000,36000,36000,36000,36000,36000,36000
GET,/api/cart/add/anonymous-637/EMM/1,2,0,33000.0,67041.647646,32517.885166000044,101565.41012599996,137.0,0.0005516913697680932,0.0,102000,102000,102000,102000,102000,102000,102000,102000,102000,102000,102000
GET,/api/cart/add/anonymous-637/STAN-1/1,2,1,350.0,16405.195579999996,348.0219069999748,32462.36925300002,146.5,0.0005516913697680932,0.0002758456848840466,32000,32000,32000,32000,32000,32000,32000,32000,32000,32000,32000
GET,/api/cart/add/anonymous-638/EMM/1,1,1,24163.82729599991,24163.82729599991,24163.82729599991,24163.82729599991,182.0,0.0002758456848840466,0.0002758456848840466,24000,24000,24000,24000,24000,24000,24000,24000,24000,24000,24000
GET,/api/cart/add/anonymous-638/UHJ/1,2,0,33000.0,48026.784222,32797.76924499993,63255.79919900008,138.0,0.0005516913697680932,0.0,63000,63000,63000,63000,63000,63000,63000,63000,63000,63000,63000
GET,/api/cart/add/anonymous-638/Watson/1,1,0,101446.16680900003,101446.16680900003,101446.16680900003,101446.16680900003,209.0,0.0002758456848840466,0.0,101000,101000,101000,101000,101000,101000,101000,101000,101000,101000,101000
GET,/api/cart/add/anonymous-639/EPE/1,1,0,32732.49178499998,32732.49178499998,32732.49178499998,32732.49178499998,129.0,0.0002758456848840466,0.0,33000,33000,33000,33000,33000,33000,33000,33000,33000,33000,33000
GET,/api/cart/add/anonymous-639/SHCE/1,1,0,101554.42398299999,101554.42398299999,101554.42398299999,101554.42398299999,203.0,0.0002758456848840466,0.0,102000,102000,102000,102000,102000,102000,102000,102000,102000,102000,102000
GET,/api/cart/add/anonymous-639/STAN-1/1,1,0,32164.812789999927,32164.812789999927,32164.812789999927,32164.812789999927,111.0,0.0002758456848840466,0.0,32000,32000,32000,32000,32000,32000,32000,32000,32000,32000,32000
GET,/api/cart/add/anonymous-639/Watson/1,1,0,21639.014435000034,21639.014435000034,21639.014435000034,21639.014435000034,200.0,0.0002758456848840466,0.0,22000,22000,22000,22000,22000,22000,22000,22000,22000,22000,22000
GET,/api/cart/add/anonymous-64/RED/1,3,0,42000.0,41569.31161899992,122.11038599997437,82642.06912600002,201.33333333333334,0.0008275370546521397,0.0,42000,42000,83000,83000,83000,83000,83000,83000,83000,83000,83000
GET,/api/cart/add/anonymous-64/STAN-1/1,2,0,170.0,233.53268649998427,166.49002499997323,300.5753479999953,111.0,0.0005516913697680932,0.0,300,300,300,300,300,300,300,300,300,300,300
GET,/api/cart/add/anonymous-64/UHJ/1,1,0,41685.12725400024,41685.12725400024,41685.12725400024,41685.12725400024,138.0,0.0002758456848840466,0.0,42000,42000,42000,42000,42000,42000,42000,42000,42000,42000,42000
GET,/api/cart/add/anonymous-64/Watson/1,1,0,100.2768160000187,100.2768160000187,100.2768160000187,100.2768160000187,182.0,0.0002758456848840466,0.0,100,100,100,100,100,100,100,100,100,100,100
GET,/api/cart/add/anonymous-640/EMM/1,2,0,36163.19329300006,68850.8632515,36163.19329300006,101538.53320999997,137.0,0.0005516913697680932,0.0,102000,102000,102000,102000,102000,102000,102000,102000,102000,102000,102000
GET,/api/cart/add/anonymous-640/HPTD/1,1,0,32641.028738000045,32641.028738000045,32641.028738000045,32641.028738000045,121.0,0.0002758456848840466,0.0,33000,33000,33000,33000,33000,33000,33000,33000,33000,33000,33000
GET,/api/cart/add/anonymous-640/SHCE/1,1,0,17221.89950799998,17221.89950799998,17221.89950799998,17221.89950799998,213.0,0.0002758456848840466,0.0,17000,17000,17000,17000,17000,17000,17000,17000,17000,17000,17000
GET,/api/cart/add/anonymous-641/HPTD/1,1,0,32912.472478999916,32912.472478999916,32912.472478999916,32912.472478999916,121.0,0.0002758456848840466,0.0,33000,33000,33000,33000,33000,33000,33000,33000,33000,33000,33000
GET,/api/cart/add/anonymous-641/SHCE/1,1,0,890692.319577,890692.319577,890692.319577,890692.319577,230.0,0.0002758456848840466,0.0,891000,891000,891000,891000,891000,891000,891000,891000,891000,891000,891000
GET,/api/cart/add/anonymous-641/UHJ/1,1,0,46929.868321000075,46929.868321000075,46929.868321000075,46929.868321000075,138.0,0.0002758456848840466,0.0,47000,47000,47000,47000,47000,47000,47000,47000,47000,47000,47000
GET,/api/cart/add/anonymous-641/Watson/1,1,0,36458.40530400005,36458.40530400005,36458.40530400005,36458.40530400005,193.0,0.0002758456848840466,0.0,36000,36000,36000,36000,36000,36000,36000,36000,36000,36000,36000
GET,/api/cart/add/anonymous-642/EPE/1,1,0,101553.87969099991,101553.87969099991,101553.87969099991,101553.87969099991,222.0,0.0002758456848840466,0.0,102000,102000,102000,102000,102000,102000,102000,102000,102000,102000,102000
GET,/api/cart/add/anonymous-642/SHCE/1,2,0,32893.07772300003,32716.11452899998,32539.15133499993,32893.07772300003,124.0,0.0005516913697680932,0.0,33000,33000,33000,33000,33000,33000,33000,33000,33000,33000,33000
GET,/api/cart/add/anonymous-642/STAN-1/1,1,1,357.4109319999934,357.4109319999934,357.4109319999934,357.4109319999934,182.0,0.0002758456848840466,0.0002758456848840466,360,360,360,360,360,360,360,360,360,360,360
GET,/api/cart/add/anonymous-643/STAN-1/1,1,1,947126.8353479999,947126.8353479999,947126.8353479999,947126.8353479999,182.0,0.0002758456848840466,0.0002758456848840466,947000,947000,947000,947000,947000,947000,947000,947000,947000,947000,947000
GET,/api/cart/add/anonymous-643/UHJ/1,1,1,22663.490097999784,22663.490097999784,22663.490097999784,22663.490097999784,182.0,0.0002758456848840466,0.0002758456848840466,23000,23000,23000,23000,23000,23000,23000,23000,23000,23000,23000
GET,/api/cart/add/anonymous-643/Watson/1,2,0,37000.0,50108.65000749999,36773.15340999996,63444.146605000016,106.0,0.0005516913697680932,0.0,63000,63000,63000,63000,63000,63000,63000,63000,63000,63000,63000
GET,/api/cart/add/anonymous-644/HPTD/1,1,0,36594.35400299992,36594.35400299992,36594.35400299992,36594.35400299992,121.0,0.0002758456848840466,0.0,37000,37000,37000,37000,37000,37000,37000,37000,37000,37000,37000
GET,/api/cart/add/anonymous-644/SHCE/1,1,0,32793.35743000002,32793.35743000002,32793.35743000002,32793.35743000002,124.0,0.0002758456848840466,0.0,33000,33000,33000,33000,33000,33000,33000,33000,33000,33000,33000
GET,/api/cart/add/anonymous-644/STAN-1/1,1,0,1471393.7890690002,1471393.7890690002,1471393.7890690002,1471393.7890690002,298.0,0.0002758456848840466,0.0,1471000,1471000,1471000,1471000,1471000,1471000,1471000,1471000,1471000,1471000,1471000
GET,/api/cart/add/anonymous-644/UHJ/1,1,0,23241.603285999645,23241.603285999645,23241.603285999645,23241.603285999645,230.0,0.0002758456848840466,0.0,23000,23000,23000,23000,23000,23000,23000,23000,23000,23000,23000
GET,/api/cart/add/anonymous-645/EMM/1,1,0,63445.405162999916,63445.405162999916,63445.405162999916,63445.405162999916,137.0,0.0002758456848840466,0.0,63000,63000,63000,63000,63000,63000,63000,63000,63000,63000,63000
GET,/api/cart/add/anonymous-645/EPE/1,1,0,32894.526886999985,32894.526886999985,32894.526886999985,32894.526886999985,129.0,0.0002758456848840466,0.0,33000,33000,33000,33000,33000,33000,33000,33000,33000,33000,33000
GET,/api/cart/add/anonymous-645/SHCE/1,1,1,100972.01276400006,100972.01276400006,100972.01276400006,100972.01276400006,0.0,0.0002758456848840466,0.0002758456848840466,101000,101000,101000,101000,101000,101000,101000,101000,101000,101000,101000
GET,/api/cart/add/anonymous-645/UHJ/1,1,0,105087.71838999997,105087.71838999997,105087.71838999997,105087.71838999997,220.0,0.0002758456848840466,0.0,105000,105000,105000,105000,105000,105000,105000,105000,105000,105000,105000
GET,/api/cart/add/anonymous-646/HPTD/1,1,0,47002.07555500003,47002.07555500003,47002.07555500003,47002.07555500003,121.0,0.0002758456848840466,0.0,47000,47000,47000,47000,47000,47000,47000,47000,47000,47000,47000
GET,/api/cart/add/anonymous-646/RED/1,1,0,101443.34174099992,101443.34174099992,101443.34174099992,101443.34174099992,219.0,0.0002758456848840466,0.0,101000,101000,101000,101000,101000,101000,101000,101000,101000,101000,101000
GET,/api/cart/add/anonymous-646/RMC/1,1,0,1414475.0101649999,1414475.0101649999,1414475.0101649999,1414475.0101649999,297.0,0.0002758456848840466,0.0,1414000,1414000,1414000,1414000,1414000,1414000,1414000,1414000,1414000,1414000,1414000
GET,/api/cart/add/anonymous-646/UHJ/1,1,0,21242.688634999922,21242.688634999922,21242.688634999922,21242.688634999922,138.0,0.0002758456848840466,0.0,21000,21000,21000,21000,21000,21000,21000,21000,21000,21000,21000
GET,/api/cart/add/anonymous-647/UHJ/1,1,1,100018.2588990001,100018.2588990001,100018.2588990001,100018.2588990001,0.0,0.0002758456848840466,0.0002758456848840466,100000,100000,100000,100000,100000,100000,100000,100000,100000,100000,100000
GET,/api/cart/add/anonymous-647/Watson/1,3,1,32000.0,21812.07306400006,323.0814790001659,32720.274341000048,131.33333333333334,0.0008275370546521397,0.0002758456848840466,32000,32000,33000,33000,33000,33000,33000,33000,33000,33000,33000
GET,/api/cart/add/anonymous-648/HPTD/1,1,0,35255.624636999986,35255.624636999986,35255.624636999986,35255.624636999986,121.0,0.0002758456848840466,0.0,35000,35000,35000,35000,35000,35000,35000,35000,35000,35000,35000
GET,/api/cart/add/anonymous-648/SHCE/1,2,0,2200.0,549068.9391145002,2162.1227740001814,1095975.755455,213.0,0.0005516913697680932,0.0,1096000,1096000,1096000,1096000,1096000,1096000,1096000,1096000,1096000,1096000,1096000
GET,/api/cart/add/anonymous-648/UHJ/1,1,0,35690.22742899995,35690.22742899995,35690.22742899995,35690.22742899995,138.0,0.0002758456848840466,0.0,36000,36000,36000,36000,36000,36000,36000,36000,36000,36000,36000
GET,/api/cart/add/anonymous-649/EMM/1,2,0,64000.0,82624.8670574999,63523.50304699996,101726.23106799983,180.0,0.0005516913697680932,0.0,102000,102000,102000,102000,102000,102000,102000,102000,102000,102000,102000
GET,/api/cart/add/anonymous-649/EPE/1,1,0,61284.43497100011,61284.43497100011,61284.43497100011,61284.43497100011,292.0,0.0002758456848840466,0.0,61000,61000,61000,61000,61000,61000,61000,61000,61000,61000,61000
GET,/api/cart/add/anonymous-649/HPTD/1,1,0,43832.08425500004,43832.08425500004,43832.08425500004,43832.08425500004,121.0,0.0002758456848840466,0.0,44000,44000,44000,44000,44000,44000,44000,44000,44000,44000,44000
GET,/api/cart/add/anonymous-65/EMM/1,2,0,49219.54176400004,53015.80042900013,49219.54176400004,56812.05909400023,137.0,0.0005516913697680932,0.0,57000,57000,57000,57000,57000,57000,57000,57000,57000,57000,57000
GET,/api/cart/add/anonymous-65/RED/1,1,0,57088.43469900012,57088.43469900012,57088.43469900012,57088.43469900012,221.0,0.0002758456848840466,0.0,57000,57000,57000,57000,57000,57000,57000,57000,57000,57000,57000
GET,/api/cart/add/anonymous-65/RMC/1,1,0,50.02295799999956,50.02295799999956,50.02295799999956,50.02295799999956,216.0,0.0002758456848840466,0.0,50,50,50,50,50,50,50,50,50,50,50
GET,/api/cart/add/anonymous-65/SHCE/1,1,0,161.96911099996214,161.96911099996214,161.96911099996214,161.96911099996214,124.0,0.0002758456848840466,0.0,160,160,160,160,160,160,160,160,160,160,160
GET,/api/cart/add/anonymous-65/STAN-1/1,1,0,119.64207700003726,119.64207700003726,119.64207700003726,119.64207700003726,203.0,0.0002758456848840466,0.0,120,120,120,120,120,120,120,120,120,120,120
GET,/api/cart/add/anonymous-65/UHJ/1,1,0,105.20433099998172,105.20433099998172,105.20433099998172,105.20433099998172,138.0,0.0002758456848840466,0.0,110,110,110,110,110,110,110,110,110,110,110
GET,/api/cart/add/anonymous-650/EPE/1,1,1,37450.65677399998,37450.65677399998,37450.65677399998,37450.65677399998,182.0,0.0002758456848840466,0.0002758456848840466,37000,37000,37000,37000,37000,37000,37000,37000,37000,37000,37000
GET,/api/cart/add/anonymous-650/SHCE/1,1,0,32510.578915999984,32510.578915999984,32510.578915999984,32510.578915999984,124.0,0.0002758456848840466,0.0,33000,33000,33000,33000,33000,33000,33000,33000,33000,33000,33000
GET,/api/cart/add/anonymous-650/STAN-1/1,2,0,33000.0,67137.04004350002,32820.94614100004,101453.13394599999,157.0,0.0005516913697680932,0.0,101000,101000,101000,101000,101000,101000,101000,101000,101000,101000,101000
GET,/api/cart/add/anonymous-651/EMM/1,1,0,101450.71271300003,101450.71271300003,101450.71271300003,101450.71271300003,223.0,0.0002758456848840466,0.0,101000,101000,101000,101000,101000,101000,101000,101000,101000,101000,101000
GET,/api/cart/add/anonymous-651/HPTD/1,1,0,32600.805516000037,32600.805516000037,32600.805516000037,32600.805516000037,121.0,0.0002758456848840466,0.0,33000,33000,33000,33000,33000,33000,33000,33000,33000,33000,33000
GET,/api/cart/add/anonymous-651/SHCE/1,1,0,32713.516387000025,32713.516387000025,32713.516387000025,32713.516387000025,124.0,0.0002758456848840466,0.0,33000,33000,33000,33000,33000,33000,33000,33000,33000,33000,33000
GET,/api/cart/add/anonymous-651/STAN-1/1,1,0,17344.083993999902,17344.083993999902,17344.083993999902,17344.083993999902,203.0,0.0002758456848840466,0.0,17000,17000,17000,17000,17000,17000,17000,17000,17000,17000,17000
GET,/api/cart/add/anonymous-652/EMM/1,1,1,346.7581899999459,346.7581899999459,346.7581899999459,346.7581899999459,182.0,0.0002758456848840466,0.0002758456848840466,350,350,350,350,350,350,350,350,350,350,350
GET,/api/cart/add/anonymous-652/RED/1,1,0,32527.541834999967,32527.541834999967,32527.541834999967,32527.541834999967,132.0,0.0002758456848840466,0.0,33000,33000,33000,33000,33000,33000,33000,33000,33000,33000,33000
GET,/api/cart/add/anonymous-652/RMC/1,1,0,101580.8932089999,101580.8932089999,101580.8932089999,101580.8932089999,210.0,0.0002758456848840466,0.0,102000,102000,102000,102000,102000,102000,102000,102000,102000,102000,102000
GET,/api/cart/add/anonymous-652/UHJ/1,1,0,32550.16587199998,32550.16587199998,32550.16587199998,32550.16587199998,138.0,0.0002758456848840466,0.0,33000,33000,33000,33000,33000,33000,33000,33000,33000,33000,33000
GET,/api/cart/add/anonymous-653/EMM/1,1,0,1471856.8059000003,1471856.8059000003,1471856.8059000003,1471856.8059000003,137.0,0.0002758456848840466,0.0,1472000,1472000,1472000,1472000,1472000,1472000,1472000,1472000,1472000,1472000,1472000
GET,/api/cart/add/anonymous-653/HPTD/1,1,0,36334.496334000054,36334.496334000054,36334.496334000054,36334.496334000054,121.0,0.0002758456848840466,0.0,36000,36000,36000,36000,36000,36000,36000,36000,36000,36000,36000
GET,/api/cart/add/anonymous-653/RED/1,1,0,1179276.2534290003,1179276.2534290003,1179276.2534290003,1179276.2534290003,219.0,0.0002758456848840466,0.0,1179000,1179000,1179000,1179000,1179000,1179000,1179000,1179000,1179000,1179000,1179000
GET,/api/cart/add/anonymous-653/RMC/1,1,0,63032.909909999944,63032.909909999944,63032.909909999944,63032.909909999944,108.0,0.0002758456848840466,0.0,63000,63000,63000,63000,63000,63000,63000,63000,63000,63000,63000
GET,/api/cart/add/anonymous-654/HPTD/1,1,0,48599.152217999974,48599.152217999974,48599.152217999974,48599.152217999974,311.0,0.0002758456848840466,0.0,49000,49000,49000,49000,49000,49000,49000,49000,49000,49000,49000
GET,/api/cart/add/anonymous-654/RED/1,2,0,33000.0,49464.241861500064,32790.52946900004,66137.95425400008,178.5,0.0005516913697680932,0.0,66000,66000,66000,66000,66000,66000,66000,66000,66000,66000,66000
GET,/api/cart/add/anonymous-654/SHCE/1,1,0,52626.351215,52626.351215,52626.351215,52626.351215,124.0,0.0002758456848840466,0.0,53000,53000,53000,53000,53000,53000,53000,53000,53000,53000,53000
GET,/api/cart/add/anonymous-655/EMM/1,1,0,32669.907584000044,32669.907584000044,32669.907584000044,32669.907584000044,137.0,0.0002758456848840466,0.0,33000,33000,33000,33000,33000,33000,33000,33000,33000,33000,33000
GET,/api/cart/add/anonymous-655/RMC/1,1,1,21568.358440999873,21568.358440999873,21568.358440999873,21568.358440999873,182.0,0.0002758456848840466,0.0002758456848840466,22000,22000,22000,22000,22000,22000,22000,22000,22000,22000,22000
GET,/api/cart/add/anonymous-655/SHCE/1,1,0,36405.26043400007,36405.26043400007,36405.26043400007,36405.26043400007,124.0,0.0002758456848840466,0.0,36000,36000,36000,36000,36000,36000,36000,36000,36000,36000,36000
GET,/api/cart/add/anonymous-655/Watson/1,1,0,1095174.6901089998,1095174.6901089998,1095174.6901089998,1095174.6901089998,206.0,0.0002758456848840466,0.0,1095000,1095000,1095000,1095000,1095000,1095000,1095000,1095000,1095000,1095000,1095000
GET,/api/cart/add/anonymous-656/RMC/1,1,0,1687095.439058,1687095.439058,1687095.439058,1687095.439058,108.0,0.0002758456848840466,0.0,1687000,1687000,1687000,1687000,1687000,1687000,1687000,1687000,1687000,1687000,1687000
GET,/api/cart/add/anonymous-656/STAN-1/1,1,0,35761.187521000014,35761.187521000014,35761.187521000014,35761.187521000014,111.0,0.0002758456848840466,0.0,36000,36000,36000,36000,36000,36000,36000,36000,36000,36000,36000
GET,/api/cart/add/anonymous-656/UHJ/1,1,0,83396.76707799982,83396.76707799982,83396.76707799982,83396.76707799982,191.0,0.0002758456848840466,0.0,83000,83000,83000,83000,83000,83000,83000,83000,83000,83000,83000
GET,/api/cart/add/anonymous-656/Watson/1,1,0,28288.016717000006,28288.016717000006,28288.016717000006,28288.016717000006,106.0,0.0002758456848840466,0.0,28000,28000,28000,28000,28000,28000,28000,28000,28000,28000,28000
GET,/api/cart/add/anonymous-657/EMM/1,1,0,53042.029168,53042.029168,53042.029168,53042.029168,137.0,0.0002758456848840466,0.0,53000,53000,53000,53000,53000,53000,53000,53000,53000,53000,53000
GET,/api/cart/add/anonymous-657/RMC/1,1,0,101453.61994400002,101453.61994400002,101453.61994400002,101453.61994400002,184.0,0.0002758456848840466,0.0,101000,101000,101000,101000,101000,101000,101000,101000,101000,101000,101000
GET,/api/cart/add/anonymous-657/STAN-1/1,1,0,1604330.119671,1604330.119671,1604330.119671,1604330.119671,111.0,0.0002758456848840466,0.0,1604000,1604000,1604000,1604000,1604000,1604000,1604000,1604000,1604000,1604000,1604000
GET,/api/cart/add/anonymous-657/Watson/1,1,0,46769.42580000002,46769.42580000002,46769.42580000002,46769.42580000002,106.0,0.0002758456848840466,0.0,47000,47000,47000,47000,47000,47000,47000,47000,47000,47000,47000
GET,/api/cart/add/anonymous-658/RED/1,1,1,21467.037636999976,21467.037636999976,21467.037636999976,21467.037636999976,182.0,0.0002758456848840466,0.0002758456848840466,21000,21000,21000,21000,21000,21000,21000,21000,21000,21000,21000
GET,/api/cart/add/anonymous-658/STAN-1/1,1,1,100017.59426700005,100017.59426700005,100017.59426700005,100017.59426700005,0.0,0.0002758456848840466,0.0002758456848840466,100000,100000,100000,100000,100000,100000,100000,100000,100000,100000,100000
GET,/api/cart/add/anonymous-658/UHJ/1,1,0,32705.014416000042,32705.014416000042,32705.014416000042,32705.014416000042,138.0,0.0002758456848840466,0.0,33000,33000,33000,33000,33000,33000,33000,33000,33000,33000,33000
GET,/api/cart/add/anonymous-658/Watson/1,1,0,13902.04517799998,13902.04517799998,13902.04517799998,13902.04517799998,106.0,0.0002758456848840466,0.0,14000,14000,14000,14000,14000,14000,14000,14000,14000,14000,14000
GET,/api/cart/add/anonymous-659/RMC/1,1,0,32455.543609000073,32455.543609000073,32455.543609000073,32455.543609000073,108.0,0.0002758456848840466,0.0,32000,32000,32000,32000,32000,32000,32000,32000,32000,32000,32000
GET,/api/cart/add/anonymous-659/SHCE/1,1,0,83517.8747750001,83517.8747750001,83517.8747750001,83517.8747750001,202.0,0.0002758456848840466,0.0,84000,84000,84000,84000,84000,84000,84000,84000,84000,84000,84000
GET,/api/cart/add/anonymous-659/Watson/1,1,0,28248.24709400002,28248.24709400002,28248.24709400002,28248.24709400002,106.0,0.0002758456848840466,0.0,28000,28000,28000,28000,28000,28000,28000,28000,28000,28000,28000
GET,/api/cart/add/anonymous-66/EMM/1,1,0,48147.44054599987,48147.44054599987,48147.44054599987,48147.44054599987,137.0,0.0002758456848840466,0.0,48000,48000,48000,48000,48000,48000,48000,48000,48000,48000,48000
GET,/api/cart/add/anonymous-66/RED/1,1,0,103.8288280000188,103.8288280000188,103.8288280000188,103.8288280000188,209.0,0.0002758456848840466,0.0,100,100,100,100,100,100,100,100,100,100,100
GET,/api/cart/add/anonymous-66/SHCE/1,1,0,28755.423227999927,28755.423227999927,28755.423227999927,28755.423227999927,316.0,0.0002758456848840466,0.0,29000,29000,29000,29000,29000,29000,29000,29000,29000,29000,29000
GET,/api/cart/add/anonymous-66/STAN-1/1,2,0,45,150.77597550001087,44.71384100003206,256.8381099999897,111.5,0.0005516913697680932,0.0,260,260,260,260,260,260,260,260,260,260,260
GET,/api/cart/add/anonymous-66/UHJ/1,1,0,96.95620499996949,96.95620499996949,96.95620499996949,96.95620499996949,138.0,0.0002758456848840466,0.0,97,97,97,97,97,97,97,97,97,97,97
GET,/api/cart/add/anonymous-660/SHCE/1,1,0,29544.187483000314,29544.187483000314,29544.187483000314,29544.187483000314,196.0,0.0002758456848840466,0.0,30000,30000,30000,30000,30000,30000,30000,30000,30000,30000,30000
GET,/api/cart/add/anonymous-660/Watson/1,3,0,83000.0,73570.76062966666,35750.64523000003,101744.89209699993,105.33333333333333,0.0008275370546521397,0.0,83000,83000,102000,102000,102000,102000,102000,102000,102000,102000,102000
GET,/api/cart/add/anonymous-661/EMM/1,1,0,1687096.974781,1687096.974781,1687096.974781,1687096.974781,137.0,0.0002758456848840466,0.0,1687000,1687000,1687000,1687000,1687000,1687000,1687000,1687000,1687000,1687000,1687000
GET,/api/cart/add/anonymous-661/HPTD/1,1,0,35761.62631700004,35761.62631700004,35761.62631700004,35761.62631700004,121.0,0.0002758456848840466,0.0,36000,36000,36000,36000,36000,36000,36000,36000,36000,36000,36000
GET,/api/cart/add/anonymous-661/SHCE/1,1,1,68090.18167199998,68090.18167199998,68090.18167199998,68090.18167199998,182.0,0.0002758456848840466,0.0002758456848840466,68000,68000,68000,68000,68000,68000,68000,68000,68000,68000,68000
GET,/api/cart/add/anonymous-661/STAN-1/1,1,0,28268.81025800003,28268.81025800003,28268.81025800003,28268.81025800003,111.0,0.0002758456848840466,0.0,28000,28000,28000,28000,28000,28000,28000,28000,28000,28000,28000
GET,/api/cart/add/anonymous-662/RMC/1,1,0,33860.82027899999,33860.82027899999,33860.82027899999,33860.82027899999,108.0,0.0002758456848840466,0.0,34000,34000,34000,34000,34000,34000,34000,34000,34000,34000,34000
GET,/api/cart/add/anonymous-662/SHCE/1,1,0,52024.77795000005,52024.77795000005,52024.77795000005,52024.77795000005,124.0,0.0002758456848840466,0.0,52000,52000,52000,52000,52000,52000,52000,52000,52000,52000,52000
GET,/api/cart/add/anonymous-662/STAN-1/1,1,0,120406.59611900002,120406.59611900002,120406.59611900002,120406.59611900002,203.0,0.0002758456848840466,0.0,120000,120000,120000,120000,120000,120000,120000,120000,120000,120000,120000
GET,/api/cart/add/anonymous-662/UHJ/1,1,1,100186.88483599998,100186.88483599998,100186.88483599998,100186.88483599998,182.0,0.0002758456848840466,0.0002758456848840466,100000,100000,100000,100000,100000,100000,100000,100000,100000,100000,100000
GET,/api/cart/add/anonymous-663/EPE/1,1,1,43305.47575800006,43305.47575800006,43305.47575800006,43305.47575800006,182.0,0.0002758456848840466,0.0002758456848840466,43000,43000,43000,43000,43000,43000,43000,43000,43000,43000,43000
GET,/api/cart/add/anonymous-663/RED/1,1,0,1179296.9851920002,1179296.9851920002,1179296.9851920002,1179296.9851920002,196.0,0.0002758456848840466,0.0,1179000,1179000,1179000,1179000,1179000,1179000,1179000,1179000,1179000,1179000,1179000
GET,/api/cart/add/anonymous-663/STAN-1/1,2,0,35388.99217300002,68402.3009755,35388.99217300002,101415.60977799997,111.0,0.0005516913697680932,0.0,101000,101000,101000,101000,101000,101000,101000,101000,101000,101000,101000
GET,/api/cart/add/anonymous-664/HPTD/1,1,0,34083.23332600003,34083.23332600003,34083.23332600003,34083.23332600003,121.0,0.0002758456848840466,0.0,34000,34000,34000,34000,34000,34000,34000,34000,34000,34000,34000
GET,/api/cart/add/anonymous-664/RMC/1,1,0,59021.02570199986,59021.02570199986,59021.02570199986,59021.02570199986,199.0,0.0002758456848840466,0.0,59000,59000,59000,59000,59000,59000,59000,59000,59000,59000,59000
GET,/api/cart/add/anonymous-664/UHJ/1,1,0,101393.81524100009,101393.81524100009,101393.81524100009,101393.81524100009,138.0,0.0002758456848840466,0.0,101000,101000,101000,101000,101000,101000,101000,101000,101000,101000,101000
GET,/api/cart/add/anonymous-664/Watson/1,1,1,21474.6178150001,21474.6178150001,21474.6178150001,21474.6178150001,182.0,0.0002758456848840466,0.0002758456848840466,21000,21000,21000,21000,21000,21000,21000,21000,21000,21000,21000
GET,/api/cart/add/anonymous-665/EMM/1,1,0,52024.508044000075,52024.508044000075,52024.508044000075,52024.508044000075,137.0,0.0002758456848840466,0.0,52000,52000,52000,52000,52000,52000,52000,52000,52000,52000,52000
GET,/api/cart/add/anonymous-665/STAN-1/1,2,0,33000.0,65875.58079349998,32695.731031000036,99055.43055599992,156.0,0.0005516913697680932,0.0,99000,99000,99000,99000,99000,99000,99000,99000,99000,99000,99000
GET,/api/cart/add/anonymous-665/Watson/1,1,0,928875.5158649998,928875.5158649998,928875.5158649998,928875.5158649998,182.0,0.0002758456848840466,0.0,929000,929000,929000,929000,929000,929000,929000,929000,929000,929000,929000
GET,/api/cart/add/anonymous-666/RED/1,2,0,36204.71604700003,73492.40142450009,36204.71604700003,110780.08680200014,133.0,0.0005516913697680932,0.0,111000,111000,111000,111000,111000,111000,111000,111000,111000,111000,111000
GET,/api/cart/add/anonymous-666/UHJ/1,1,1,110333.13400099997,110333.13400099997,110333.13400099997,110333.13400099997,182.0,0.0002758456848840466,0.0002758456848840466,110000,110000,110000,110000,110000,110000,110000,110000,110000,110000,110000
GET,/api/cart/add/anonymous-666/Watson/1,1,0,52209.10104800009,52209.10104800009,52209.10104800009,52209.10104800009,106.0,0.0002758456848840466,0.0,52000,52000,52000,52000,52000,52000,52000,52000,52000,52000,52000
GET,/api/cart/add/anonymous-667/EMM/1,2,0,33000.0,45545.82918850002,32675.173553000037,58416.48482400001,137.0,0.0005516913697680932,0.0,58000,58000,58000,58000,58000,58000,58000,58000,58000,58000,58000
GET,/api/cart/add/anonymous-667/RMC/1,1,0,101444.84467799998,101444.84467799998,101444.84467799998,101444.84467799998,108.0,0.0002758456848840466,0.0,101000,101000,101000,101000,101000,101000,101000,101000,101000,101000,101000
GET,/api/cart/add/anonymous-667/SHCE/1,1,1,890652.218383,890652.218383,890652.218383,890652.218383,182.0,0.0002758456848840466,0.0002758456848840466,891000,891000,891000,891000,891000,891000,891000,891000,891000,891000,891000
GET,/api/cart/add/anonymous-668/EPE/1,1,0,32683.61612400008,32683.61612400008,32683.61612400008,32683.61612400008,129.0,0.0002758456848840466,0.0,33000,33000,33000,33000,33000,33000,33000,33000,33000,33000,33000
GET,/api/cart/add/anonymous-668/HPTD/1,1,0,51875.34433400003,51875.34433400003,51875.34433400003,51875.34433400003,121.0,0.0002758456848840466,0.0,52000,52000,52000,52000,52000,52000,52000,52000,52000,52000,52000
GET,/api/cart/add/anonymous-668/UHJ/1,1,1,100187.7630519998,100187.7630519998,100187.7630519998,100187.7630519998,182.0,0.0002758456848840466,0.0002758456848840466,100000,100000,100000,100000,100000,100000,100000,100000,100000,100000,100000
GET,/api/cart/add/anonymous-668/Watson/1,1,1,968485.8567420001,968485.8567420001,968485.8567420001,968485.8567420001,182.0,0.0002758456848840466,0.0002758456848840466,968000,968000,968000,968000,968000,968000,968000,968000,968000,968000,968000
GET,/api/cart/add/anonymous-669/EPE/1,2,0,52000.0,761921.9400465,51986.119734,1471857.760359,173.0,0.0005516913697680932,0.0,1472000,1472000,1472000,1472000,1472000,1472000,1472000,1472000,1472000,1472000,1472000
GET,/api/cart/add/anonymous-669/HPTD/1,1,0,32580.426064999985,32580.426064999985,32580.426064999985,32580.426064999985,121.0,0.0002758456848840466,0.0,33000,33000,33000,33000,33000,33000,33000,33000,33000,33000,33000
GET,/api/cart/add/anonymous-669/SHCE/1,1,0,77705.42705100002,77705.42705100002,77705.42705100002,77705.42705100002,222.0,0.0002758456848840466,0.0,78000,78000,78000,78000,78000,78000,78000,78000,78000,78000,78000
GET,/api/cart/add/anonymous-67/EPE/1,1,0,53537.64662899994,53537.64662899994,53537.64662899994,53537.64662899994,129.0,0.0002758456848840466,0.0,54000,54000,54000,54000,54000,54000,54000,54000,54000,54000,54000
GET,/api/cart/add/anonymous-67/RMC/1,1,0,125.41109599999345,125.41109599999345,125.41109599999345,125.41109599999345,202.0,0.0002758456848840466,0.0,130,130,130,130,130,130,130,130,130,130,130
GET,/api/cart/add/anonymous-67/SHCE/1,2,0,170.0,25967.535610499992,169.30453399999124,51765.766686999996,178.5,0.0005516913697680932,0.0,52000,52000,52000,52000,52000,52000,52000,52000,52000,52000,52000
GET,/api/cart/add/anonymous-67/STAN-1/1,1,0,54176.03534599993,54176.03534599993,54176.03534599993,54176.03534599993,111.0,0.0002758456848840466,0.0,54000,54000,54000,54000,54000,54000,54000,54000,54000,54000,54000
GET,/api/cart/add/anonymous-67/UHJ/1,2,0,49.232454999980746,64.07945199998721,49.232454999980746,78.92644899999368,139.5,0.0005516913697680932,0.0,79,79,79,79,79,79,79,79,79,79,79
GET,/api/cart/add/anonymous-670/RMC/1,1,0,51987.96504899997,51987.96504899997,51987.96504899997,51987.96504899997,108.0,0.0002758456848840466,0.0,52000,52000,52000,52000,52000,52000,52000,52000,52000,52000,52000
GET,/api/cart/add/anonymous-670/STAN-1/1,1,0,99073.58466300002,99073.58466300002,99073.58466300002,99073.58466300002,191.0,0.0002758456848840466,0.0,99000,99000,99000,99000,99000,99000,99000,99000,99000,99000,99000
GET,/api/cart/add/anonymous-670/UHJ/1,2,0,32474.543274000098,79034.39308100002,32474.543274000098,125594.24288799994,177.0,0.0005516913697680932,0.0,126000,126000,126000,126000,126000,126000,126000,126000,126000,126000,126000
GET,/api/cart/add/anonymous-671/EPE/1,1,1,683231.5161049999,683231.5161049999,683231.5161049999,683231.5161049999,182.0,0.0002758456848840466,0.0002758456848840466,683000,683000,683000,683000,683000,683000,683000,683000,683000,683000,683000
GET,/api/cart/add/anonymous-671/RED/1,1,0,35732.085794,35732.085794,35732.085794,35732.085794,132.0,0.0002758456848840466,0.0,36000,36000,36000,36000,36000,36000,36000,36000,36000,36000,36000
GET,/api/cart/add/anonymous-671/RMC/1,1,0,52278.908114999926,52278.908114999926,52278.908114999926,52278.908114999926,108.0,0.0002758456848840466,0.0,52000,52000,52000,52000,52000,52000,52000,52000,52000,52000,52000
GET,/api/cart/add/anonymous-671/STAN-1/1,1,1,100185.39870999985,100185.39870999985,100185.39870999985,100185.39870999985,182.0,0.0002758456848840466,0.0002758456848840466,100000,100000,100000,100000,100000,100000,100000,100000,100000,100000,100000
GET,/api/cart/add/anonymous-672/EPE/1,1,0,1427.5291260000813,1427.5291260000813,1427.5291260000813,1427.5291260000813,207.0,0.0002758456848840466,0.0,1400,1400,1400,1400,1400,1400,1400,1400,1400,1400,1400
GET,/api/cart/add/anonymous-672/RMC/1,1,0,101513.40398700006,101513.40398700006,101513.40398700006,101513.40398700006,108.0,0.0002758456848840466,0.0,102000,102000,102000,102000,102000,102000,102000,102000,102000,102000,102000
GET,/api/cart/add/anonymous-672/SHCE/1,1,0,29543.652272000145,29543.652272000145,29543.652272000145,29543.652272000145,230.0,0.0002758456848840466,0.0,30000,30000,30000,30000,30000,30000,30000,30000,30000,30000,30000
GET,/api/cart/add/anonymous-672/UHJ/1,1,0,52477.106759999966,52477.106759999966,52477.106759999966,52477.106759999966,138.0,0.0002758456848840466,0.0,52000,52000,52000,52000,52000,52000,52000,52000,52000,52000,52000
GET,/api/cart/add/anonymous-673/EPE/1,1,1,58432.12455899993,58432.12455899993,58432.12455899993,58432.12455899993,182.0,0.0002758456848840466,0.0002758456848840466,58000,58000,58000,58000,58000,58000,58000,58000,58000,58000,58000
GET,/api/cart/add/anonymous-673/RED/1,2,0,28198.80656099997,52591.46108600004,28198.80656099997,76984.1156110001,133.0,0.0005516913697680932,0.0,77000,77000,77000,77000,77000,77000,77000,77000,77000,77000,77000
GET,/api/cart/add/anonymous-673/Watson/1,1,0,101404.23743600013,101404.23743600013,101404.23743600013,101404.23743600013,106.0,0.0002758456848840466,0.0,101000,101000,101000,101000,101000,101000,101000,101000,101000,101000,101000
GET,/api/cart/add/anonymous-674/HPTD/1,1,0,28148.71292600003,28148.71292600003,28148.71292600003,28148.71292600003,121.0,0.0002758456848840466,0.0,28000,28000,28000,28000,28000,28000,28000,28000,28000,28000,28000
GET,/api/cart/add/anonymous-674/STAN-1/1,2,1,111000.0,843708.503292,110739.08545500012,1576677.921129,186.5,0.0005516913697680932,0.0002758456848840466,1577000,1577000,1577000,1577000,1577000,1577000,1577000,1577000,1577000,1577000,1577000
GET,/api/cart/add/anonymous-674/UHJ/1,1,0,52026.08745600003,52026.08745600003,52026.08745600003,52026.08745600003,138.0,0.0002758456848840466,0.0,52000,52000,52000,52000,52000,52000,52000,52000,52000,52000,52000
GET,/api/cart/add/anonymous-675/EPE/1,1,0,35143.30069499999,35143.30069499999,35143.30069499999,35143.30069499999,129.0,0.0002758456848840466,0.0,35000,35000,35000,35000,35000,35000,35000,35000,35000,35000,35000
GET,/api/cart/add/anonymous-675/RED/1,1,0,20379.45294400015,20379.45294400015,20379.45294400015,20379.45294400015,225.0,0.0002758456848840466,0.0,20000,20000,20000,20000,20000,20000,20000,20000,20000,20000,20000
GET,/api/cart/add/anonymous-675/SHCE/1,1,0,63143.529394999976,63143.529394999976,63143.529394999976,63143.529394999976,124.0,0.0002758456848840466,0.0,63000,63000,63000,63000,63000,63000,63000,63000,63000,63000,63000
GET,/api/cart/add/anonymous-675/UHJ/1,1,1,683232.9326339999,683232.9326339999,683232.9326339999,683232.9326339999,182.0,0.0002758456848840466,0.0002758456848840466,683000,683000,683000,683000,683000,683000,683000,683000,683000,683000,683000
GET,/api/cart/add/anonymous-676/EPE/1,1,0,1576720.1093099997,1576720.1093099997,1576720.1093099997,1576720.1093099997,222.0,0.0002758456848840466,0.0,1577000,1577000,1577000,1577000,1577000,1577000,1577000,1577000,1577000,1577000,1577000
GET,/api/cart/add/anonymous-676/SHCE/1,1,0,63273.59033899995,63273.59033899995,63273.59033899995,63273.59033899995,124.0,0.0002758456848840466,0.0,63000,63000,63000,63000,63000,63000,63000,63000,63000,63000,63000
GET,/api/cart/add/anonymous-676/STAN-1/1,1,0,1632065.8270730001,1632065.8270730001,1632065.8270730001,1632065.8270730001,182.0,0.0002758456848840466,0.0,1632000,1632000,1632000,1632000,1632000,1632000,1632000,1632000,1632000,1632000,1632000
GET,/api/cart/add/anonymous-676/Watson/1,1,0,27958.188475000043,27958.188475000043,27958.188475000043,27958.188475000043,106.0,0.0002758456848840466,0.0,28000,28000,28000,28000,28000,28000,28000,28000,28000,28000,28000
GET,/api/cart/add/anonymous-677/EMM/1,1,0,61122.4143909999,61122.4143909999,61122.4143909999,61122.4143909999,214.0,0.0002758456848840466,0.0,61000,61000,61000,61000,61000,61000,61000,61000,61000,61000,61000
GET,/api/cart/add/anonymous-677/EPE/1,1,1,24083.706946000122,24083.706946000122,24083.706946000122,24083.706946000122,182.0,0.0002758456848840466,0.0002758456848840466,24000,24000,24000,24000,24000,24000,24000,24000,24000,24000,24000
GET,/api/cart/add/anonymous-677/SHCE/1,1,0,35538.235816,35538.235816,35538.235816,35538.235816,124.0,0.0002758456848840466,0.0,36000,36000,36000,36000,36000,36000,36000,36000,36000,36000,36000
GET,/api/cart/add/anonymous-677/UHJ/1,1,0,63142.010358999985,63142.010358999985,63142.010358999985,63142.010358999985,138.0,0.0002758456848840466,0.0,63000,63000,63000,63000,63000,63000,63000,63000,63000,63000,63000
GET,/api/cart/add/anonymous-678/EPE/1,1,1,21458.069843999965,21458.069843999965,21458.069843999965,21458.069843999965,182.0,0.0002758456848840466,0.0002758456848840466,21000,21000,21000,21000,21000,21000,21000,21000,21000,21000,21000
GET,/api/cart/add/anonymous-678/HPTD/1,2,0,36000.0,49604.1257965,35721.42300500002,63486.82858799998,121.0,0.0005516913697680932,0.0,63000,63000,63000,63000,63000,63000,63000,63000,63000,63000,63000
GET,/api/cart/add/anonymous-678/UHJ/1,1,0,43663.12915399999,43663.12915399999,43663.12915399999,43663.12915399999,226.0,0.0002758456848840466,0.0,44000,44000,44000,44000,44000,44000,44000,44000,44000,44000,44000
GET,/api/cart/add/anonymous-679/RMC/1,2,0,63174.06055800006,362583.1929355,63174.06055800006,661992.3253129999,108.5,0.0005516913697680932,0.0,662000,662000,662000,662000,662000,662000,662000,662000,662000,662000,662000
GET,/api/cart/add/anonymous-679/UHJ/1,2,0,22000.0,37094.13624600001,21590.787718,52597.48477400001,177.0,0.0005516913697680932,0.0,53000,53000,53000,53000,53000,53000,53000,53000,53000,53000,53000
GET,/api/cart/add/anonymous-68/EMM/1,1,0,53285.38149799988,53285.38149799988,53285.38149799988,53285.38149799988,137.0,0.0002758456848840466,0.0,53000,53000,53000,53000,53000,53000,53000,53000,53000,53000,53000
GET,/api/cart/add/anonymous-68/RED/1,1,0,98.18801000000121,98.18801000000121,98.18801000000121,98.18801000000121,132.0,0.0002758456848840466,0.0,98,98,98,98,98,98,98,98,98,98,98
GET,/api/cart/add/anonymous-68/RMC/1,1,0,39.62142500000709,39.62142500000709,39.62142500000709,39.62142500000709,108.0,0.0002758456848840466,0.0,40,40,40,40,40,40,40,40,40,40,40
GET,/api/cart/add/anonymous-68/SHCE/1,1,0,238.6321520000365,238.6321520000365,238.6321520000365,238.6321520000365,202.0,0.0002758456848840466,0.0,240,240,240,240,240,240,240,240,240,240,240
GET,/api/cart/add/anonymous-68/STAN-1/1,2,0,76159.22280699988,99082.94410599978,76159.22280699988,122006.66540499969,111.0,0.0005516913697680932,0.0,122000,122000,122000,122000,122000,122000,122000,122000,122000,122000,122000
GET,/api/cart/add/anonymous-68/UHJ/1,1,0,103.22622500001444,103.22622500001444,103.22622500001444,103.22622500001444,209.0,0.0002758456848840466,0.0,100,100,100,100,100,100,100,100,100,100,100
GET,/api/cart/add/anonymous-680/EMM/1,1,0,1687093.7644330002,1687093.7644330002,1687093.7644330002,1687093.7644330002,137.0,0.0002758456848840466,0.0,1687000,1687000,1687000,1687000,1687000,1687000,1687000,1687000,1687000,1687000,1687000
GET,/api/cart/add/anonymous-680/HPTD/1,2,0,28000.0,395540.954186,27886.066583999993,763195.841788,121.0,0.0005516913697680932,0.0,763000,763000,763000,763000,763000,763000,763000,763000,763000,763000,763000
GET,/api/cart/add/anonymous-680/Watson/1,1,1,64135.88161200005,64135.88161200005,64135.88161200005,64135.88161200005,0.0,0.0002758456848840466,0.0002758456848840466,64000,64000,64000,64000,64000,64000,64000,64000,64000,64000,64000
GET,/api/cart/add/anonymous-681/EMM/1,1,0,63192.8097739999,63192.8097739999,63192.8097739999,63192.8097739999,137.0,0.0002758456848840466,0.0,63000,63000,63000,63000,63000,63000,63000,63000,63000,63000,63000
GET,/api/cart/add/anonymous-681/RMC/1,3,1,36000.0,59345.94659133336,22674.514213000068,119813.22533800005,133.0,0.0008275370546521397,0.0002758456848840466,36000,36000,120000,120000,120000,120000,120000,120000,120000,120000,120000
GET,/api/cart/add/anonymous-682/EPE/1,1,0,661981.8644590001,661981.8644590001,661981.8644590001,661981.8644590001,217.0,0.0002758456848840466,0.0,662000,662000,662000,662000,662000,662000,662000,662000,662000,662000,662000
GET,/api/cart/add/anonymous-682/HPTD/1,1,0,63165.78469700005,63165.78469700005,63165.78469700005,63165.78469700005,121.0,0.0002758456848840466,0.0,63000,63000,63000,63000,63000,63000,63000,63000,63000,63000,63000
GET,/api/cart/add/anonymous-682/RED/1,1,0,35774.80246400001,35774.80246400001,35774.80246400001,35774.80246400001,132.0,0.0002758456848840466,0.0,36000,36000,36000,36000,36000,36000,36000,36000,36000,36000,36000
GET,/api/cart/add/anonymous-682/RMC/1,1,0,24229.858972999864,24229.858972999864,24229.858972999864,24229.858972999864,210.0,0.0002758456848840466,0.0,24000,24000,24000,24000,24000,24000,24000,24000,24000,24000,24000
GET,/api/cart/add/anonymous-683/EMM/1,1,0,27904.674436000052,27904.674436000052,27904.674436000052,27904.674436000052,137.0,0.0002758456848840466,0.0,28000,28000,28000,28000,28000,28000,28000,28000,28000,28000,28000
GET,/api/cart/add/anonymous-683/RED/1,1,0,110454.13314799998,110454.13314799998,110454.13314799998,110454.13314799998,221.0,0.0002758456848840466,0.0,110000,110000,110000,110000,110000,110000,110000,110000,110000,110000,110000
GET,/api/cart/add/anonymous-683/STAN-1/1,1,0,63264.64507499998,63264.64507499998,63264.64507499998,63264.64507499998,111.0,0.0002758456848840466,0.0,63000,63000,63000,63000,63000,63000,63000,63000,63000,63000,63000
GET,/api/cart/add/anonymous-683/UHJ/1,1,1,29498.98939800005,29498.98939800005,29498.98939800005,29498.98939800005,182.0,0.0002758456848840466,0.0002758456848840466,29000,29000,29000,29000,29000,29000,29000,29000,29000,29000,29000
GET,/api/cart/add/anonymous-684/HPTD/1,1,0,18279.844727999945,18279.844727999945,18279.844727999945,18279.844727999945,121.0,0.0002758456848840466,0.0,18000,18000,18000,18000,18000,18000,18000,18000,18000,18000,18000
GET,/api/cart/add/anonymous-684/RMC/1,1,1,413396.7171410001,413396.7171410001,413396.7171410001,413396.7171410001,182.0,0.0002758456848840466,0.0002758456848840466,413000,413000,413000,413000,413000,413000,413000,413000,413000,413000,413000
GET,/api/cart/add/anonymous-684/UHJ/1,1,0,13762.942459999977,13762.942459999977,13762.942459999977,13762.942459999977,138.0,0.0002758456848840466,0.0,14000,14000,14000,14000,14000,14000,14000,14000,14000,14000,14000
GET,/api/cart/add/anonymous-684/Watson/1,1,0,21547.490561999894,21547.490561999894,21547.490561999894,21547.490561999894,209.0,0.0002758456848840466,0.0,22000,22000,22000,22000,22000,22000,22000,22000,22000,22000,22000
GET,/api/cart/add/anonymous-685/HPTD/1,2,0,23266.48421799996,71569.73600399999,23266.48421799996,119872.98779000003,199.0,0.0005516913697680932,0.0,120000,120000,120000,120000,120000,120000,120000,120000,120000,120000,120000
GET,/api/cart/add/anonymous-685/RMC/1,2,0,53000.0,57879.19159500001,52555.24780799999,63203.13538200003,108.0,0.0005516913697680932,0.0,63000,63000,63000,63000,63000,63000,63000,63000,63000,63000,63000
GET,/api/cart/add/anonymous-686/EMM/1,1,0,1390346.9772869998,1390346.9772869998,1390346.9772869998,1390346.9772869998,301.0,0.0002758456848840466,0.0,1390000,1390000,1390000,1390000,1390000,1390000,1390000,1390000,1390000,1390000,1390000
GET,/api/cart/add/anonymous-686/HPTD/1,1,0,120404.31635999994,120404.31635999994,120404.31635999994,120404.31635999994,226.0,0.0002758456848840466,0.0,120000,120000,120000,120000,120000,120000,120000,120000,120000,120000,120000
GET,/api/cart/add/anonymous-686/RMC/1,1,0,1632046.9304010002,1632046.9304010002,1632046.9304010002,1632046.9304010002,395.0,0.0002758456848840466,0.0,1632000,1632000,1632000,1632000,1632000,1632000,1632000,1632000,1632000,1632000,1632000
GET,/api/cart/add/anonymous-686/UHJ/1,1,0,27883.93118399995,27883.93118399995,27883.93118399995,27883.93118399995,138.0,0.0002758456848840466,0.0,28000,28000,28000,28000,28000,28000,28000,28000,28000,28000,28000
GET,/api/cart/add/anonymous-687/STAN-1/1,2,1,53000.0,78301.87545600001,52596.703767000006,104007.047145,146.5,0.0005516913697680932,0.0002758456848840466,104000,104000,104000,104000,104000,104000,104000,104000,104000,104000,104000
GET,/api/cart/add/anonymous-687/UHJ/1,1,0,66184.288466,66184.288466,66184.288466,66184.288466,191.0,0.0002758456848840466,0.0,66000,66000,66000,66000,66000,66000,66000,66000,66000,66000,66000
GET,/api/cart/add/anonymous-687/Watson/1,1,0,1604206.8903410002,1604206.8903410002,1604206.8903410002,1604206.8903410002,106.0,0.0002758456848840466,0.0,1604000,1604000,1604000,1604000,1604000,1604000,1604000,1604000,1604000,1604000,1604000
GET,/api/cart/add/anonymous-688/EMM/1,1,1,98961.96523200002,98961.96523200002,98961.96523200002,98961.96523200002,182.0,0.0002758456848840466,0.0002758456848840466,99000,99000,99000,99000,99000,99000,99000,99000,99000,99000,99000
GET,/api/cart/add/anonymous-688/RMC/1,2,0,53000.0,57151.44069299998,52617.272641,61685.60874499997,108.0,0.0005516913697680932,0.0,62000,62000,62000,62000,62000,62000,62000,62000,62000,62000,62000
GET,/api/cart/add/anonymous-688/UHJ/1,1,1,661993.181229,661993.181229,661993.181229,661993.181229,182.0,0.0002758456848840466,0.0002758456848840466,662000,662000,662000,662000,662000,662000,662000,662000,662000,662000,662000
GET,/api/cart/add/anonymous-689/HPTD/1,1,0,13771.063528000013,13771.063528000013,13771.063528000013,13771.063528000013,121.0,0.0002758456848840466,0.0,14000,14000,14000,14000,14000,14000,14000,14000,14000,14000,14000
GET,/api/cart/add/anonymous-689/RED/1,2,1,763077.404957,1200123.6881270001,763077.404957,1637169.971297,200.5,0.0005516913697680932,0.0002758456848840466,1637000,1637000,1637000,1637000,1637000,1637000,1637000,1637000,1637000,1637000,1637000
GET,/api/cart/add/anonymous-689/SHCE/1,1,1,21528.62496500006,21528.62496500006,21528.62496500006,21528.62496500006,182.0,0.0002758456848840466,0.0002758456848840466,22000,22000,22000,22000,22000,22000,22000,22000,22000,22000,22000
GET,/api/cart/add/anonymous-69/HPTD/1,2,0,94,13957.164197000055,93.78069599995342,27820.547698000155,121.0,0.0005516913697680932,0.0,28000,28000,28000,28000,28000,28000,28000,28000,28000,28000,28000
GET,/api/cart/add/anonymous-69/RED/1,2,0,31000.0,85249.84833450004,30982.172766000076,139517.523903,133.0,0.0005516913697680932,0.0,140000,140000,140000,140000,140000,140000,140000,140000,140000,140000,140000
GET,/api/cart/add/anonymous-69/SHCE/1,2,0,42,24635.604109500207,41.75453200002721,49229.45368700039,203.5,0.0005516913697680932,0.0,49000,49000,49000,49000,49000,49000,49000,49000,49000,49000,49000
GET,/api/cart/add/anonymous-69/Watson/1,2,0,21,48.03170150000824,20.521465000001626,75.54193800001485,195.5,0.0005516913697680932,0.0,76,76,76,76,76,76,76,76,76,76,76
GET,/api/cart/add/anonymous-690/EPE/1,1,0,52566.955604999974,52566.955604999974,52566.955604999974,52566.955604999974,129.0,0.0002758456848840466,0.0,53000,53000,53000,53000,53000,53000,53000,53000,53000,53000,53000
GET,/api/cart/add/anonymous-690/HPTD/1,2,0,102000.0,110878.33030199993,101842.12595700001,119914.53464699986,169.0,0.0005516913697680932,0.0,120000,120000,120000,120000,120000,120000,120000,120000,120000,120000,120000
GET,/api/cart/add/anonymous-690/RMC/1,1,1,1659023.816884,1659023.816884,1659023.816884,1659023.816884,0.0,0.0002758456848840466,0.0002758456848840466,1659000,1659000,1659000,1659000,1659000,1659000,1659000,1659000,1659000,1659000,1659000
GET,/api/cart/add/anonymous-691/HPTD/1,1,0,24209.45532399992,24209.45532399992,24209.45532399992,24209.45532399992,213.0,0.0002758456848840466,0.0,24000,24000,24000,24000,24000,24000,24000,24000,24000,24000,24000
GET,/api/cart/add/anonymous-691/RED/1,1,1,21519.394665999927,21519.394665999927,21519.394665999927,21519.394665999927,182.0,0.0002758456848840466,0.0002758456848840466,22000,22000,22000,22000,22000,22000,22000,22000,22000,22000,22000
GET,/api/cart/add/anonymous-691/SHCE/1,1,0,48686.881653000004,48686.881653000004,48686.881653000004,48686.881653000004,124.0,0.0002758456848840466,0.0,49000,49000,49000,49000,49000,49000,49000,49000,49000,49000,49000
GET,/api/cart/add/anonymous-691/Watson/1,1,0,13780.85140600001,13780.85140600001,13780.85140600001,13780.85140600001,106.0,0.0002758456848840466,0.0,14000,14000,14000,14000,14000,14000,14000,14000,14000,14000,14000
GET,/api/cart/add/anonymous-692/EMM/1,1,0,48599.09179799979,48599.09179799979,48599.09179799979,48599.09179799979,205.0,0.0002758456848840466,0.0,49000,49000,49000,49000,49000,49000,49000,49000,49000,49000,49000
GET,/api/cart/add/anonymous-692/EPE/1,1,0,62440.729256999926,62440.729256999926,62440.729256999926,62440.729256999926,129.0,0.0002758456848840466,0.0,62000,62000,62000,62000,62000,62000,62000,62000,62000,62000,62000
GET,/api/cart/add/anonymous-692/Watson/1,2,1,53000.0,57522.146522999945,52555.58160700002,62488.711438999875,144.0,0.0005516913697680932,0.0002758456848840466,62000,62000,62000,62000,62000,62000,62000,62000,62000,62000,62000
GET,/api/cart/add/anonymous-693/EMM/1,1,0,58414.569980000124,58414.569980000124,58414.569980000124,58414.569980000124,284.0,0.0002758456848840466,0.0,58000,58000,58000,58000,58000,58000,58000,58000,58000,58000,58000
GET,/api/cart/add/anonymous-693/EPE/1,1,0,101555.07520699996,101555.07520699996,101555.07520699996,101555.07520699996,129.0,0.0002758456848840466,0.0,102000,102000,102000,102000,102000,102000,102000,102000,102000,102000,102000
GET,/api/cart/add/anonymous-693/RMC/1,1,0,28077.57407500003,28077.57407500003,28077.57407500003,28077.57407500003,108.0,0.0002758456848840466,0.0,28000,28000,28000,28000,28000,28000,28000,28000,28000,28000,28000
GET,/api/cart/add/anonymous-693/Watson/1,1,0,39437.28037599999,39437.28037599999,39437.28037599999,39437.28037599999,184.0,0.0002758456848840466,0.0,39000,39000,39000,39000,39000,39000,39000,39000,39000,39000,39000
GET,/api/cart/add/anonymous-694/RED/1,1,0,28245.21472999993,28245.21472999993,28245.21472999993,28245.21472999993,132.0,0.0002758456848840466,0.0,28000,28000,28000,28000,28000,28000,28000,28000,28000,28000,28000
GET,/api/cart/add/anonymous-694/SHCE/1,1,1,880637.85188,880637.85188,880637.85188,880637.85188,182.0,0.0002758456848840466,0.0002758456848840466,881000,881000,881000,881000,881000,881000,881000,881000,881000,881000,881000
GET,/api/cart/add/anonymous-694/UHJ/1,2,0,59000.0,870278.3076695,58822.35019700011,1681734.2651419998,217.5,0.0005516913697680932,0.0,1682000,1682000,1682000,1682000,1682000,1682000,1682000,1682000,1682000,1682000,1682000
GET,/api/cart/add/anonymous-695/HPTD/1,1,0,68389.41637500012,68389.41637500012,68389.41637500012,68389.41637500012,121.0,0.0002758456848840466,0.0,68000,68000,68000,68000,68000,68000,68000,68000,68000,68000,68000
GET,/api/cart/add/anonymous-695/RED/1,2,1,53000.0,67731.72916999999,52547.81624399993,82915.64209600005,157.0,0.0005516913697680932,0.0002758456848840466,83000,83000,83000,83000,83000,83000,83000,83000,83000,83000,83000
GET,/api/cart/add/anonymous-695/SHCE/1,1,0,660264.0686219998,660264.0686219998,660264.0686219998,660264.0686219998,213.0,0.0002758456848840466,0.0,660000,660000,660000,660000,660000,660000,660000,660000,660000,660000,660000
GET,/api/cart/add/anonymous-696/RED/1,1,0,23461.406660000193,23461.406660000193,23461.406660000193,23461.406660000193,132.0,0.0002758456848840466,0.0,23000,23000,23000,23000,23000,23000,23000,23000,23000,23000,23000
GET,/api/cart/add/anonymous-696/RMC/1,1,1,89756.34956399971,89756.34956399971,89756.34956399971,89756.34956399971,182.0,0.0002758456848840466,0.0002758456848840466,90000,90000,90000,90000,90000,90000,90000,90000,90000,90000,90000
GET,/api/cart/add/anonymous-696/SHCE/1,1,0,35429.690705000095,35429.690705000095,35429.690705000095,35429.690705000095,124.0,0.0002758456848840466,0.0,35000,35000,35000,35000,35000,35000,35000,35000,35000,35000,35000
GET,/api/cart/add/anonymous-696/Watson/1,1,0,101424.23389700003,101424.23389700003,101424.23389700003,101424.23389700003,106.0,0.0002758456848840466,0.0,101000,101000,101000,101000,101000,101000,101000,101000,101000,101000,101000
GET,/api/cart/add/anonymous-697/EPE/1,1,1,66096.64467699986,66096.64467699986,66096.64467699986,66096.64467699986,182.0,0.0002758456848840466,0.0002758456848840466,66000,66000,66000,66000,66000,66000,66000,66000,66000,66000,66000
GET,/api/cart/add/anonymous-697/HPTD/1,2,0,33000.0,67142.10034899999,32739.985823999974,101544.21487399998,121.0,0.0005516913697680932,0.0,102000,102000,102000,102000,102000,102000,102000,102000,102000,102000,102000
GET,/api/cart/add/anonymous-697/UHJ/1,1,0,71435.18481299997,71435.18481299997,71435.18481299997,71435.18481299997,226.0,0.0002758456848840466,0.0,71000,71000,71000,71000,71000,71000,71000,71000,71000,71000,71000
GET,/api/cart/add/anonymous-698/EMM/1,2,0,58408.14314199997,60198.45336750001,58408.14314199997,61988.76359300005,137.0,0.0005516913697680932,0.0,62000,62000,62000,62000,62000,62000,62000,62000,62000,62000,62000
GET,/api/cart/add/anonymous-698/EPE/1,1,1,40309.28572900007,40309.28572900007,40309.28572900007,40309.28572900007,182.0,0.0002758456848840466,0.0002758456848840466,40000,40000,40000,40000,40000,40000,40000,40000,40000,40000,40000
GET,/api/cart/add/anonymous-698/HPTD/1,1,0,101452.83106800003,101452.83106800003,101452.83106800003,101452.83106800003,121.0,0.0002758456848840466,0.0,101000,101000,101000,101000,101000,101000,101000,101000,101000,101000,101000
GET,/api/cart/add/anonymous-699/RMC/1,2,0,33000.0,67248.60861949998,32852.93735599998,101644.27988299997,108.0,0.0005516913697680932,0.0,102000,102000,102000,102000,102000,102000,102000,102000,102000,102000,102000
GET,/api/cart/add/anonymous-699/SHCE/1,1,0,61117.26283899997,61117.26283899997,61117.26283899997,61117.26283899997,202.0,0.0002758456848840466,0.0,61000,61000,61000,61000,61000,61000,61000,61000,61000,61000,61000
GET,/api/cart/add/anonymous-699/STAN-1/1,1,0,29541.038518000278,29541.038518000278,29541.038518000278,29541.038518000278,190.0,0.0002758456848840466,0.0,30000,30000,30000,30000,30000,30000,30000,30000,30000,30000,30000
GET,/api/cart/add/anonymous-7/EPE/1,1,0,932.7328199997282,932.7328199997282,932.7328199997282,932.7328199997282,129.0,0.0002758456848840466,0.0,930,930,930,930,930,930,930,930,930,930,930
GET,/api/cart/add/anonymous-7/RED/1,2,0,242.19516299996258,23675.62712199995,242.19516299996258,47109.05908099994,164.0,0.0005516913697680932,0.0,47000,47000,47000,47000,47000,47000,47000,47000,47000,47000,47000
GET,/api/cart/add/anonymous-7/SHCE/1,2,0,62,24633.641417000035,61.576993000016955,49205.70584100005,209.0,0.0005516913697680932,0.0,49000,49000,49000,49000,49000,49000,49000,49000,49000,49000,49000
GET,/api/cart/add/anonymous-7/STAN-1/1,1,0,76.75484200001392,76.75484200001392,76.75484200001392,76.75484200001392,111.0,0.0002758456848840466,0.0,77,77,77,77,77,77,77,77,77,77,77
GET,/api/cart/add/anonymous-7/Watson/1,2,0,76,10133.372504999983,75.65833799998245,20191.086671999983,200.0,0.0005516913697680932,0.0,20000,20000,20000,20000,20000,20000,20000,20000,20000,20000,20000
GET,/api/cart/add/anonymous-70/EMM/1,1,0,47.7824499999997,47.7824499999997,47.7824499999997,47.7824499999997,229.0,0.0002758456848840466,0.0,48,48,48,48,48,48,48,48,48,48,48
GET,/api/cart/add/anonymous-70/RED/1,1,0,236.99194799996803,236.99194799996803,236.99194799996803,236.99194799996803,225.0,0.0002758456848840466,0.0,240,240,240,240,240,240,240,240,240,240,240
GET,/api/cart/add/anonymous-70/RMC/1,2,0,53285.3530970001,87354.36281900002,53285.3530970001,121423.37254099993,108.0,0.0005516913697680932,0.0,121000,121000,121000,121000,121000,121000,121000,121000,121000,121000,121000
GET,/api/cart/add/anonymous-70/SHCE/1,2,0,100.39491599997064,119.33867599998393,100.39491599997064,138.28243599999723,124.0,0.0005516913697680932,0.0,140,140,140,140,140,140,140,140,140,140,140
GET,/api/cart/add/anonymous-70/STAN-1/1,1,0,122015.43210999989,122015.43210999989,122015.43210999989,122015.43210999989,280.0,0.0002758456848840466,0.0,122000,122000,122000,122000,122000,122000,122000,122000,122000,122000,122000
GET,/api/cart/add/anonymous-700/EPE/1,1,0,76961.94117899996,76961.94117899996,76961.94117899996,76961.94117899996,179.0,0.0002758456848840466,0.0,77000,77000,77000,77000,77000,77000,77000,77000,77000,77000,77000
GET,/api/cart/add/anonymous-700/RED/1,1,0,43472.04805999991,43472.04805999991,43472.04805999991,43472.04805999991,279.0,0.0002758456848840466,0.0,43000,43000,43000,43000,43000,43000,43000,43000,43000,43000,43000
GET,/api/cart/add/anonymous-700/SHCE/1,1,0,61977.26630399995,61977.26630399995,61977.26630399995,61977.26630399995,124.0,0.0002758456848840466,0.0,62000,62000,62000,62000,62000,62000,62000,62000,62000,62000,62000
GET,/api/cart/add/anonymous-700/STAN-1/1,1,0,101414.66049600013,101414.66049600013,101414.66049600013,101414.66049600013,111.0,0.0002758456848840466,0.0,101000,101000,101000,101000,101000,101000,101000,101000,101000,101000,101000
GET,/api/cart/add/anonymous-701/RMC/1,1,0,32519.671994999953,32519.671994999953,32519.671994999953,32519.671994999953,108.0,0.0002758456848840466,0.0,33000,33000,33000,33000,33000,33000,33000,33000,33000,33000,33000
GET,/api/cart/add/anonymous-701/STAN-1/1,2,0,48000.0,827339.759194,47673.23196799998,1607006.28642,150.5,0.0005516913697680932,0.0,1607000,1607000,1607000,1607000,1607000,1607000,1607000,1607000,1607000,1607000,1607000
GET,/api/cart/add/anonymous-701/Watson/1,1,0,83468.79176499989,83468.79176499989,83468.79176499989,83468.79176499989,106.0,0.0002758456848840466,0.0,83000,83000,83000,83000,83000,83000,83000,83000,83000,83000,83000
GET,/api/cart/add/anonymous-702/EMM/1,1,0,125193.59060700003,125193.59060700003,125193.59060700003,125193.59060700003,205.0,0.0002758456848840466,0.0,125000,125000,125000,125000,125000,125000,125000,125000,125000,125000,125000
GET,/api/cart/add/anonymous-702/EPE/1,1,0,32732.31886000008,32732.31886000008,32732.31886000008,32732.31886000008,129.0,0.0002758456848840466,0.0,33000,33000,33000,33000,33000,33000,33000,33000,33000,33000,33000
GET,/api/cart/add/anonymous-702/SHCE/1,1,0,1445.9742949998144,1445.9742949998144,1445.9742949998144,1445.9742949998144,124.0,0.0002758456848840466,0.0,1400,1400,1400,1400,1400,1400,1400,1400,1400,1400,1400
GET,/api/cart/add/anonymous-702/Watson/1,1,0,19385.328615999926,19385.328615999926,19385.328615999926,19385.328615999926,106.0,0.0002758456848840466,0.0,19000,19000,19000,19000,19000,19000,19000,19000,19000,19000,19000
GET,/api/cart/add/anonymous-703/EMM/1,1,0,1471855.6723250002,1471855.6723250002,1471855.6723250002,1471855.6723250002,265.0,0.0002758456848840466,0.0,1472000,1472000,1472000,1472000,1472000,1472000,1472000,1472000,1472000,1472000,1472000
GET,/api/cart/add/anonymous-703/RMC/1,1,0,32560.247910000042,32560.247910000042,32560.247910000042,32560.247910000042,108.0,0.0002758456848840466,0.0,33000,33000,33000,33000,33000,33000,33000,33000,33000,33000,33000
GET,/api/cart/add/anonymous-703/STAN-1/1,1,0,40116.38089999997,40116.38089999997,40116.38089999997,40116.38089999997,190.0,0.0002758456848840466,0.0,40000,40000,40000,40000,40000,40000,40000,40000,40000,40000,40000
GET,/api/cart/add/anonymous-703/Watson/1,1,0,433247.418153,433247.418153,433247.418153,433247.418153,106.0,0.0002758456848840466,0.0,433000,433000,433000,433000,433000,433000,433000,433000,433000,433000,433000
GET,/api/cart/add/anonymous-704/HPTD/1,1,0,1470540.064533,1470540.064533,1470540.064533,1470540.064533,121.0,0.0002758456848840466,0.0,1471000,1471000,1471000,1471000,1471000,1471000,1471000,1471000,1471000,1471000,1471000
GET,/api/cart/add/anonymous-704/RMC/1,1,0,66137.84682799997,66137.84682799997,66137.84682799997,66137.84682799997,202.0,0.0002758456848840466,0.0,66000,66000,66000,66000,66000,66000,66000,66000,66000,66000,66000
GET,/api/cart/add/anonymous-704/SHCE/1,1,0,61977.97322199994,61977.97322199994,61977.97322199994,61977.97322199994,124.0,0.0002758456848840466,0.0,62000,62000,62000,62000,62000,62000,62000,62000,62000,62000,62000
GET,/api/cart/add/anonymous-704/Watson/1,1,0,47087.56534399981,47087.56534399981,47087.56534399981,47087.56534399981,106.0,0.0002758456848840466,0.0,47000,47000,47000,47000,47000,47000,47000,47000,47000,47000,47000
GET,/api/cart/add/anonymous-705/EPE/1,1,0,717960.499269,717960.499269,717960.499269,717960.499269,200.0,0.0002758456848840466,0.0,718000,718000,718000,718000,718000,718000,718000,718000,718000,718000,718000
GET,/api/cart/add/anonymous-705/Watson/1,2,0,23000.0,42627.758247000034,22734.578796000053,62520.93769800001,152.0,0.0005516913697680932,0.0,63000,63000,63000,63000,63000,63000,63000,63000,63000,63000,63000
GET,/api/cart/add/anonymous-706/HPTD/1,2,0,17000.0,39470.746427999926,16994.692592999854,61946.800263,121.0,0.0005516913697680932,0.0,62000,62000,62000,62000,62000,62000,62000,62000,62000,62000,62000
GET,/api/cart/add/anonymous-706/SHCE/1,1,1,870.3725069999564,870.3725069999564,870.3725069999564,870.3725069999564,182.0,0.0002758456848840466,0.0002758456848840466,870,870,870,870,870,870,870,870,870,870,870
GET,/api/cart/add/anonymous-706/STAN-1/1,1,1,70111.04181299993,70111.04181299993,70111.04181299993,70111.04181299993,182.0,0.0002758456848840466,0.0002758456848840466,70000,70000,70000,70000,70000,70000,70000,70000,70000,70000,70000
GET,/api/cart/add/anonymous-707/EPE/1,1,0,32701.938709000045,32701.938709000045,32701.938709000045,32701.938709000045,129.0,0.0002758456848840466,0.0,33000,33000,33000,33000,33000,33000,33000,33000,33000,33000,33000
GET,/api/cart/add/anonymous-707/RMC/1,1,0,120406.09361399992,120406.09361399992,120406.09361399992,120406.09361399992,207.0,0.0002758456848840466,0.0,120000,120000,120000,120000,120000,120000,120000,120000,120000,120000,120000
GET,/api/cart/add/anonymous-707/SHCE/1,1,1,66056.84352999993,66056.84352999993,66056.84352999993,66056.84352999993,182.0,0.0002758456848840466,0.0002758456848840466,66000,66000,66000,66000,66000,66000,66000,66000,66000,66000,66000
GET,/api/cart/add/anonymous-707/UHJ/1,1,1,43198.04926999996,43198.04926999996,43198.04926999996,43198.04926999996,182.0,0.0002758456848840466,0.0002758456848840466,43000,43000,43000,43000,43000,43000,43000,43000,43000,43000,43000
GET,/api/cart/add/anonymous-708/RED/1,2,0,14000.0,92126.04511099994,13761.546148999969,170490.5440729999,167.0,0.0005516913697680932,0.0,170000,170000,170000,170000,170000,170000,170000,170000,170000,170000,170000
GET,/api/cart/add/anonymous-708/STAN-1/1,1,0,37948.330221999866,37948.330221999866,37948.330221999866,37948.330221999866,265.0,0.0002758456848840466,0.0,38000,38000,38000,38000,38000,38000,38000,38000,38000,38000,38000
GET,/api/cart/add/anonymous-708/Watson/1,1,0,433433.8463990001,433433.8463990001,433433.8463990001,433433.8463990001,106.0,0.0002758456848840466,0.0,433000,433000,433000,433000,433000,433000,433000,433000,433000,433000,433000
GET,/api/cart/add/anonymous-709/RED/1,1,1,110413.758379,110413.758379,110413.758379,110413.758379,182.0,0.0002758456848840466,0.0002758456848840466,110000,110000,110000,110000,110000,110000,110000,110000,110000,110000,110000
GET,/api/cart/add/anonymous-709/RMC/1,1,0,41428.041768000185,41428.041768000185,41428.041768000185,41428.041768000185,219.0,0.0002758456848840466,0.0,41000,41000,41000,41000,41000,41000,41000,41000,41000,41000,41000
GET,/api/cart/add/anonymous-709/UHJ/1,1,0,61960.80861300004,61960.80861300004,61960.80861300004,61960.80861300004,138.0,0.0002758456848840466,0.0,62000,62000,62000,62000,62000,62000,62000,62000,62000,62000,62000
GET,/api/cart/add/anonymous-709/Watson/1,1,1,17125.813431999857,17125.813431999857,17125.813431999857,17125.813431999857,182.0,0.0002758456848840466,0.0002758456848840466,17000,17000,17000,17000,17000,17000,17000,17000,17000,17000,17000
GET,/api/cart/add/anonymous-71/HPTD/1,1,0,45855.66145899975,45855.66145899975,45855.66145899975,45855.66145899975,226.0,0.0002758456848840466,0.0,46000,46000,46000,46000,46000,46000,46000,46000,46000,46000,46000
GET,/api/cart/add/anonymous-71/RED/1,2,0,95.18019999995886,789.4225914999424,95.18019999995886,1483.664982999926,132.0,0.0005516913697680932,0.0,1500,1500,1500,1500,1500,1500,1500,1500,1500,1500,1500
GET,/api/cart/add/anonymous-71/STAN-1/1,1,0,48953.38356000002,48953.38356000002,48953.38356000002,48953.38356000002,111.0,0.0002758456848840466,0.0,49000,49000,49000,49000,49000,49000,49000,49000,49000,49000,49000
GET,/api/cart/add/anonymous-71/UHJ/1,2,0,99.0057120000074,41360.778502000016,99.0057120000074,82622.55129200002,138.0,0.0005516913697680932,0.0,83000,83000,83000,83000,83000,83000,83000,83000,83000,83000,83000
GET,/api/cart/add/anonymous-71/Watson/1,2,0,59.391187000017,215.36122900002397,59.391187000017,371.33127100003094,205.5,0.0005516913697680932,0.0,370,370,370,370,370,370,370,370,370,370,370
GET,/api/cart/add/anonymous-710/EMM/1,1,0,55808.020369000136,55808.020369000136,55808.020369000136,55808.020369000136,137.0,0.0002758456848840466,0.0,56000,56000,56000,56000,56000,56000,56000,56000,56000,56000,56000
GET,/api/cart/add/anonymous-710/RMC/1,1,0,28075.23632899995,28075.23632899995,28075.23632899995,28075.23632899995,108.0,0.0002758456848840466,0.0,28000,28000,28000,28000,28000,28000,28000,28000,28000,28000,28000
GET,/api/cart/add/anonymous-710/STAN-1/1,1,0,1592701.94666,1592701.94666,1592701.94666,1592701.94666,111.0,0.0002758456848840466,0.0,1593000,1593000,1593000,1593000,1593000,1593000,1593000,1593000,1593000,1593000,1593000
GET,/api/cart/add/anonymous-711/EPE/1,1,0,125154.99182999985,125154.99182999985,125154.99182999985,125154.99182999985,129.0,0.0002758456848840466,0.0,125000,125000,125000,125000,125000,125000,125000,125000,125000,125000,125000
GET,/api/cart/add/anonymous-711/HPTD/1,1,0,67848.89040300004,67848.89040300004,67848.89040300004,67848.89040300004,295.0,0.0002758456848840466,0.0,68000,68000,68000,68000,68000,68000,68000,68000,68000,68000,68000
GET,/api/cart/add/anonymous-711/RMC/1,1,0,77686.32746900016,77686.32746900016,77686.32746900016,77686.32746900016,207.0,0.0002758456848840466,0.0,78000,78000,78000,78000,78000,78000,78000,78000,78000,78000,78000
GET,/api/cart/add/anonymous-711/STAN-1/1,1,0,83458.28034900001,83458.28034900001,83458.28034900001,83458.28034900001,111.0,0.0002758456848840466,0.0,83000,83000,83000,83000,83000,83000,83000,83000,83000,83000,83000
GET,/api/cart/add/anonymous-712/EPE/1,2,0,2200.0,557906.4088140001,2164.563613000155,1113648.254015,129.5,0.0005516913697680932,0.0,1114000,1114000,1114000,1114000,1114000,1114000,1114000,1114000,1114000,1114000,1114000
GET,/api/cart/add/anonymous-712/HPTD/1,1,0,100855.21336700003,100855.21336700003,100855.21336700003,100855.21336700003,121.0,0.0002758456848840466,0.0,101000,101000,101000,101000,101000,101000,101000,101000,101000,101000,101000
GET,/api/cart/add/anonymous-712/RMC/1,1,0,51946.05163699998,51946.05163699998,51946.05163699998,51946.05163699998,108.0,0.0002758456848840466,0.0,52000,52000,52000,52000,52000,52000,52000,52000,52000,52000,52000
GET,/api/cart/add/anonymous-713/RMC/1,1,0,1576678.9049429998,1576678.9049429998,1576678.9049429998,1576678.9049429998,182.0,0.0002758456848840466,0.0,1577000,1577000,1577000,1577000,1577000,1577000,1577000,1577000,1577000,1577000,1577000
GET,/api/cart/add/anonymous-713/SHCE/1,1,0,28088.308933999997,28088.308933999997,28088.308933999997,28088.308933999997,124.0,0.0002758456848840466,0.0,28000,28000,28000,28000,28000,28000,28000,28000,28000,28000,28000
GET,/api/cart/add/anonymous-713/UHJ/1,1,0,48027.06169300018,48027.06169300018,48027.06169300018,48027.06169300018,138.0,0.0002758456848840466,0.0,48000,48000,48000,48000,48000,48000,48000,48000,48000,48000,48000
GET,/api/cart/add/anonymous-713/Watson/1,1,0,27242.31958600012,27242.31958600012,27242.31958600012,27242.31958600012,106.0,0.0002758456848840466,0.0,27000,27000,27000,27000,27000,27000,27000,27000,27000,27000,27000
GET,/api/cart/add/anonymous-714/EMM/1,1,0,28036.362235999946,28036.362235999946,28036.362235999946,28036.362235999946,137.0,0.0002758456848840466,0.0,28000,28000,28000,28000,28000,28000,28000,28000,28000,28000,28000
GET,/api/cart/add/anonymous-714/HPTD/1,1,0,152602.31541899976,152602.31541899976,152602.31541899976,152602.31541899976,219.0,0.0002758456848840466,0.0,153000,153000,153000,153000,153000,153000,153000,153000,153000,153000,153000
GET,/api/cart/add/anonymous-714/RED/1,1,0,1415229.338875,1415229.338875,1415229.338875,1415229.338875,132.0,0.0002758456848840466,0.0,1415000,1415000,1415000,1415000,1415000,1415000,1415000,1415000,1415000,1415000,1415000
GET,/api/cart/add/anonymous-714/Watson/1,1,0,41102.583400999945,41102.583400999945,41102.583400999945,41102.583400999945,206.0,0.0002758456848840466,0.0,41000,41000,41000,41000,41000,41000,41000,41000,41000,41000,41000
GET,/api/cart/add/anonymous-715/EPE/1,1,1,100449.05755500031,100449.05755500031,100449.05755500031,100449.05755500031,0.0,0.0002758456848840466,0.0002758456848840466,100000,100000,100000,100000,100000,100000,100000,100000,100000,100000,100000
GET,/api/cart/add/anonymous-715/STAN-1/1,1,0,1415228.1569529998,1415228.1569529998,1415228.1569529998,1415228.1569529998,111.0,0.0002758456848840466,0.0,1415000,1415000,1415000,1415000,1415000,1415000,1415000,1415000,1415000,1415000,1415000
GET,/api/cart/add/anonymous-715/UHJ/1,2,0,28000.0,59719.43537950005,27855.10233900004,91583.76842000007,138.0,0.0005516913697680932,0.0,92000,92000,92000,92000,92000,92000,92000,92000,92000,92000,92000
GET,/api/cart/add/anonymous-716/EMM/1,1,0,28007.173171999966,28007.173171999966,28007.173171999966,28007.173171999966,137.0,0.0002758456848840466,0.0,28000,28000,28000,28000,28000,28000,28000,28000,28000,28000,28000
GET,/api/cart/add/anonymous-716/SHCE/1,1,1,74663.75595199998,74663.75595199998,74663.75595199998,74663.75595199998,182.0,0.0002758456848840466,0.0002758456848840466,75000,75000,75000,75000,75000,75000,75000,75000,75000,75000,75000
GET,/api/cart/add/anonymous-716/STAN-1/1,1,1,23849.24645900014,23849.24645900014,23849.24645900014,23849.24645900014,182.0,0.0002758456848840466,0.0002758456848840466,24000,24000,24000,24000,24000,24000,24000,24000,24000,24000,24000
GET,/api/cart/add/anonymous-716/Watson/1,1,0,1576670.506943,1576670.506943,1576670.506943,1576670.506943,106.0,0.0002758456848840466,0.0,1577000,1577000,1577000,1577000,1577000,1577000,1577000,1577000,1577000,1577000,1577000
GET,/api/cart/add/anonymous-717/RED/1,1,1,101534.05338999983,101534.05338999983,101534.05338999983,101534.05338999983,182.0,0.0002758456848840466,0.0002758456848840466,102000,102000,102000,102000,102000,102000,102000,102000,102000,102000,102000
GET,/api/cart/add/anonymous-717/STAN-1/1,1,0,100836.79505700001,100836.79505700001,100836.79505700001,100836.79505700001,111.0,0.0002758456848840466,0.0,101000,101000,101000,101000,101000,101000,101000,101000,101000,101000,101000
GET,/api/cart/add/anonymous-717/UHJ/1,2,1,28037.419520999945,603671.669513,28037.419520999945,1179305.9195049999,160.0,0.0005516913697680932,0.0002758456848840466,1179000,1179000,1179000,1179000,1179000,1179000,1179000,1179000,1179000,1179000,1179000
GET,/api/cart/add/anonymous-718/EMM/1,1,0,28006.34266700001,28006.34266700001,28006.34266700001,28006.34266700001,137.0,0.0002758456848840466,0.0,28000,28000,28000,28000,28000,28000,28000,28000,28000,28000,28000
GET,/api/cart/add/anonymous-718/RMC/1,2,1,43241.10913699996,71101.2389309999,43241.10913699996,98961.36872499983,145.0,0.0005516913697680932,0.0002758456848840466,99000,99000,99000,99000,99000,99000,99000,99000,99000,99000,99000
GET,/api/cart/add/anonymous-718/SHCE/1,1,0,1439847.8583679998,1439847.8583679998,1439847.8583679998,1439847.8583679998,202.0,0.0002758456848840466,0.0,1440000,1440000,1440000,1440000,1440000,1440000,1440000,1440000,1440000,1440000,1440000
GET,/api/cart/add/anonymous-719/EPE/1,1,0,885.6272870002613,885.6272870002613,885.6272870002613,885.6272870002613,200.0,0.0002758456848840466,0.0,890,890,890,890,890,890,890,890,890,890,890
GET,/api/cart/add/anonymous-719/HPTD/1,1,1,102365.16305499992,102365.16305499992,102365.16305499992,102365.16305499992,182.0,0.0002758456848840466,0.0002758456848840466,102000,102000,102000,102000,102000,102000,102000,102000,102000,102000,102000
GET,/api/cart/add/anonymous-719/Watson/1,2,0,28000.0,32037.120292999814,27606.57118099971,36467.66940499992,106.0,0.0005516913697680932,0.0,36000,36000,36000,36000,36000,36000,36000,36000,36000,36000,36000
GET,/api/cart/add/anonymous-72/EPE/1,1,0,92013.99467800002,92013.99467800002,92013.99467800002,92013.99467800002,129.0,0.0002758456848840466,0.0,92000,92000,92000,92000,92000,92000,92000,92000,92000,92000,92000
GET,/api/cart/add/anonymous-72/HPTD/1,2,0,60,15843.341179000106,59.65838800000256,31627.02397000021,196.0,0.0005516913697680932,0.0,32000,32000,32000,32000,32000,32000,32000,32000,32000,32000,32000
GET,/api/cart/add/anonymous-72/RED/1,1,0,64.53650399998878,64.53650399998878,64.53650399998878,64.53650399998878,219.0,0.0002758456848840466,0.0,65,65,65,65,65,65,65,65,65,65,65
GET,/api/cart/add/anonymous-72/RMC/1,1,0,57.63488200000211,57.63488200000211,57.63488200000211,57.63488200000211,108.0,0.0002758456848840466,0.0,58,58,58,58,58,58,58,58,58,58,58
GET,/api/cart/add/anonymous-72/Watson/1,1,0,342.0403789999682,342.0403789999682,342.0403789999682,342.0403789999682,184.0,0.0002758456848840466,0.0,340,340,340,340,340,340,340,340,340,340,340
GET,/api/cart/add/anonymous-720/RED/1,1,0,21395.503756999915,21395.503756999915,21395.503756999915,21395.503756999915,132.0,0.0002758456848840466,0.0,21000,21000,21000,21000,21000,21000,21000,21000,21000,21000,21000
GET,/api/cart/add/anonymous-720/STAN-1/1,2,2,24202.161199000104,61587.28071950009,24202.161199000104,98972.40024000008,182.0,0.0005516913697680932,0.0005516913697680932,99000,99000,99000,99000,99000,99000,99000,99000,99000,99000,99000
GET,/api/cart/add/anonymous-720/UHJ/1,1,1,622390.4700280001,622390.4700280001,622390.4700280001,622390.4700280001,182.0,0.0002758456848840466,0.0002758456848840466,622000,622000,622000,622000,622000,622000,622000,622000,622000,622000,622000
GET,/api/cart/add/anonymous-721/STAN-1/1,3,2,110000.0,263866.0749806667,21509.5874619999,660274.32219,158.33333333333334,0.0008275370546521397,0.0005516913697680932,110000,110000,660000,660000,660000,660000,660000,660000,660000,660000,660000
GET,/api/cart/add/anonymous-721/Watson/1,1,1,21846.036773999913,21846.036773999913,21846.036773999913,21846.036773999913,182.0,0.0002758456848840466,0.0002758456848840466,22000,22000,22000,22000,22000,22000,22000,22000,22000,22000,22000
GET,/api/cart/add/anonymous-722/EMM/1,1,0,23616.443248999985,23616.443248999985,23616.443248999985,23616.443248999985,137.0,0.0002758456848840466,0.0,24000,24000,24000,24000,24000,24000,24000,24000,24000,24000,24000
GET,/api/cart/add/anonymous-722/EPE/1,1,1,25232.86602899998,25232.86602899998,25232.86602899998,25232.86602899998,182.0,0.0002758456848840466,0.0002758456848840466,25000,25000,25000,25000,25000,25000,25000,25000,25000,25000,25000
GET,/api/cart/add/anonymous-722/RED/1,1,1,48116.11331900008,48116.11331900008,48116.11331900008,48116.11331900008,182.0,0.0002758456848840466,0.0002758456848840466,48000,48000,48000,48000,48000,48000,48000,48000,48000,48000,48000
GET,/api/cart/add/anonymous-722/UHJ/1,1,0,62572.09501799991,62572.09501799991,62572.09501799991,62572.09501799991,138.0,0.0002758456848840466,0.0,63000,63000,63000,63000,63000,63000,63000,63000,63000,63000,63000
GET,/api/cart/add/anonymous-723/EMM/1,1,1,35056.99388800008,35056.99388800008,35056.99388800008,35056.99388800008,0.0,0.0002758456848840466,0.0002758456848840466,35000,35000,35000,35000,35000,35000,35000,35000,35000,35000,35000
GET,/api/cart/add/anonymous-723/RED/1,1,0,61975.835496999935,61975.835496999935,61975.835496999935,61975.835496999935,132.0,0.0002758456848840466,0.0,62000,62000,62000,62000,62000,62000,62000,62000,62000,62000,62000
GET,/api/cart/add/anonymous-723/UHJ/1,1,1,40310.93524700009,40310.93524700009,40310.93524700009,40310.93524700009,182.0,0.0002758456848840466,0.0002758456848840466,40000,40000,40000,40000,40000,40000,40000,40000,40000,40000,40000
GET,/api/cart/add/anonymous-724/EPE/1,1,0,94720.33617900002,94720.33617900002,94720.33617900002,94720.33617900002,129.0,0.0002758456848840466,0.0,95000,95000,95000,95000,95000,95000,95000,95000,95000,95000,95000
GET,/api/cart/add/anonymous-724/RED/1,1,0,24435.73354299997,24435.73354299997,24435.73354299997,24435.73354299997,196.0,0.0002758456848840466,0.0,24000,24000,24000,24000,24000,24000,24000,24000,24000,24000,24000
GET,/api/cart/add/anonymous-724/STAN-1/1,1,0,661990.569982,661990.569982,661990.569982,661990.569982,111.0,0.0002758456848840466,0.0,662000,662000,662000,662000,662000,662000,662000,662000,662000,662000,662000
GET,/api/cart/add/anonymous-724/Watson/1,1,0,1195.479338000041,1195.479338000041,1195.479338000041,1195.479338000041,200.0,0.0002758456848840466,0.0,1200,1200,1200,1200,1200,1200,1200,1200,1200,1200,1200
GET,/api/cart/add/anonymous-725/SHCE/1,2,0,63000.0,78646.1234455,62572.98103200003,94719.26585899996,124.5,0.0005516913697680932,0.0,95000,95000,95000,95000,95000,95000,95000,95000,95000,95000,95000
GET,/api/cart/add/anonymous-725/UHJ/1,1,0,1179.1597219998948,1179.1597219998948,1179.1597219998948,1179.1597219998948,230.0,0.0002758456848840466,0.0,1200,1200,1200,1200,1200,1200,1200,1200,1200,1200,1200
GET,/api/cart/add/anonymous-726/HPTD/1,1,1,35772.39291399997,35772.39291399997,35772.39291399997,35772.39291399997,182.0,0.0002758456848840466,0.0002758456848840466,36000,36000,36000,36000,36000,36000,36000,36000,36000,36000,36000
GET,/api/cart/add/anonymous-726/STAN-1/1,1,0,19235.014493000108,19235.014493000108,19235.014493000108,19235.014493000108,111.0,0.0002758456848840466,0.0,19000,19000,19000,19000,19000,19000,19000,19000,19000,19000,19000
GET,/api/cart/add/anonymous-726/UHJ/1,2,0,724.0084909999496,31728.132114000004,724.0084909999496,62732.25573700006,138.0,0.0005516913697680932,0.0,63000,63000,63000,63000,63000,63000,63000,63000,63000,63000,63000
GET,/api/cart/add/anonymous-727/RED/1,1,0,62711.10233600007,62711.10233600007,62711.10233600007,62711.10233600007,132.0,0.0002758456848840466,0.0,63000,63000,63000,63000,63000,63000,63000,63000,63000,63000,63000
GET,/api/cart/add/anonymous-727/STAN-1/1,1,0,38175.1609779999,38175.1609779999,38175.1609779999,38175.1609779999,111.0,0.0002758456848840466,0.0,38000,38000,38000,38000,38000,38000,38000,38000,38000,38000,38000
GET,/api/cart/add/anonymous-727/UHJ/1,1,1,60312.81057000001,60312.81057000001,60312.81057000001,60312.81057000001,182.0,0.0002758456848840466,0.0002758456848840466,60000,60000,60000,60000,60000,60000,60000,60000,60000,60000,60000
GET,/api/cart/add/anonymous-727/Watson/1,1,0,61808.530878999816,61808.530878999816,61808.530878999816,61808.530878999816,106.0,0.0002758456848840466,0.0,62000,62000,62000,62000,62000,62000,62000,62000,62000,62000,62000
GET,/api/cart/add/anonymous-728/SHCE/1,2,0,62000.0,766244.1423625,61940.53684200003,1470547.747883,164.0,0.0005516913697680932,0.0,1471000,1471000,1471000,1471000,1471000,1471000,1471000,1471000,1471000,1471000,1471000
GET,/api/cart/add/anonymous-728/STAN-1/1,1,0,23219.3475629997,23219.3475629997,23219.3475629997,23219.3475629997,111.0,0.0002758456848840466,0.0,23000,23000,23000,23000,23000,23000,23000,23000,23000,23000,23000
GET,/api/cart/add/anonymous-728/Watson/1,1,1,89765.78493099987,89765.78493099987,89765.78493099987,89765.78493099987,182.0,0.0002758456848840466,0.0002758456848840466,90000,90000,90000,90000,90000,90000,90000,90000,90000,90000,90000
GET,/api/cart/add/anonymous-729/EPE/1,2,0,48000.0,55221.45270599998,47770.630995999905,62672.27441600005,169.5,0.0005516913697680932,0.0,63000,63000,63000,63000,63000,63000,63000,63000,63000,63000,63000
GET,/api/cart/add/anonymous-729/RED/1,1,0,101134.05434600008,101134.05434600008,101134.05434600008,101134.05434600008,306.0,0.0002758456848840466,0.0,101000,101000,101000,101000,101000,101000,101000,101000,101000,101000,101000
GET,/api/cart/add/anonymous-729/SHCE/1,1,0,38895.03335800009,38895.03335800009,38895.03335800009,38895.03335800009,222.0,0.0002758456848840466,0.0,39000,39000,39000,39000,39000,39000,39000,39000,39000,39000,39000
GET,/api/cart/add/anonymous-73/EMM/1,1,0,83187.43962000008,83187.43962000008,83187.43962000008,83187.43962000008,187.0,0.0002758456848840466,0.0,83000,83000,83000,83000,83000,83000,83000,83000,83000,83000,83000
GET,/api/cart/add/anonymous-73/HPTD/1,1,0,59.0788869999983,59.0788869999983,59.0788869999983,59.0788869999983,199.0,0.0002758456848840466,0.0,59,59,59,59,59,59,59,59,59,59,59
GET,/api/cart/add/anonymous-73/RMC/1,2,0,95,41359.112951500094,94.61659800001598,82623.60930500017,186.5,0.0005516913697680932,0.0,83000,83000,83000,83000,83000,83000,83000,83000,83000,83000,83000
GET,/api/cart/add/anonymous-73/SHCE/1,1,0,45863.636851000134,45863.636851000134,45863.636851000134,45863.636851000134,371.0,0.0002758456848840466,0.0,46000,46000,46000,46000,46000,46000,46000,46000,46000,46000,46000
GET,/api/cart/add/anonymous-73/STAN-1/1,3,0,340.0,17336.839355666692,209.16216000000531,51459.41432900008,167.66666666666666,0.0008275370546521397,0.0,340,340,51000,51000,51000,51000,51000,51000,51000,51000,51000
GET,/api/cart/add/anonymous-730/EMM/1,1,1,40311.817156999954,40311.817156999954,40311.817156999954,40311.817156999954,182.0,0.0002758456848840466,0.0002758456848840466,40000,40000,40000,40000,40000,40000,40000,40000,40000,40000,40000
GET,/api/cart/add/anonymous-730/RMC/1,1,0,21835.54341000013,21835.54341000013,21835.54341000013,21835.54341000013,108.0,0.0002758456848840466,0.0,22000,22000,22000,22000,22000,22000,22000,22000,22000,22000,22000
GET,/api/cart/add/anonymous-730/STAN-1/1,1,0,62520.59807000001,62520.59807000001,62520.59807000001,62520.59807000001,111.0,0.0002758456848840466,0.0,63000,63000,63000,63000,63000,63000,63000,63000,63000,63000,63000
GET,/api/cart/add/anonymous-730/Watson/1,1,1,61178.78597200001,61178.78597200001,61178.78597200001,61178.78597200001,182.0,0.0002758456848840466,0.0002758456848840466,61000,61000,61000,61000,61000,61000,61000,61000,61000,61000,61000
GET,/api/cart/add/anonymous-731/EMM/1,1,0,21842.76230200021,21842.76230200021,21842.76230200021,21842.76230200021,137.0,0.0002758456848840466,0.0,22000,22000,22000,22000,22000,22000,22000,22000,22000,22000,22000
GET,/api/cart/add/anonymous-731/HPTD/1,1,1,61177.12375399992,61177.12375399992,61177.12375399992,61177.12375399992,182.0,0.0002758456848840466,0.0002758456848840466,61000,61000,61000,61000,61000,61000,61000,61000,61000,61000,61000
GET,/api/cart/add/anonymous-731/UHJ/1,1,0,62590.90459200001,62590.90459200001,62590.90459200001,62590.90459200001,138.0,0.0002758456848840466,0.0,63000,63000,63000,63000,63000,63000,63000,63000,63000,63000,63000
GET,/api/cart/add/anonymous-731/Watson/1,1,0,40274.29294100011,40274.29294100011,40274.29294100011,40274.29294100011,209.0,0.0002758456848840466,0.0,40000,40000,40000,40000,40000,40000,40000,40000,40000,40000,40000
GET,/api/cart/add/anonymous-732/EPE/1,1,0,34229.572558999964,34229.572558999964,34229.572558999964,34229.572558999964,217.0,0.0002758456848840466,0.0,34000,34000,34000,34000,34000,34000,34000,34000,34000,34000,34000
GET,/api/cart/add/anonymous-732/HPTD/1,2,0,62000.0,116168.93326900004,61767.64815299998,170570.2183850001,121.0,0.0005516913697680932,0.0,171000,171000,171000,171000,171000,171000,171000,171000,171000,171000,171000
GET,/api/cart/add/anonymous-732/Watson/1,1,0,110903.32669200006,110903.32669200006,110903.32669200006,110903.32669200006,193.0,0.0002758456848840466,0.0,111000,111000,111000,111000,111000,111000,111000,111000,111000,111000,111000
GET,/api/cart/add/anonymous-733/EPE/1,1,0,99138.53193399996,99138.53193399996,99138.53193399996,99138.53193399996,129.0,0.0002758456848840466,0.0,99000,99000,99000,99000,99000,99000,99000,99000,99000,99000,99000
GET,/api/cart/add/anonymous-733/RED/1,1,0,762192.8334790001,762192.8334790001,762192.8334790001,762192.8334790001,132.0,0.0002758456848840466,0.0,762000,762000,762000,762000,762000,762000,762000,762000,762000,762000,762000
GET,/api/cart/add/anonymous-734/EPE/1,3,1,63000.0,577588.9416896667,60313.615779999964,1609720.08916,147.0,0.0008275370546521397,0.0002758456848840466,63000,63000,1610000,1610000,1610000,1610000,1610000,1610000,1610000,1610000,1610000
GET,/api/cart/add/anonymous-735/RMC/1,1,1,76881.58965100002,76881.58965100002,76881.58965100002,76881.58965100002,0.0,0.0002758456848840466,0.0002758456848840466,77000,77000,77000,77000,77000,77000,77000,77000,77000,77000,77000
GET,/api/cart/add/anonymous-735/Watson/1,1,0,63112.414715,63112.414715,63112.414715,63112.414715,106.0,0.0002758456848840466,0.0,63000,63000,63000,63000,63000,63000,63000,63000,63000,63000,63000
GET,/api/cart/add/anonymous-736/RED/1,2,1,105196.78651699997,124951.71192099997,105196.78651699997,144706.63732499996,157.0,0.0005516913697680932,0.0002758456848840466,145000,145000,145000,145000,145000,145000,145000,145000,145000,145000,145000
GET,/api/cart/add/anonymous-736/SHCE/1,1,0,18049.343364999913,18049.343364999913,18049.343364999913,18049.343364999913,225.0,0.0002758456848840466,0.0,18000,18000,18000,18000,18000,18000,18000,18000,18000,18000,18000
GET,/api/cart/add/anonymous-736/Watson/1,1,1,739375.8899510001,739375.8899510001,739375.8899510001,739375.8899510001,182.0,0.0002758456848840466,0.0002758456848840466,739000,739000,739000,739000,739000,739000,739000,739000,739000,739000,739000
GET,/api/cart/add/anonymous-737/EMM/1,1,0,144705.28750199993,144705.28750199993,144705.28750199993,144705.28750199993,137.0,0.0002758456848840466,0.0,145000,145000,145000,145000,145000,145000,145000,145000,145000,145000,145000
GET,/api/cart/add/anonymous-737/HPTD/1,2,0,28000.0,33426.05750699999,27512.673651000114,39339.441362999874,172.0,0.0005516913697680932,0.0,39000,39000,39000,39000,39000,39000,39000,39000,39000,39000,39000
GET,/api/cart/add/anonymous-737/RED/1,1,0,62571.3544859999,62571.3544859999,62571.3544859999,62571.3544859999,132.0,0.0002758456848840466,0.0,63000,63000,63000,63000,63000,63000,63000,63000,63000,63000,63000
GET,/api/cart/add/anonymous-738/HPTD/1,1,0,41468.81627700031,41468.81627700031,41468.81627700031,41468.81627700031,121.0,0.0002758456848840466,0.0,41000,41000,41000,41000,41000,41000,41000,41000,41000,41000,41000
GET,/api/cart/add/anonymous-738/SHCE/1,1,0,783.1033630000093,783.1033630000093,783.1033630000093,783.1033630000093,274.0,0.0002758456848840466,0.0,780,780,780,780,780,780,780,780,780,780,780
GET,/api/cart/add/anonymous-738/STAN-1/1,1,0,26096.100015999808,26096.100015999808,26096.100015999808,26096.100015999808,182.0,0.0002758456848840466,0.0,26000,26000,26000,26000,26000,26000,26000,26000,26000,26000,26000
GET,/api/cart/add/anonymous-738/Watson/1,1,0,63112.14180000002,63112.14180000002,63112.14180000002,63112.14180000002,106.0,0.0002758456848840466,0.0,63000,63000,63000,63000,63000,63000,63000,63000,63000,63000,63000
GET,/api/cart/add/anonymous-739/EPE/1,1,0,26097.763241000168,26097.763241000168,26097.763241000168,26097.763241000168,129.0,0.0002758456848840466,0.0,26000,26000,26000,26000,26000,26000,26000,26000,26000,26000,26000
GET,/api/cart/add/anonymous-739/RMC/1,1,0,23616.372049000347,23616.372049000347,23616.372049000347,23616.372049000347,273.0,0.0002758456848840466,0.0,24000,24000,24000,24000,24000,24000,24000,24000,24000,24000,24000
GET,/api/cart/add/anonymous-739/STAN-1/1,2,0,17284.201398999812,39932.73746049988,17284.201398999812,62581.273521999945,145.0,0.0005516913697680932,0.0,63000,63000,63000,63000,63000,63000,63000,63000,63000,63000,63000
GET,/api/cart/add/anonymous-74/RED/1,2,0,124.21839199998885,181.2542720000181,124.21839199998885,238.29015200004733,133.0,0.0005516913697680932,0.0,240,240,240,240,240,240,240,240,240,240,240
GET,/api/cart/add/anonymous-74/SHCE/1,2,0,38,25753.377130000103,37.81511900001533,51468.93914100019,273.0,0.0005516913697680932,0.0,51000,51000,51000,51000,51000,51000,51000,51000,51000,51000,51000
GET,/api/cart/add/anonymous-74/UHJ/1,2,0,57.11048000000574,41621.12348650015,57.11048000000574,83185.1364930003,181.0,0.0005516913697680932,0.0,83000,83000,83000,83000,83000,83000,83000,83000,83000,83000,83000
GET,/api/cart/add/anonymous-740/EPE/1,2,0,28000.0,38505.76977650008,27523.17317500001,49488.36637800014,165.0,0.0005516913697680932,0.0,49000,49000,49000,49000,49000,49000,49000,49000,49000,49000,49000
GET,/api/cart/add/anonymous-740/RED/1,1,0,932.1583120004107,932.1583120004107,932.1583120004107,932.1583120004107,132.0,0.0002758456848840466,0.0,930,930,930,930,930,930,930,930,930,930,930
GET,/api/cart/add/anonymous-740/STAN-1/1,1,0,62752.17438499999,62752.17438499999,62752.17438499999,62752.17438499999,111.0,0.0002758456848840466,0.0,63000,63000,63000,63000,63000,63000,63000,63000,63000,63000,63000
GET,/api/cart/add/anonymous-741/UHJ/1,1,0,61948.67422300001,61948.67422300001,61948.67422300001,61948.67422300001,138.0,0.0002758456848840466,0.0,62000,62000,62000,62000,62000,62000,62000,62000,62000,62000,62000
GET,/api/cart/add/anonymous-741/Watson/1,1,0,54059.80842700001,54059.80842700001,54059.80842700001,54059.80842700001,106.0,0.0002758456848840466,0.0,54000,54000,54000,54000,54000,54000,54000,54000,54000,54000,54000
GET,/api/cart/add/anonymous-742/EMM/1,1,1,739363.3900540001,739363.3900540001,739363.3900540001,739363.3900540001,182.0,0.0002758456848840466,0.0002758456848840466,739000,739000,739000,739000,739000,739000,739000,739000,739000,739000,739000
GET,/api/cart/add/anonymous-742/RMC/1,1,0,94000.12588300002,94000.12588300002,94000.12588300002,94000.12588300002,108.0,0.0002758456848840466,0.0,94000,94000,94000,94000,94000,94000,94000,94000,94000,94000,94000
GET,/api/cart/add/anonymous-742/SHCE/1,1,0,27428.90289199977,27428.90289199977,27428.90289199977,27428.90289199977,124.0,0.0002758456848840466,0.0,27000,27000,27000,27000,27000,27000,27000,27000,27000,27000,27000
GET,/api/cart/add/anonymous-743/EPE/1,1,0,47812.325382999916,47812.325382999916,47812.325382999916,47812.325382999916,129.0,0.0002758456848840466,0.0,48000,48000,48000,48000,48000,48000,48000,48000,48000,48000,48000
GET,/api/cart/add/anonymous-743/SHCE/1,1,0,61937.37297899998,61937.37297899998,61937.37297899998,61937.37297899998,124.0,0.0002758456848840466,0.0,62000,62000,62000,62000,62000,62000,62000,62000,62000,62000,62000
GET,/api/cart/add/anonymous-744/EMM/1,2,0,580.0,991.7283385000246,579.7682600000371,1403.6884170000121,137.0,0.0005516913697680932,0.0,1400,1400,1400,1400,1400,1400,1400,1400,1400,1400,1400
GET,/api/cart/add/anonymous-744/EPE/1,1,1,740612.6361059999,740612.6361059999,740612.6361059999,740612.6361059999,182.0,0.0002758456848840466,0.0002758456848840466,741000,741000,741000,741000,741000,741000,741000,741000,741000,741000,741000
GET,/api/cart/add/anonymous-744/STAN-1/1,1,1,38055.708482,38055.708482,38055.708482,38055.708482,182.0,0.0002758456848840466,0.0002758456848840466,38000,38000,38000,38000,38000,38000,38000,38000,38000,38000,38000
GET,/api/cart/add/anonymous-745/RED/1,1,0,1628930.332901,1628930.332901,1628930.332901,1628930.332901,209.0,0.0002758456848840466,0.0,1629000,1629000,1629000,1629000,1629000,1629000,1629000,1629000,1629000,1629000,1629000
GET,/api/cart/add/anonymous-745/UHJ/1,1,0,750031.4161779999,750031.4161779999,750031.4161779999,750031.4161779999,138.0,0.0002758456848840466,0.0,750000,750000,750000,750000,750000,750000,750000,750000,750000,750000,750000
GET,/api/cart/add/anonymous-746/EMM/1,1,1,66922.86871400029,66922.86871400029,66922.86871400029,66922.86871400029,0.0,0.0002758456848840466,0.0002758456848840466,67000,67000,67000,67000,67000,67000,67000,67000,67000,67000,67000
GET,/api/cart/add/anonymous-746/RMC/1,2,0,24232.570202999796,353991.7715939998,24232.570202999796,683750.9729849999,108.5,0.0005516913697680932,0.0,684000,684000,684000,684000,684000,684000,684000,684000,684000,684000,684000
GET,/api/cart/add/anonymous-747/EPE/1,1,0,69325.7206369999,69325.7206369999,69325.7206369999,69325.7206369999,288.0,0.0002758456848840466,0.0,69000,69000,69000,69000,69000,69000,69000,69000,69000,69000,69000
GET,/api/cart/add/anonymous-747/HPTD/1,1,0,23211.234736999813,23211.234736999813,23211.234736999813,23211.234736999813,219.0,0.0002758456848840466,0.0,23000,23000,23000,23000,23000,23000,23000,23000,23000,23000,23000
GET,/api/cart/add/anonymous-747/RED/1,1,0,61975.43498099992,61975.43498099992,61975.43498099992,61975.43498099992,132.0,0.0002758456848840466,0.0,62000,62000,62000,62000,62000,62000,62000,62000,62000,62000,62000
GET,/api/cart/add/anonymous-747/RMC/1,1,0,54050.58141399968,54050.58141399968,54050.58141399968,54050.58141399968,108.0,0.0002758456848840466,0.0,54000,54000,54000,54000,54000,54000,54000,54000,54000,54000,54000
GET,/api/cart/add/anonymous-748/HPTD/1,2,0,56011.02965300015,58975.16188900005,56011.02965300015,61939.29412499995,170.0,0.0005516913697680932,0.0,62000,62000,62000,62000,62000,62000,62000,62000,62000,62000,62000
GET,/api/cart/add/anonymous-748/RED/1,2,0,28164.696884000023,69335.22322700002,28164.696884000023,110505.74957000003,132.0,0.0005516913697680932,0.0,111000,111000,111000,111000,111000,111000,111000,111000,111000,111000,111000
GET,/api/cart/add/anonymous-749/EMM/1,1,0,1564493.0322980003,1564493.0322980003,1564493.0322980003,1564493.0322980003,206.0,0.0002758456848840466,0.0,1564000,1564000,1564000,1564000,1564000,1564000,1564000,1564000,1564000,1564000,1564000
GET,/api/cart/add/anonymous-749/UHJ/1,1,0,56033.35460500012,56033.35460500012,56033.35460500012,56033.35460500012,285.0,0.0002758456848840466,0.0,56000,56000,56000,56000,56000,56000,56000,56000,56000,56000,56000
GET,/api/cart/add/anonymous-749/Watson/1,2,0,40266.030549000105,51318.45683150004,40266.030549000105,62370.88311399998,105.0,0.0005516913697680932,0.0,62000,62000,62000,62000,62000,62000,62000,62000,62000,62000,62000
GET,/api/cart/add/anonymous-75/EMM/1,1,0,51296.70889999988,51296.70889999988,51296.70889999988,51296.70889999988,293.0,0.0002758456848840466,0.0,51000,51000,51000,51000,51000,51000,51000,51000,51000,51000,51000
GET,/api/cart/add/anonymous-75/HPTD/1,2,0,59.315887000025214,143.98700399999598,59.315887000025214,228.65812099996674,157.0,0.0005516913697680932,0.0,230,230,230,230,230,230,230,230,230,230,230
GET,/api/cart/add/anonymous-75/RMC/1,1,0,121885.88103299981,121885.88103299981,121885.88103299981,121885.88103299981,108.0,0.0002758456848840466,0.0,122000,122000,122000,122000,122000,122000,122000,122000,122000,122000,122000
GET,/api/cart/add/anonymous-75/STAN-1/1,1,0,78.03974600000174,78.03974600000174,78.03974600000174,78.03974600000174,200.0,0.0002758456848840466,0.0,78,78,78,78,78,78,78,78,78,78,78
GET,/api/cart/add/anonymous-75/Watson/1,1,0,363.2575459999998,363.2575459999998,363.2575459999998,363.2575459999998,106.0,0.0002758456848840466,0.0,360,360,360,360,360,360,360,360,360,360,360
GET,/api/cart/add/anonymous-750/EMM/1,1,0,61986.38628499998,61986.38628499998,61986.38628499998,61986.38628499998,137.0,0.0002758456848840466,0.0,62000,62000,62000,62000,62000,62000,62000,62000,62000,62000,62000
GET,/api/cart/add/anonymous-750/EPE/1,1,0,72756.2139910001,72756.2139910001,72756.2139910001,72756.2139910001,214.0,0.0002758456848840466,0.0,73000,73000,73000,73000,73000,73000,73000,73000,73000,73000,73000
GET,/api/cart/add/anonymous-750/RED/1,1,0,54049.72050299966,54049.72050299966,54049.72050299966,54049.72050299966,132.0,0.0002758456848840466,0.0,54000,54000,54000,54000,54000,54000,54000,54000,54000,54000,54000
GET,/api/cart/add/anonymous-751/EPE/1,1,0,105344.71435200021,105344.71435200021,105344.71435200021,105344.71435200021,179.0,0.0002758456848840466,0.0,105000,105000,105000,105000,105000,105000,105000,105000,105000,105000,105000
GET,/api/cart/add/anonymous-751/STAN-1/1,1,0,50140.11827700006,50140.11827700006,50140.11827700006,50140.11827700006,111.0,0.0002758456848840466,0.0,50000,50000,50000,50000,50000,50000,50000,50000,50000,50000,50000
GET,/api/cart/add/anonymous-751/UHJ/1,1,0,62572.006431999966,62572.006431999966,62572.006431999966,62572.006431999966,138.0,0.0002758456848840466,0.0,63000,63000,63000,63000,63000,63000,63000,63000,63000,63000,63000
GET,/api/cart/add/anonymous-752/EPE/1,1,0,101483.37598299998,101483.37598299998,101483.37598299998,101483.37598299998,129.0,0.0002758456848840466,0.0,101000,101000,101000,101000,101000,101000,101000,101000,101000,101000,101000
GET,/api/cart/add/anonymous-752/SHCE/1,1,0,50109.85726299987,50109.85726299987,50109.85726299987,50109.85726299987,124.0,0.0002758456848840466,0.0,50000,50000,50000,50000,50000,50000,50000,50000,50000,50000,50000
GET,/api/cart/add/anonymous-752/Watson/1,2,0,26489.13062499969,41500.32108499977,26489.13062499969,56511.51154499985,152.0,0.0005516913697680932,0.0,57000,57000,57000,57000,57000,57000,57000,57000,57000,57000,57000
GET,/api/cart/add/anonymous-753/SHCE/1,2,0,22094.817785000032,61809.89000850002,22094.817785000032,101524.962232,124.0,0.0005516913697680932,0.0,102000,102000,102000,102000,102000,102000,102000,102000,102000,102000,102000
GET,/api/cart/add/anonymous-754/HPTD/1,1,0,54973.5303550001,54973.5303550001,54973.5303550001,54973.5303550001,200.0,0.0002758456848840466,0.0,55000,55000,55000,55000,55000,55000,55000,55000,55000,55000,55000
GET,/api/cart/add/anonymous-754/RED/1,1,1,65398.29674900011,65398.29674900011,65398.29674900011,65398.29674900011,182.0,0.0002758456848840466,0.0002758456848840466,65000,65000,65000,65000,65000,65000,65000,65000,65000,65000,65000
GET,/api/cart/add/anonymous-754/SHCE/1,1,0,101745.72865200014,101745.72865200014,101745.72865200014,101745.72865200014,124.0,0.0002758456848840466,0.0,102000,102000,102000,102000,102000,102000,102000,102000,102000,102000,102000
GET,/api/cart/add/anonymous-754/STAN-1/1,1,0,25274.578806000136,25274.578806000136,25274.578806000136,25274.578806000136,111.0,0.0002758456848840466,0.0,25000,25000,25000,25000,25000,25000,25000,25000,25000,25000,25000
GET,/api/cart/add/anonymous-755/HPTD/1,1,0,101630.87887799997,101630.87887799997,101630.87887799997,101630.87887799997,121.0,0.0002758456848840466,0.0,102000,102000,102000,102000,102000,102000,102000,102000,102000,102000,102000
GET,/api/cart/add/anonymous-755/RMC/1,1,0,18625.87670699986,18625.87670699986,18625.87670699986,18625.87670699986,108.0,0.0002758456848840466,0.0,19000,19000,19000,19000,19000,19000,19000,19000,19000,19000,19000
GET,/api/cart/add/anonymous-756/EPE/1,1,0,25619.640912000024,25619.640912000024,25619.640912000024,25619.640912000024,129.0,0.0002758456848840466,0.0,26000,26000,26000,26000,26000,26000,26000,26000,26000,26000,26000
GET,/api/cart/add/anonymous-756/STAN-1/1,1,0,24921.503304999987,24921.503304999987,24921.503304999987,24921.503304999987,111.0,0.0002758456848840466,0.0,25000,25000,25000,25000,25000,25000,25000,25000,25000,25000,25000
GET,/api/cart/add/anonymous-756/UHJ/1,1,0,40106.81439400014,40106.81439400014,40106.81439400014,40106.81439400014,209.0,0.0002758456848840466,0.0,40000,40000,40000,40000,40000,40000,40000,40000,40000,40000,40000
GET,/api/cart/add/anonymous-756/Watson/1,1,0,101352.8533939999,101352.8533939999,101352.8533939999,101352.8533939999,106.0,0.0002758456848840466,0.0,101000,101000,101000,101000,101000,101000,101000,101000,101000,101000,101000
GET,/api/cart/add/anonymous-757/STAN-1/1,2,1,41161.90847500002,71293.94830499997,41161.90847500002,101425.9881349999,146.5,0.0005516913697680932,0.0002758456848840466,101000,101000,101000,101000,101000,101000,101000,101000,101000,101000,101000
GET,/api/cart/add/anonymous-757/UHJ/1,1,0,74625.24568499999,74625.24568499999,74625.24568499999,74625.24568499999,209.0,0.0002758456848840466,0.0,75000,75000,75000,75000,75000,75000,75000,75000,75000,75000,75000
GET,/api/cart/add/anonymous-757/Watson/1,1,0,25688.9346370001,25688.9346370001,25688.9346370001,25688.9346370001,106.0,0.0002758456848840466,0.0,26000,26000,26000,26000,26000,26000,26000,26000,26000,26000,26000
GET,/api/cart/add/anonymous-758/EPE/1,1,0,22548.647948000053,22548.647948000053,22548.647948000053,22548.647948000053,129.0,0.0002758456848840466,0.0,23000,23000,23000,23000,23000,23000,23000,23000,23000,23000,23000
GET,/api/cart/add/anonymous-758/RMC/1,1,0,23318.507264000345,23318.507264000345,23318.507264000345,23318.507264000345,184.0,0.0002758456848840466,0.0,23000,23000,23000,23000,23000,23000,23000,23000,23000,23000,23000
GET,/api/cart/add/anonymous-758/Watson/1,1,0,1324584.459941,1324584.459941,1324584.459941,1324584.459941,106.0,0.0002758456848840466,0.0,1325000,1325000,1325000,1325000,1325000,1325000,1325000,1325000,1325000,1325000,1325000
GET,/api/cart/add/anonymous-759/HPTD/1,1,0,83518.12562200007,83518.12562200007,83518.12562200007,83518.12562200007,121.0,0.0002758456848840466,0.0,84000,84000,84000,84000,84000,84000,84000,84000,84000,84000,84000
GET,/api/cart/add/anonymous-759/UHJ/1,1,0,1610209.3055369998,1610209.3055369998,1610209.3055369998,1610209.3055369998,226.0,0.0002758456848840466,0.0,1610000,1610000,1610000,1610000,1610000,1610000,1610000,1610000,1610000,1610000,1610000
GET,/api/cart/add/anonymous-76/EPE/1,1,0,23.900674999993043,23.900674999993043,23.900674999993043,23.900674999993043,129.0,0.0002758456848840466,0.0,24,24,24,24,24,24,24,24,24,24,24
GET,/api/cart/add/anonymous-76/HPTD/1,1,0,161.12420799998972,161.12420799998972,161.12420799998972,161.12420799998972,200.0,0.0002758456848840466,0.0,160,160,160,160,160,160,160,160,160,160,160
GET,/api/cart/add/anonymous-76/STAN-1/1,1,0,236.30704599997898,236.30704599997898,236.30704599997898,236.30704599997898,111.0,0.0002758456848840466,0.0,240,240,240,240,240,240,240,240,240,240,240
GET,/api/cart/add/anonymous-76/UHJ/1,1,0,42.11583199997904,42.11583199997904,42.11583199997904,42.11583199997904,220.0,0.0002758456848840466,0.0,42,42,42,42,42,42,42,42,42,42,42
GET,/api/cart/add/anonymous-760/EMM/1,1,0,1323381.331921,1323381.331921,1323381.331921,1323381.331921,137.0,0.0002758456848840466,0.0,1323000,1323000,1323000,1323000,1323000,1323000,1323000,1323000,1323000,1323000,1323000
GET,/api/cart/add/anonymous-760/Watson/1,1,0,30261.95068800007,30261.95068800007,30261.95068800007,30261.95068800007,206.0,0.0002758456848840466,0.0,30000,30000,30000,30000,30000,30000,30000,30000,30000,30000,30000
GET,/api/cart/add/anonymous-761/EPE/1,1,0,1565536.875361,1565536.875361,1565536.875361,1565536.875361,129.0,0.0002758456848840466,0.0,1566000,1566000,1566000,1566000,1566000,1566000,1566000,1566000,1566000,1566000,1566000
GET,/api/cart/add/anonymous-761/HPTD/1,1,1,1179285.096704,1179285.096704,1179285.096704,1179285.096704,182.0,0.0002758456848840466,0.0002758456848840466,1179000,1179000,1179000,1179000,1179000,1179000,1179000,1179000,1179000,1179000,1179000
GET,/api/cart/add/anonymous-761/RMC/1,1,0,875.6503530003101,875.6503530003101,875.6503530003101,875.6503530003101,108.0,0.0002758456848840466,0.0,880,880,880,880,880,880,880,880,880,880,880
GET,/api/cart/add/anonymous-761/SHCE/1,1,0,49436.30470900007,49436.30470900007,49436.30470900007,49436.30470900007,202.0,0.0002758456848840466,0.0,49000,49000,49000,49000,49000,49000,49000,49000,49000,49000,49000
GET,/api/cart/add/anonymous-762/EMM/1,1,1,82693.17269699991,82693.17269699991,82693.17269699991,82693.17269699991,182.0,0.0002758456848840466,0.0002758456848840466,83000,83000,83000,83000,83000,83000,83000,83000,83000,83000,83000
GET,/api/cart/add/anonymous-762/EPE/1,1,0,51099.757007000335,51099.757007000335,51099.757007000335,51099.757007000335,129.0,0.0002758456848840466,0.0,51000,51000,51000,51000,51000,51000,51000,51000,51000,51000,51000
GET,/api/cart/add/anonymous-763/EPE/1,1,0,70012.51885500006,70012.51885500006,70012.51885500006,70012.51885500006,129.0,0.0002758456848840466,0.0,70000,70000,70000,70000,70000,70000,70000,70000,70000,70000,70000
GET,/api/cart/add/anonymous-763/HPTD/1,1,0,49415.02442699994,49415.02442699994,49415.02442699994,49415.02442699994,121.0,0.0002758456848840466,0.0,49000,49000,49000,49000,49000,49000,49000,49000,49000,49000,49000
GET,/api/cart/add/anonymous-763/UHJ/1,1,0,1609232.150682,1609232.150682,1609232.150682,1609232.150682,209.0,0.0002758456848840466,0.0,1609000,1609000,1609000,1609000,1609000,1609000,1609000,1609000,1609000,1609000,1609000
GET,/api/cart/add/anonymous-763/Watson/1,1,0,101373.01989899993,101373.01989899993,101373.01989899993,101373.01989899993,106.0,0.0002758456848840466,0.0,101000,101000,101000,101000,101000,101000,101000,101000,101000,101000,101000
GET,/api/cart/add/anonymous-764/RED/1,2,0,54130.88961000039,77831.71080400023,54130.88961000039,101532.53199800008,206.0,0.0005516913697680932,0.0,102000,102000,102000,102000,102000,102000,102000,102000,102000,102000,102000
GET,/api/cart/add/anonymous-764/RMC/1,1,0,58794.27718599982,58794.27718599982,58794.27718599982,58794.27718599982,280.0,0.0002758456848840466,0.0,59000,59000,59000,59000,59000,59000,59000,59000,59000,59000,59000
GET,/api/cart/add/anonymous-764/Watson/1,1,0,26222.918462000052,26222.918462000052,26222.918462000052,26222.918462000052,202.0,0.0002758456848840466,0.0,26000,26000,26000,26000,26000,26000,26000,26000,26000,26000,26000
GET,/api/cart/add/anonymous-765/Watson/1,2,0,64097.32626999994,82703.95793199992,64097.32626999994,101310.5895939999,106.0,0.0005516913697680932,0.0,101000,101000,101000,101000,101000,101000,101000,101000,101000,101000,101000
GET,/api/cart/add/anonymous-766/RMC/1,1,1,61978.68708500005,61978.68708500005,61978.68708500005,61978.68708500005,182.0,0.0002758456848840466,0.0002758456848840466,62000,62000,62000,62000,62000,62000,62000,62000,62000,62000,62000
GET,/api/cart/add/anonymous-766/SHCE/1,1,0,101425.92384200009,101425.92384200009,101425.92384200009,101425.92384200009,124.0,0.0002758456848840466,0.0,101000,101000,101000,101000,101000,101000,101000,101000,101000,101000,101000
GET,/api/cart/add/anonymous-767/SHCE/1,1,0,861.9257149998703,861.9257149998703,861.9257149998703,861.9257149998703,124.0,0.0002758456848840466,0.0,860,860,860,860,860,860,860,860,860,860,860
GET,/api/cart/add/anonymous-767/UHJ/1,2,1,89477.44222200004,95424.47006099997,89477.44222200004,101371.4978999999,69.0,0.0005516913697680932,0.0002758456848840466,101000,101000,101000,101000,101000,101000,101000,101000,101000,101000,101000
GET,/api/cart/add/anonymous-767/Watson/1,1,0,1634352.4066219998,1634352.4066219998,1634352.4066219998,1634352.4066219998,106.0,0.0002758456848840466,0.0,1634000,1634000,1634000,1634000,1634000,1634000,1634000,1634000,1634000,1634000,1634000
GET,/api/cart/add/anonymous-768/EPE/1,1,0,83225.29063900014,83225.29063900014,83225.29063900014,83225.29063900014,129.0,0.0002758456848840466,0.0,83000,83000,83000,83000,83000,83000,83000,83000,83000,83000,83000
GET,/api/cart/add/anonymous-768/RED/1,2,1,41173.38382899971,58011.43325899989,41173.38382899971,74849.48268900007,66.0,0.0005516913697680932,0.0002758456848840466,75000,75000,75000,75000,75000,75000,75000,75000,75000,75000,75000
GET,/api/cart/add/anonymous-768/SHCE/1,1,0,74686.71821599992,74686.71821599992,74686.71821599992,74686.71821599992,222.0,0.0002758456848840466,0.0,75000,75000,75000,75000,75000,75000,75000,75000,75000,75000,75000
GET,/api/cart/add/anonymous-769/EMM/1,3,0,101000.0,591530.6179046667,41091.60498900019,1632066.822987,167.66666666666666,0.0008275370546521397,0.0,101000,101000,1632000,1632000,1632000,1632000,1632000,1632000,1632000,1632000,1632000
GET,/api/cart/add/anonymous-769/SHCE/1,1,0,46627.045457999884,46627.045457999884,46627.045457999884,46627.045457999884,124.0,0.0002758456848840466,0.0,47000,47000,47000,47000,47000,47000,47000,47000,47000,47000,47000
GET,/api/cart/add/anonymous-77/EMM/1,1,0,83.04726199997958,83.04726199997958,83.04726199997958,83.04726199997958,137.0,0.0002758456848840466,0.0,83,83,83,83,83,83,83,83,83,83,83
GET,/api/cart/add/anonymous-77/HPTD/1,3,0,81,69.81725366665614,24.926878999963265,103.69122700001299,155.0,0.0008275370546521397,0.0,81,81,100,100,100,100,100,100,100,100,100
GET,/api/cart/add/anonymous-770/EMM/1,2,0,25000.0,50259.923521000244,24784.9075070003,75734.93953500019,129.5,0.0005516913697680932,0.0,76000,76000,76000,76000,76000,76000,76000,76000,76000,76000,76000
GET,/api/cart/add/anonymous-770/EPE/1,1,0,48694.23975400014,48694.23975400014,48694.23975400014,48694.23975400014,307.0,0.0002758456848840466,0.0,49000,49000,49000,49000,49000,49000,49000,49000,49000,49000,49000
GET,/api/cart/add/anonymous-770/RED/1,1,0,101523.89493700002,101523.89493700002,101523.89493700002,101523.89493700002,132.0,0.0002758456848840466,0.0,102000,102000,102000,102000,102000,102000,102000,102000,102000,102000,102000
GET,/api/cart/add/anonymous-771/RMC/1,1,0,26087.285084000086,26087.285084000086,26087.285084000086,26087.285084000086,108.0,0.0002758456848840466,0.0,26000,26000,26000,26000,26000,26000,26000,26000,26000,26000,26000
GET,/api/cart/add/anonymous-771/Watson/1,1,0,101484.37261600008,101484.37261600008,101484.37261600008,101484.37261600008,106.0,0.0002758456848840466,0.0,101000,101000,101000,101000,101000,101000,101000,101000,101000,101000,101000
GET,/api/cart/add/anonymous-772/Watson/1,2,1,44000.0,75192.7409965,43834.76840599997,106550.71358700002,144.0,0.0005516913697680932,0.0002758456848840466,107000,107000,107000,107000,107000,107000,107000,107000,107000,107000,107000
GET,/api/cart/add/anonymous-773/HPTD/1,1,0,17166.402440999947,17166.402440999947,17166.402440999947,17166.402440999947,121.0,0.0002758456848840466,0.0,17000,17000,17000,17000,17000,17000,17000,17000,17000,17000,17000
GET,/api/cart/add/anonymous-773/STAN-1/1,1,1,2243.336703000068,2243.336703000068,2243.336703000068,2243.336703000068,182.0,0.0002758456848840466,0.0002758456848840466,2200,2200,2200,2200,2200,2200,2200,2200,2200,2200,2200
GET,/api/cart/add/anonymous-773/UHJ/1,2,1,17176.296372000026,32970.53933000018,17176.296372000026,48764.78228800034,69.0,0.0005516913697680932,0.0002758456848840466,49000,49000,49000,49000,49000,49000,49000,49000,49000,49000,49000
GET,/api/cart/add/anonymous-774/EMM/1,1,0,22682.64172499994,22682.64172499994,22682.64172499994,22682.64172499994,214.0,0.0002758456848840466,0.0,23000,23000,23000,23000,23000,23000,23000,23000,23000,23000,23000
GET,/api/cart/add/anonymous-774/UHJ/1,1,0,660275.199507,660275.199507,660275.199507,660275.199507,138.0,0.0002758456848840466,0.0,660000,660000,660000,660000,660000,660000,660000,660000,660000,660000,660000
GET,/api/cart/add/anonymous-774/Watson/1,2,0,47342.72106799972,50436.96255949976,47342.72106799972,53531.204050999804,105.0,0.0005516913697680932,0.0,54000,54000,54000,54000,54000,54000,54000,54000,54000,54000,54000
GET,/api/cart/add/anonymous-775/EMM/1,1,1,20332.416348999912,20332.416348999912,20332.416348999912,20332.416348999912,182.0,0.0002758456848840466,0.0002758456848840466,20000,20000,20000,20000,20000,20000,20000,20000,20000,20000,20000
GET,/api/cart/add/anonymous-775/STAN-1/1,2,1,28236.88860400034,345114.15295050014,28236.88860400034,661991.417297,146.5,0.0005516913697680932,0.0002758456848840466,662000,662000,662000,662000,662000,662000,662000,662000,662000,662000,662000
GET,/api/cart/add/anonymous-775/Watson/1,1,0,43532.03567999981,43532.03567999981,43532.03567999981,43532.03567999981,182.0,0.0002758456848840466,0.0,44000,44000,44000,44000,44000,44000,44000,44000,44000,44000,44000
GET,/api/cart/add/anonymous-776/EMM/1,1,0,22697.66460799974,22697.66460799974,22697.66460799974,22697.66460799974,201.0,0.0002758456848840466,0.0,23000,23000,23000,23000,23000,23000,23000,23000,23000,23000,23000
GET,/api/cart/add/anonymous-776/STAN-1/1,2,1,48184.55400499988,52132.714179999995,48184.55400499988,56080.87435500011,146.5,0.0005516913697680932,0.0002758456848840466,56000,56000,56000,56000,56000,56000,56000,56000,56000,56000,56000
GET,/api/cart/add/anonymous-776/UHJ/1,1,0,48136.99161700015,48136.99161700015,48136.99161700015,48136.99161700015,292.0,0.0002758456848840466,0.0,48000,48000,48000,48000,48000,48000,48000,48000,48000,48000,48000
GET,/api/cart/add/anonymous-777/EMM/1,1,0,151107.35264099957,151107.35264099957,151107.35264099957,151107.35264099957,137.0,0.0002758456848840466,0.0,151000,151000,151000,151000,151000,151000,151000,151000,151000,151000,151000
GET,/api/cart/add/anonymous-777/SHCE/1,1,1,740599.996899,740599.996899,740599.996899,740599.996899,182.0,0.0002758456848840466,0.0002758456848840466,741000,741000,741000,741000,741000,741000,741000,741000,741000,741000,741000
GET,/api/cart/add/anonymous-777/UHJ/1,1,1,106162.22571699995,106162.22571699995,106162.22571699995,106162.22571699995,182.0,0.0002758456848840466,0.0002758456848840466,106000,106000,106000,106000,106000,106000,106000,106000,106000,106000,106000
GET,/api/cart/add/anonymous-777/Watson/1,1,0,22895.160087000022,22895.160087000022,22895.160087000022,22895.160087000022,106.0,0.0002758456848840466,0.0,23000,23000,23000,23000,23000,23000,23000,23000,23000,23000,23000
GET,/api/cart/add/anonymous-778/HPTD/1,1,0,41705.921415000375,41705.921415000375,41705.921415000375,41705.921415000375,121.0,0.0002758456848840466,0.0,42000,42000,42000,42000,42000,42000,42000,42000,42000,42000,42000
GET,/api/cart/add/anonymous-778/RED/1,1,0,61124.94701700007,61124.94701700007,61124.94701700007,61124.94701700007,132.0,0.0002758456848840466,0.0,61000,61000,61000,61000,61000,61000,61000,61000,61000,61000,61000
GET,/api/cart/add/anonymous-778/Watson/1,1,0,45240.92492799991,45240.92492799991,45240.92492799991,45240.92492799991,193.0,0.0002758456848840466,0.0,45000,45000,45000,45000,45000,45000,45000,45000,45000,45000,45000
GET,/api/cart/add/anonymous-779/EMM/1,1,0,81919.74500000014,81919.74500000014,81919.74500000014,81919.74500000014,306.0,0.0002758456848840466,0.0,82000,82000,82000,82000,82000,82000,82000,82000,82000,82000,82000
GET,/api/cart/add/anonymous-779/EPE/1,1,0,88327.61957499998,88327.61957499998,88327.61957499998,88327.61957499998,400.0,0.0002758456848840466,0.0,88000,88000,88000,88000,88000,88000,88000,88000,88000,88000,88000
GET,/api/cart/add/anonymous-779/SHCE/1,1,0,21853.167560999966,21853.167560999966,21853.167560999966,21853.167560999966,124.0,0.0002758456848840466,0.0,22000,22000,22000,22000,22000,22000,22000,22000,22000,22000,22000
GET,/api/cart/add/anonymous-779/UHJ/1,1,0,21303.87151700006,21303.87151700006,21303.87151700006,21303.87151700006,230.0,0.0002758456848840466,0.0,21000,21000,21000,21000,21000,21000,21000,21000,21000,21000,21000
GET,/api/cart/add/anonymous-78/EPE/1,1,0,121.25938299999461,121.25938299999461,121.25938299999461,121.25938299999461,129.0,0.0002758456848840466,0.0,120,120,120,120,120,120,120,120,120,120,120
GET,/api/cart/add/anonymous-78/HPTD/1,2,0,99.20391299999665,26172.57085299997,99.20391299999665,52245.93779299994,202.5,0.0005516913697680932,0.0,52000,52000,52000,52000,52000,52000,52000,52000,52000,52000,52000
GET,/api/cart/add/anonymous-78/RMC/1,1,0,93.5078950000161,93.5078950000161,93.5078950000161,93.5078950000161,207.0,0.0002758456848840466,0.0,94,94,94,94,94,94,94,94,94,94,94
GET,/api/cart/add/anonymous-78/SHCE/1,2,0,981.1253269999725,70387.76787200005,981.1253269999725,139794.41041700012,203.5,0.0005516913697680932,0.0,140000,140000,140000,140000,140000,140000,140000,140000,140000,140000,140000
GET,/api/cart/add/anonymous-78/Watson/1,2,0,24.344376000044576,15502.94056749999,24.344376000044576,30981.536758999937,195.5,0.0005516913697680932,0.0,31000,31000,31000,31000,31000,31000,31000,31000,31000,31000,31000
GET,/api/cart/add/anonymous-780/HPTD/1,1,0,762190.5885369999,762190.5885369999,762190.5885369999,762190.5885369999,121.0,0.0002758456848840466,0.0,762000,762000,762000,762000,762000,762000,762000,762000,762000,762000,762000
GET,/api/cart/add/anonymous-780/RMC/1,1,1,99129.17793799989,99129.17793799989,99129.17793799989,99129.17793799989,182.0,0.0002758456848840466,0.0002758456848840466,99000,99000,99000,99000,99000,99000,99000,99000,99000,99000,99000
GET,/api/cart/add/anonymous-780/SHCE/1,1,0,17168.076362999956,17168.076362999956,17168.076362999956,17168.076362999956,124.0,0.0002758456848840466,0.0,17000,17000,17000,17000,17000,17000,17000,17000,17000,17000,17000
GET,/api/cart/add/anonymous-780/Watson/1,1,0,56765.13851100026,56765.13851100026,56765.13851100026,56765.13851100026,193.0,0.0002758456848840466,0.0,57000,57000,57000,57000,57000,57000,57000,57000,57000,57000,57000
GET,/api/cart/add/anonymous-781/RED/1,2,0,104389.11750299986,845133.0324485,104389.11750299986,1585876.9473940001,164.0,0.0005516913697680932,0.0,1586000,1586000,1586000,1586000,1586000,1586000,1586000,1586000,1586000,1586000,1586000
GET,/api/cart/add/anonymous-781/STAN-1/1,1,0,48599.48420500018,48599.48420500018,48599.48420500018,48599.48420500018,111.0,0.0002758456848840466,0.0,49000,49000,49000,49000,49000,49000,49000,49000,49000,49000,49000
GET,/api/cart/add/anonymous-781/UHJ/1,1,0,51637.70962199988,51637.70962199988,51637.70962199988,51637.70962199988,287.0,0.0002758456848840466,0.0,52000,52000,52000,52000,52000,52000,52000,52000,52000,52000,52000
GET,/api/cart/add/anonymous-782/RMC/1,3,0,63000.0,73786.80459099989,38907.194089999844,119905.07448799985,109.0,0.0008275370546521397,0.0,63000,63000,120000,120000,120000,120000,120000,120000,120000,120000,120000
GET,/api/cart/add/anonymous-782/UHJ/1,1,0,75650.3746630001,75650.3746630001,75650.3746630001,75650.3746630001,216.0,0.0002758456848840466,0.0,76000,76000,76000,76000,76000,76000,76000,76000,76000,76000,76000
GET,/api/cart/add/anonymous-783/EPE/1,2,1,76000.0,76272.24038199996,75670.05651799991,76874.424246,111.0,0.0005516913697680932,0.0002758456848840466,77000,77000,77000,77000,77000,77000,77000,77000,77000,77000,77000
GET,/api/cart/add/anonymous-783/RED/1,1,1,59281.53263400009,59281.53263400009,59281.53263400009,59281.53263400009,182.0,0.0002758456848840466,0.0002758456848840466,59000,59000,59000,59000,59000,59000,59000,59000,59000,59000,59000
GET,/api/cart/add/anonymous-783/SHCE/1,1,0,119922.94432800009,119922.94432800009,119922.94432800009,119922.94432800009,124.0,0.0002758456848840466,0.0,120000,120000,120000,120000,120000,120000,120000,120000,120000,120000,120000
GET,/api/cart/add/anonymous-784/EMM/1,1,0,170490.1853680001,170490.1853680001,170490.1853680001,170490.1853680001,137.0,0.0002758456848840466,0.0,170000,170000,170000,170000,170000,170000,170000,170000,170000,170000,170000
GET,/api/cart/add/anonymous-784/RED/1,1,0,41469.71219099987,41469.71219099987,41469.71219099987,41469.71219099987,132.0,0.0002758456848840466,0.0,41000,41000,41000,41000,41000,41000,41000,41000,41000,41000,41000
GET,/api/cart/add/anonymous-784/RMC/1,1,0,34229.86896199996,34229.86896199996,34229.86896199996,34229.86896199996,215.0,0.0002758456848840466,0.0,34000,34000,34000,34000,34000,34000,34000,34000,34000,34000,34000
GET,/api/cart/add/anonymous-784/STAN-1/1,1,1,102356.52051700004,102356.52051700004,102356.52051700004,102356.52051700004,182.0,0.0002758456848840466,0.0002758456848840466,102000,102000,102000,102000,102000,102000,102000,102000,102000,102000,102000
GET,/api/cart/add/anonymous-785/EPE/1,1,0,66179.34664900009,66179.34664900009,66179.34664900009,66179.34664900009,129.0,0.0002758456848840466,0.0,66000,66000,66000,66000,66000,66000,66000,66000,66000,66000,66000
GET,/api/cart/add/anonymous-785/HPTD/1,1,1,170017.75530000008,170017.75530000008,170017.75530000008,170017.75530000008,182.0,0.0002758456848840466,0.0002758456848840466,170000,170000,170000,170000,170000,170000,170000,170000,170000,170000,170000
GET,/api/cart/add/anonymous-785/RED/1,1,1,36165.12148699985,36165.12148699985,36165.12148699985,36165.12148699985,182.0,0.0002758456848840466,0.0002758456848840466,36000,36000,36000,36000,36000,36000,36000,36000,36000,36000,36000
GET,/api/cart/add/anonymous-785/Watson/1,1,0,50134.162495000055,50134.162495000055,50134.162495000055,50134.162495000055,200.0,0.0002758456848840466,0.0,50000,50000,50000,50000,50000,50000,50000,50000,50000,50000,50000
GET,/api/cart/add/anonymous-786/EMM/1,1,1,21458.998354000185,21458.998354000185,21458.998354000185,21458.998354000185,182.0,0.0002758456848840466,0.0002758456848840466,21000,21000,21000,21000,21000,21000,21000,21000,21000,21000,21000
GET,/api/cart/add/anonymous-786/EPE/1,2,0,18261.378322999917,28740.218086499906,18261.378322999917,39219.057849999896,173.0,0.0005516913697680932,0.0,39000,39000,39000,39000,39000,39000,39000,39000,39000,39000,39000
GET,/api/cart/add/anonymous-786/HPTD/1,1,0,22750.419045999934,22750.419045999934,22750.419045999934,22750.419045999934,217.0,0.0002758456848840466,0.0,23000,23000,23000,23000,23000,23000,23000,23000,23000,23000,23000
GET,/api/cart/add/anonymous-787/EMM/1,1,0,1095175.452626,1095175.452626,1095175.452626,1095175.452626,137.0,0.0002758456848840466,0.0,1095000,1095000,1095000,1095000,1095000,1095000,1095000,1095000,1095000,1095000,1095000
GET,/api/cart/add/anonymous-788/EMM/1,1,0,43057.264452000025,43057.264452000025,43057.264452000025,43057.264452000025,221.0,0.0002758456848840466,0.0,43000,43000,43000,43000,43000,43000,43000,43000,43000,43000,43000
GET,/api/cart/add/anonymous-788/RED/1,1,0,39838.2124000002,39838.2124000002,39838.2124000002,39838.2124000002,132.0,0.0002758456848840466,0.0,40000,40000,40000,40000,40000,40000,40000,40000,40000,40000,40000
GET,/api/cart/add/anonymous-788/RMC/1,1,1,46610.16288800011,46610.16288800011,46610.16288800011,46610.16288800011,182.0,0.0002758456848840466,0.0002758456848840466,47000,47000,47000,47000,47000,47000,47000,47000,47000,47000,47000
GET,/api/cart/add/anonymous-788/UHJ/1,1,1,20049.394097999993,20049.394097999993,20049.394097999993,20049.394097999993,182.0,0.0002758456848840466,0.0002758456848840466,20000,20000,20000,20000,20000,20000,20000,20000,20000,20000,20000
GET,/api/cart/add/anonymous-789/SHCE/1,1,0,1564128.212652,1564128.212652,1564128.212652,1564128.212652,230.0,0.0002758456848840466,0.0,1564000,1564000,1564000,1564000,1564000,1564000,1564000,1564000,1564000,1564000,1564000
GET,/api/cart/add/anonymous-789/STAN-1/1,1,0,28009.303848999934,28009.303848999934,28009.303848999934,28009.303848999934,111.0,0.0002758456848840466,0.0,28000,28000,28000,28000,28000,28000,28000,28000,28000,28000,28000
GET,/api/cart/add/anonymous-789/UHJ/1,1,0,1113659.135141,1113659.135141,1113659.135141,1113659.135141,138.0,0.0002758456848840466,0.0,1114000,1114000,1114000,1114000,1114000,1114000,1114000,1114000,1114000,1114000,1114000
GET,/api/cart/add/anonymous-79/EMM/1,1,0,142.5074489999929,142.5074489999929,142.5074489999929,142.5074489999929,137.0,0.0002758456848840466,0.0,140,140,140,140,140,140,140,140,140,140,140
GET,/api/cart/add/anonymous-79/RED/1,2,0,37.03561700001501,104.09717900000715,37.03561700001501,171.15874099999928,176.5,0.0005516913697680932,0.0,170,170,170,170,170,170,170,170,170,170,170
GET,/api/cart/add/anonymous-79/STAN-1/1,1,0,36.030113000038,36.030113000038,36.030113000038,36.030113000038,196.0,0.0002758456848840466,0.0,36,36,36,36,36,36,36,36,36,36,36
GET,/api/cart/add/anonymous-790/EPE/1,1,1,61977.43466499992,61977.43466499992,61977.43466499992,61977.43466499992,182.0,0.0002758456848840466,0.0002758456848840466,62000,62000,62000,62000,62000,62000,62000,62000,62000,62000,62000
GET,/api/cart/add/anonymous-790/RMC/1,1,1,82904.585365,82904.585365,82904.585365,82904.585365,182.0,0.0002758456848840466,0.0002758456848840466,83000,83000,83000,83000,83000,83000,83000,83000,83000,83000,83000
GET,/api/cart/add/anonymous-790/STAN-1/1,1,0,1485.8423079999739,1485.8423079999739,1485.8423079999739,1485.8423079999739,111.0,0.0002758456848840466,0.0,1500,1500,1500,1500,1500,1500,1500,1500,1500,1500,1500
GET,/api/cart/add/anonymous-790/Watson/1,1,0,30990.140159999555,30990.140159999555,30990.140159999555,30990.140159999555,182.0,0.0002758456848840466,0.0,31000,31000,31000,31000,31000,31000,31000,31000,31000,31000,31000
GET,/api/cart/add/anonymous-791/SHCE/1,1,0,51947.76991400022,51947.76991400022,51947.76991400022,51947.76991400022,203.0,0.0002758456848840466,0.0,52000,52000,52000,52000,52000,52000,52000,52000,52000,52000,52000
GET,/api/cart/add/anonymous-791/STAN-1/1,1,0,2634.167456999876,2634.167456999876,2634.167456999876,2634.167456999876,111.0,0.0002758456848840466,0.0,2600,2600,2600,2600,2600,2600,2600,2600,2600,2600,2600
GET,/api/cart/add/anonymous-791/UHJ/1,1,0,1113658.2966230002,1113658.2966230002,1113658.2966230002,1113658.2966230002,138.0,0.0002758456848840466,0.0,1114000,1114000,1114000,1114000,1114000,1114000,1114000,1114000,1114000,1114000,1114000
GET,/api/cart/add/anonymous-791/Watson/1,1,0,89676.35925900003,89676.35925900003,89676.35925900003,89676.35925900003,209.0,0.0002758456848840466,0.0,90000,90000,90000,90000,90000,90000,90000,90000,90000,90000,90000
GET,/api/cart/add/anonymous-792/UHJ/1,2,0,1113027.2498919999,1361398.2687355,1113027.2498919999,1609769.2875790002,138.0,0.0005516913697680932,0.0,1610000,1610000,1610000,1610000,1610000,1610000,1610000,1610000,1610000,1610000,1610000
GET,/api/cart/add/anonymous-793/EPE/1,2,0,90000.0,601736.605627,89815.7764499997,1113657.4348040002,129.5,0.0005516913697680932,0.0,1114000,1114000,1114000,1114000,1114000,1114000,1114000,1114000,1114000,1114000,1114000
GET,/api/cart/add/anonymous-794/EPE/1,1,0,24371.422265999856,24371.422265999856,24371.422265999856,24371.422265999856,129.0,0.0002758456848840466,0.0,24000,24000,24000,24000,24000,24000,24000,24000,24000,24000,24000
GET,/api/cart/add/anonymous-794/SHCE/1,1,0,59555.99069599998,59555.99069599998,59555.99069599998,59555.99069599998,222.0,0.0002758456848840466,0.0,60000,60000,60000,60000,60000,60000,60000,60000,60000,60000,60000
GET,/api/cart/add/anonymous-794/UHJ/1,1,0,26242.19896700015,26242.19896700015,26242.19896700015,26242.19896700015,138.0,0.0002758456848840466,0.0,26000,26000,26000,26000,26000,26000,26000,26000,26000,26000,26000
GET,/api/cart/add/anonymous-794/Watson/1,1,0,106930.09923699993,106930.09923699993,106930.09923699993,106930.09923699993,106.0,0.0002758456848840466,0.0,107000,107000,107000,107000,107000,107000,107000,107000,107000,107000,107000
GET,/api/cart/add/anonymous-795/EMM/1,1,1,21867.45074800001,21867.45074800001,21867.45074800001,21867.45074800001,182.0,0.0002758456848840466,0.0002758456848840466,22000,22000,22000,22000,22000,22000,22000,22000,22000,22000,22000
GET,/api/cart/add/anonymous-795/SHCE/1,1,1,25650.02262300004,25650.02262300004,25650.02262300004,25650.02262300004,182.0,0.0002758456848840466,0.0002758456848840466,26000,26000,26000,26000,26000,26000,26000,26000,26000,26000,26000
GET,/api/cart/add/anonymous-795/STAN-1/1,1,0,24437.000856000166,24437.000856000166,24437.000856000166,24437.000856000166,111.0,0.0002758456848840466,0.0,24000,24000,24000,24000,24000,24000,24000,24000,24000,24000,24000
GET,/api/cart/add/anonymous-795/Watson/1,1,1,94001.48969700013,94001.48969700013,94001.48969700013,94001.48969700013,182.0,0.0002758456848840466,0.0002758456848840466,94000,94000,94000,94000,94000,94000,94000,94000,94000,94000,94000
GET,/api/cart/add/anonymous-796/EPE/1,1,0,24433.43301900018,24433.43301900018,24433.43301900018,24433.43301900018,129.0,0.0002758456848840466,0.0,24000,24000,24000,24000,24000,24000,24000,24000,24000,24000,24000
GET,/api/cart/add/anonymous-796/HPTD/1,1,0,59544.87718600012,59544.87718600012,59544.87718600012,59544.87718600012,217.0,0.0002758456848840466,0.0,60000,60000,60000,60000,60000,60000,60000,60000,60000,60000,60000
GET,/api/cart/add/anonymous-796/STAN-1/1,1,1,2404.1080559998136,2404.1080559998136,2404.1080559998136,2404.1080559998136,182.0,0.0002758456848840466,0.0002758456848840466,2400,2400,2400,2400,2400,2400,2400,2400,2400,2400,2400
GET,/api/cart/add/anonymous-796/UHJ/1,1,1,80987.58740700009,80987.58740700009,80987.58740700009,80987.58740700009,182.0,0.0002758456848840466,0.0002758456848840466,81000,81000,81000,81000,81000,81000,81000,81000,81000,81000,81000
GET,/api/cart/add/anonymous-797/HPTD/1,1,0,22614.36368500017,22614.36368500017,22614.36368500017,22614.36368500017,191.0,0.0002758456848840466,0.0,23000,23000,23000,23000,23000,23000,23000,23000,23000,23000,23000
GET,/api/cart/add/anonymous-797/RED/1,1,1,57431.05964900019,57431.05964900019,57431.05964900019,57431.05964900019,494.0,0.0002758456848840466,0.0002758456848840466,57000,57000,57000,57000,57000,57000,57000,57000,57000,57000,57000
GET,/api/cart/add/anonymous-797/SHCE/1,1,1,673.7179230001402,673.7179230001402,673.7179230001402,673.7179230001402,182.0,0.0002758456848840466,0.0002758456848840466,670,670,670,670,670,670,670,670,670,670,670
GET,/api/cart/add/anonymous-797/Watson/1,1,0,170561.46637300003,170561.46637300003,170561.46637300003,170561.46637300003,106.0,0.0002758456848840466,0.0,171000,171000,171000,171000,171000,171000,171000,171000,171000,171000,171000
GET,/api/cart/add/anonymous-798/EPE/1,1,0,97013.15683500025,97013.15683500025,97013.15683500025,97013.15683500025,200.0,0.0002758456848840466,0.0,97000,97000,97000,97000,97000,97000,97000,97000,97000,97000,97000
GET,/api/cart/add/anonymous-798/HPTD/1,1,1,116380.49523099994,116380.49523099994,116380.49523099994,116380.49523099994,182.0,0.0002758456848840466,0.0002758456848840466,116000,116000,116000,116000,116000,116000,116000,116000,116000,116000,116000
GET,/api/cart/add/anonymous-798/RMC/1,1,1,23842.889673999933,23842.889673999933,23842.889673999933,23842.889673999933,182.0,0.0002758456848840466,0.0002758456848840466,24000,24000,24000,24000,24000,24000,24000,24000,24000,24000,24000
GET,/api/cart/add/anonymous-798/Watson/1,1,0,41892.21425599999,41892.21425599999,41892.21425599999,41892.21425599999,106.0,0.0002758456848840466,0.0,42000,42000,42000,42000,42000,42000,42000,42000,42000,42000,42000
GET,/api/cart/add/anonymous-799/EPE/1,2,1,24000.0,32851.73120499996,23850.69467800008,41852.76773199985,155.5,0.0005516913697680932,0.0002758456848840466,42000,42000,42000,42000,42000,42000,42000,42000,42000,42000,42000
GET,/api/cart/add/anonymous-799/HPTD/1,1,0,21444.617307000044,21444.617307000044,21444.617307000044,21444.617307000044,121.0,0.0002758456848840466,0.0,21000,21000,21000,21000,21000,21000,21000,21000,21000,21000,21000
GET,/api/cart/add/anonymous-799/SHCE/1,1,1,170095.04997,170095.04997,170095.04997,170095.04997,182.0,0.0002758456848840466,0.0002758456848840466,170000,170000,170000,170000,170000,170000,170000,170000,170000,170000,170000
GET,/api/cart/add/anonymous-8/EMM/1,1,0,104389.05890700016,104389.05890700016,104389.05890700016,104389.05890700016,229.0,0.0002758456848840466,0.0,104000,104000,104000,104000,104000,104000,104000,104000,104000,104000,104000
GET,/api/cart/add/anonymous-8/EPE/1,1,0,51779.484518000114,51779.484518000114,51779.484518000114,51779.484518000114,129.0,0.0002758456848840466,0.0,52000,52000,52000,52000,52000,52000,52000,52000,52000,52000,52000
GET,/api/cart/add/anonymous-8/RED/1,1,0,48.38285300002099,48.38285300002099,48.38285300002099,48.38285300002099,132.0,0.0002758456848840466,0.0,48,48,48,48,48,48,48,48,48,48,48
GET,/api/cart/add/anonymous-8/RMC/1,1,1,126045.86596799982,126045.86596799982,126045.86596799982,126045.86596799982,0.0,0.0002758456848840466,0.0002758456848840466,126000,126000,126000,126000,126000,126000,126000,126000,126000,126000,126000
GET,/api/cart/add/anonymous-8/SHCE/1,2,0,102.95372500002031,31501.060187000065,102.95372500002031,62899.16664900011,161.0,0.0005516913697680932,0.0,63000,63000,63000,63000,63000,63000,63000,63000,63000,63000,63000
GET,/api/cart/add/anonymous-8/UHJ/1,1,0,74.9694360000035,74.9694360000035,74.9694360000035,74.9694360000035,209.0,0.0002758456848840466,0.0,75,75,75,75,75,75,75,75,75,75,75
GET,/api/cart/add/anonymous-8/Watson/1,1,0,78.54624699996293,78.54624699996293,78.54624699996293,78.54624699996293,106.0,0.0002758456848840466,0.0,79,79,79,79,79,79,79,79,79,79,79
GET,/api/cart/add/anonymous-80/EMM/1,1,0,52515.20005099974,52515.20005099974,52515.20005099974,52515.20005099974,374.0,0.0002758456848840466,0.0,53000,53000,53000,53000,53000,53000,53000,53000,53000,53000,53000
GET,/api/cart/add/anonymous-80/HPTD/1,1,0,37.67571900004896,37.67571900004896,37.67571900004896,37.67571900004896,193.0,0.0002758456848840466,0.0,38,38,38,38,38,38,38,38,38,38,38
GET,/api/cart/add/anonymous-80/RMC/1,1,0,41.71173100002079,41.71173100002079,41.71173100002079,41.71173100002079,184.0,0.0002758456848840466,0.0,42,42,42,42,42,42,42,42,42,42,42
GET,/api/cart/add/anonymous-80/UHJ/1,1,0,22256.827276999957,22256.827276999957,22256.827276999957,22256.827276999957,296.0,0.0002758456848840466,0.0,22000,22000,22000,22000,22000,22000,22000,22000,22000,22000,22000
GET,/api/cart/add/anonymous-80/Watson/1,2,0,24,62.978249000025244,23.595475000036004,102.36102300001448,106.0,0.0005516913697680932,0.0,100,100,100,100,100,100,100,100,100,100,100
GET,/api/cart/add/anonymous-800/HPTD/1,1,1,19945.92454899998,19945.92454899998,19945.92454899998,19945.92454899998,182.0,0.0002758456848840466,0.0002758456848840466,20000,20000,20000,20000,20000,20000,20000,20000,20000,20000,20000
GET,/api/cart/add/anonymous-800/SHCE/1,1,1,29585.01319099969,29585.01319099969,29585.01319099969,29585.01319099969,182.0,0.0002758456848840466,0.0002758456848840466,30000,30000,30000,30000,30000,30000,30000,30000,30000,30000,30000
GET,/api/cart/add/anonymous-800/STAN-1/1,1,0,22717.363950999927,22717.363950999927,22717.363950999927,22717.363950999927,111.0,0.0002758456848840466,0.0,23000,23000,23000,23000,23000,23000,23000,23000,23000,23000,23000
GET,/api/cart/add/anonymous-800/Watson/1,1,0,38123.16657500014,38123.16657500014,38123.16657500014,38123.16657500014,106.0,0.0002758456848840466,0.0,38000,38000,38000,38000,38000,38000,38000,38000,38000,38000,38000
GET,/api/cart/add/anonymous-801/RMC/1,2,0,47333.53084999999,77169.95383350001,47333.53084999999,107006.37681700004,108.0,0.0005516913697680932,0.0,107000,107000,107000,107000,107000,107000,107000,107000,107000,107000,107000
GET,/api/cart/add/anonymous-801/SHCE/1,1,0,78956.62915000002,78956.62915000002,78956.62915000002,78956.62915000002,202.0,0.0002758456848840466,0.0,79000,79000,79000,79000,79000,79000,79000,79000,79000,79000,79000
GET,/api/cart/add/anonymous-801/STAN-1/1,1,1,64059.546275999994,64059.546275999994,64059.546275999994,64059.546275999994,182.0,0.0002758456848840466,0.0002758456848840466,64000,64000,64000,64000,64000,64000,64000,64000,64000,64000,64000
GET,/api/cart/add/anonymous-802/RMC/1,1,0,58525.14611900028,58525.14611900028,58525.14611900028,58525.14611900028,108.0,0.0002758456848840466,0.0,59000,59000,59000,59000,59000,59000,59000,59000,59000,59000,59000
GET,/api/cart/add/anonymous-802/STAN-1/1,1,1,47284.73221800005,47284.73221800005,47284.73221800005,47284.73221800005,182.0,0.0002758456848840466,0.0002758456848840466,47000,47000,47000,47000,47000,47000,47000,47000,47000,47000,47000
GET,/api/cart/add/anonymous-802/UHJ/1,1,0,75911.25339300015,75911.25339300015,75911.25339300015,75911.25339300015,287.0,0.0002758456848840466,0.0,76000,76000,76000,76000,76000,76000,76000,76000,76000,76000,76000
GET,/api/cart/add/anonymous-802/Watson/1,1,0,1592593.2569390002,1592593.2569390002,1592593.2569390002,1592593.2569390002,184.0,0.0002758456848840466,0.0,1593000,1593000,1593000,1593000,1593000,1593000,1593000,1593000,1593000,1593000,1593000
GET,/api/cart/add/anonymous-803/EMM/1,1,1,48038.58289899995,48038.58289899995,48038.58289899995,48038.58289899995,182.0,0.0002758456848840466,0.0002758456848840466,48000,48000,48000,48000,48000,48000,48000,48000,48000,48000,48000
GET,/api/cart/add/anonymous-803/RED/1,1,0,25664.040674000033,25664.040674000033,25664.040674000033,25664.040674000033,132.0,0.0002758456848840466,0.0,26000,26000,26000,26000,26000,26000,26000,26000,26000,26000,26000
GET,/api/cart/add/anonymous-803/STAN-1/1,1,0,1593325.54315,1593325.54315,1593325.54315,1593325.54315,111.0,0.0002758456848840466,0.0,1593000,1593000,1593000,1593000,1593000,1593000,1593000,1593000,1593000,1593000,1593000
GET,/api/cart/add/anonymous-803/Watson/1,1,0,75851.23949999979,75851.23949999979,75851.23949999979,75851.23949999979,182.0,0.0002758456848840466,0.0,76000,76000,76000,76000,76000,76000,76000,76000,76000,76000,76000
GET,/api/cart/add/anonymous-804/EMM/1,2,1,47275.30053700002,52901.210549999974,47275.30053700002,58527.120562999924,159.5,0.0005516913697680932,0.0002758456848840466,59000,59000,59000,59000,59000,59000,59000,59000,59000,59000,59000
GET,/api/cart/add/anonymous-804/EPE/1,1,0,40281.45772300013,40281.45772300013,40281.45772300013,40281.45772300013,201.0,0.0002758456848840466,0.0,40000,40000,40000,40000,40000,40000,40000,40000,40000,40000,40000
GET,/api/cart/add/anonymous-804/RED/1,1,0,39209.81066500008,39209.81066500008,39209.81066500008,39209.81066500008,132.0,0.0002758456848840466,0.0,39000,39000,39000,39000,39000,39000,39000,39000,39000,39000,39000
GET,/api/cart/add/anonymous-805/EPE/1,1,0,110779.7939269999,110779.7939269999,110779.7939269999,110779.7939269999,129.0,0.0002758456848840466,0.0,111000,111000,111000,111000,111000,111000,111000,111000,111000,111000,111000
GET,/api/cart/add/anonymous-805/RMC/1,1,0,29523.87617899967,29523.87617899967,29523.87617899967,29523.87617899967,108.0,0.0002758456848840466,0.0,30000,30000,30000,30000,30000,30000,30000,30000,30000,30000,30000
GET,/api/cart/add/anonymous-805/STAN-1/1,1,0,62623.68438899967,62623.68438899967,62623.68438899967,62623.68438899967,286.0,0.0002758456848840466,0.0,63000,63000,63000,63000,63000,63000,63000,63000,63000,63000,63000
GET,/api/cart/add/anonymous-805/UHJ/1,1,0,390.12986500006264,390.12986500006264,390.12986500006264,390.12986500006264,220.0,0.0002758456848840466,0.0,390,390,390,390,390,390,390,390,390,390,390
GET,/api/cart/add/anonymous-806/EMM/1,1,0,19939.96958999992,19939.96958999992,19939.96958999992,19939.96958999992,137.0,0.0002758456848840466,0.0,20000,20000,20000,20000,20000,20000,20000,20000,20000,20000,20000
GET,/api/cart/add/anonymous-806/SHCE/1,1,1,62640.899817999976,62640.899817999976,62640.899817999976,62640.899817999976,182.0,0.0002758456848840466,0.0002758456848840466,63000,63000,63000,63000,63000,63000,63000,63000,63000,63000,63000
GET,/api/cart/add/anonymous-806/Watson/1,2,0,29523.904480000056,29513.862909999945,29503.82133999983,29523.904480000056,156.0,0.0005516913697680932,0.0,30000,30000,30000,30000,30000,30000,30000,30000,30000,30000,30000
GET,/api/cart/add/anonymous-807/RMC/1,1,0,1498952.9196689997,1498952.9196689997,1498952.9196689997,1498952.9196689997,108.0,0.0002758456848840466,0.0,1499000,1499000,1499000,1499000,1499000,1499000,1499000,1499000,1499000,1499000,1499000
GET,/api/cart/add/anonymous-808/EPE/1,1,0,65633.54667299973,65633.54667299973,65633.54667299973,65633.54667299973,222.0,0.0002758456848840466,0.0,66000,66000,66000,66000,66000,66000,66000,66000,66000,66000,66000
GET,/api/cart/add/anonymous-808/SHCE/1,1,0,58517.05813399985,58517.05813399985,58517.05813399985,58517.05813399985,124.0,0.0002758456848840466,0.0,59000,59000,59000,59000,59000,59000,59000,59000,59000,59000,59000
GET,/api/cart/add/anonymous-809/SHCE/1,2,2,21223.154758999954,41269.01216549993,21223.154758999954,61314.86957199991,182.0,0.0005516913697680932,0.0005516913697680932,61000,61000,61000,61000,61000,61000,61000,61000,61000,61000,61000
GET,/api/cart/add/anonymous-81/EMM/1,2,0,78,15740.63609300012,77.870345000008,31403.40184100023,221.0,0.0005516913697680932,0.0,31000,31000,31000,31000,31000,31000,31000,31000,31000,31000,31000
GET,/api/cart/add/anonymous-81/EPE/1,1,0,65.08130499997833,65.08130499997833,65.08130499997833,65.08130499997833,217.0,0.0002758456848840466,0.0,65,65,65,65,65,65,65,65,65,65,65
GET,/api/cart/add/anonymous-81/HPTD/1,1,0,47.47274999999718,47.47274999999718,47.47274999999718,47.47274999999718,121.0,0.0002758456848840466,0.0,47,47,47,47,47,47,47,47,47,47,47
GET,/api/cart/add/anonymous-81/RED/1,2,0,181.67047299999695,23017.916006999967,181.67047299999695,45854.161540999936,164.0,0.0005516913697680932,0.0,46000,46000,46000,46000,46000,46000,46000,46000,46000,46000,46000
GET,/api/cart/add/anonymous-81/STAN-1/1,1,0,83247.18842500033,83247.18842500033,83247.18842500033,83247.18842500033,111.0,0.0002758456848840466,0.0,83000,83000,83000,83000,83000,83000,83000,83000,83000,83000,83000
GET,/api/cart/add/anonymous-81/Watson/1,1,1,39678.02080199999,39678.02080199999,39678.02080199999,39678.02080199999,0.0,0.0002758456848840466,0.0002758456848840466,40000,40000,40000,40000,40000,40000,40000,40000,40000,40000,40000
GET,/api/cart/add/anonymous-810/RED/1,1,1,21232.283655999934,21232.283655999934,21232.283655999934,21232.283655999934,182.0,0.0002758456848840466,0.0002758456848840466,21000,21000,21000,21000,21000,21000,21000,21000,21000,21000,21000
GET,/api/cart/add/anonymous-810/SHCE/1,1,1,61219.20916699992,61219.20916699992,61219.20916699992,61219.20916699992,182.0,0.0002758456848840466,0.0002758456848840466,61000,61000,61000,61000,61000,61000,61000,61000,61000,61000,61000
GET,/api/cart/add/anonymous-811/EPE/1,1,0,107024.73670099994,107024.73670099994,107024.73670099994,107024.73670099994,207.0,0.0002758456848840466,0.0,107000,107000,107000,107000,107000,107000,107000,107000,107000,107000,107000
GET,/api/cart/add/anonymous-811/RMC/1,1,0,20380.340552999995,20380.340552999995,20380.340552999995,20380.340552999995,108.0,0.0002758456848840466,0.0,20000,20000,20000,20000,20000,20000,20000,20000,20000,20000,20000
GET,/api/cart/add/anonymous-812/EMM/1,1,0,65611.57293500037,65611.57293500037,65611.57293500037,65611.57293500037,137.0,0.0002758456848840466,0.0,66000,66000,66000,66000,66000,66000,66000,66000,66000,66000,66000
GET,/api/cart/add/anonymous-812/SHCE/1,2,0,48000.0,74379.69865750006,47913.437307000095,100845.96000800002,177.0,0.0005516913697680932,0.0,101000,101000,101000,101000,101000,101000,101000,101000,101000,101000,101000
GET,/api/cart/add/anonymous-812/UHJ/1,1,0,313.5690539997995,313.5690539997995,313.5690539997995,313.5690539997995,230.0,0.0002758456848840466,0.0,310,310,310,310,310,310,310,310,310,310,310
GET,/api/cart/add/anonymous-813/RED/1,1,0,165961.95443599983,165961.95443599983,165961.95443599983,165961.95443599983,132.0,0.0002758456848840466,0.0,166000,166000,166000,166000,166000,166000,166000,166000,166000,166000,166000
GET,/api/cart/add/anonymous-813/RMC/1,2,0,310.0,24083.930845500166,305.93096700022215,47861.93072400011,108.5,0.0005516913697680932,0.0,48000,48000,48000,48000,48000,48000,48000,48000,48000,48000,48000
GET,/api/cart/add/anonymous-813/UHJ/1,1,0,22955.632212999717,22955.632212999717,22955.632212999717,22955.632212999717,209.0,0.0002758456848840466,0.0,23000,23000,23000,23000,23000,23000,23000,23000,23000,23000,23000
GET,/api/cart/add/anonymous-814/RED/1,1,1,35763.311715999866,35763.311715999866,35763.311715999866,35763.311715999866,182.0,0.0002758456848840466,0.0002758456848840466,36000,36000,36000,36000,36000,36000,36000,36000,36000,36000,36000
GET,/api/cart/add/anonymous-814/STAN-1/1,2,1,76000.0,867345.25436,75681.92427100007,1659008.584449,55.5,0.0005516913697680932,0.0002758456848840466,1659000,1659000,1659000,1659000,1659000,1659000,1659000,1659000,1659000,1659000,1659000
GET,/api/cart/add/anonymous-815/EPE/1,1,0,69263.4647750001,69263.4647750001,69263.4647750001,69263.4647750001,129.0,0.0002758456848840466,0.0,69000,69000,69000,69000,69000,69000,69000,69000,69000,69000,69000
GET,/api/cart/add/anonymous-815/STAN-1/1,1,0,131195.90544499987,131195.90544499987,131195.90544499987,131195.90544499987,179.0,0.0002758456848840466,0.0,131000,131000,131000,131000,131000,131000,131000,131000,131000,131000,131000
GET,/api/cart/add/anonymous-815/Watson/1,1,1,1659006.6155180002,1659006.6155180002,1659006.6155180002,1659006.6155180002,0.0,0.0002758456848840466,0.0002758456848840466,1659000,1659000,1659000,1659000,1659000,1659000,1659000,1659000,1659000,1659000,1659000
GET,/api/cart/add/anonymous-816/HPTD/1,1,0,1609761.1053880001,1609761.1053880001,1609761.1053880001,1609761.1053880001,121.0,0.0002758456848840466,0.0,1610000,1610000,1610000,1610000,1610000,1610000,1610000,1610000,1610000,1610000,1610000
GET,/api/cart/add/anonymous-816/RMC/1,1,0,65593.47241499972,65593.47241499972,65593.47241499972,65593.47241499972,108.0,0.0002758456848840466,0.0,66000,66000,66000,66000,66000,66000,66000,66000,66000,66000,66000
GET,/api/cart/add/anonymous-816/UHJ/1,1,0,40267.758469999986,40267.758469999986,40267.758469999986,40267.758469999986,209.0,0.0002758456848840466,0.0,40000,40000,40000,40000,40000,40000,40000,40000,40000,40000,40000
GET,/api/cart/add/anonymous-816/Watson/1,1,0,21934.33859100014,21934.33859100014,21934.33859100014,21934.33859100014,106.0,0.0002758456848840466,0.0,22000,22000,22000,22000,22000,22000,22000,22000,22000,22000,22000
GET,/api/cart/add/anonymous-817/EMM/1,1,0,65603.70551899995,65603.70551899995,65603.70551899995,65603.70551899995,137.0,0.0002758456848840466,0.0,66000,66000,66000,66000,66000,66000,66000,66000,66000,66000,66000
GET,/api/cart/add/anonymous-817/STAN-1/1,1,1,18140.718322999874,18140.718322999874,18140.718322999874,18140.718322999874,182.0,0.0002758456848840466,0.0002758456848840466,18000,18000,18000,18000,18000,18000,18000,18000,18000,18000,18000
GET,/api/cart/add/anonymous-817/UHJ/1,2,0,39137.51429600007,55956.107147500006,39137.51429600007,72774.69999899995,176.0,0.0005516913697680932,0.0,73000,73000,73000,73000,73000,73000,73000,73000,73000,73000,73000
GET,/api/cart/add/anonymous-818/RED/1,1,0,18808.717386000353,18808.717386000353,18808.717386000353,18808.717386000353,132.0,0.0002758456848840466,0.0,19000,19000,19000,19000,19000,19000,19000,19000,19000,19000,19000
GET,/api/cart/add/anonymous-818/SHCE/1,1,0,30271.274792999975,30271.274792999975,30271.274792999975,30271.274792999975,225.0,0.0002758456848840466,0.0,30000,30000,30000,30000,30000,30000,30000,30000,30000,30000,30000
GET,/api/cart/add/anonymous-819/EMM/1,1,0,18760.89678399967,18760.89678399967,18760.89678399967,18760.89678399967,221.0,0.0002758456848840466,0.0,19000,19000,19000,19000,19000,19000,19000,19000,19000,19000,19000
GET,/api/cart/add/anonymous-819/EPE/1,1,0,563.086624999869,563.086624999869,563.086624999869,563.086624999869,129.0,0.0002758456848840466,0.0,560,560,560,560,560,560,560,560,560,560,560
GET,/api/cart/add/anonymous-819/RED/1,1,0,76026.154593,76026.154593,76026.154593,76026.154593,132.0,0.0002758456848840466,0.0,76000,76000,76000,76000,76000,76000,76000,76000,76000,76000,76000
GET,/api/cart/add/anonymous-819/SHCE/1,1,0,40329.276529000024,40329.276529000024,40329.276529000024,40329.276529000024,124.0,0.0002758456848840466,0.0,40000,40000,40000,40000,40000,40000,40000,40000,40000,40000,40000
GET,/api/cart/add/anonymous-82/EMM/1,2,0,55,81.25755649999178,54.872172999978375,107.64294000000518,180.0,0.0005516913697680932,0.0,110,110,110,110,110,110,110,110,110,110,110
GET,/api/cart/add/anonymous-82/HPTD/1,1,0,162.7399129999958,162.7399129999958,162.7399129999958,162.7399129999958,121.0,0.0002758456848840466,0.0,160,160,160,160,160,160,160,160,160,160,160
GET,/api/cart/add/anonymous-82/Watson/1,1,0,57.22918099996832,57.22918099996832,57.22918099996832,57.22918099996832,206.0,0.0002758456848840466,0.0,57,57,57,57,57,57,57,57,57,57,57
GET,/api/cart/add/anonymous-820/HPTD/1,1,0,22275.533901000017,22275.533901000017,22275.533901000017,22275.533901000017,121.0,0.0002758456848840466,0.0,22000,22000,22000,22000,22000,22000,22000,22000,22000,22000,22000
GET,/api/cart/add/anonymous-820/RED/1,2,0,713.4398709999914,33177.59984899999,713.4398709999914,65641.75982699999,132.0,0.0005516913697680932,0.0,66000,66000,66000,66000,66000,66000,66000,66000,66000,66000,66000
GET,/api/cart/add/anonymous-820/SHCE/1,1,0,67230.52533500004,67230.52533500004,67230.52533500004,67230.52533500004,225.0,0.0002758456848840466,0.0,67000,67000,67000,67000,67000,67000,67000,67000,67000,67000,67000
GET,/api/cart/add/anonymous-821/EMM/1,1,0,18802.10116399985,18802.10116399985,18802.10116399985,18802.10116399985,137.0,0.0002758456848840466,0.0,19000,19000,19000,19000,19000,19000,19000,19000,19000,19000,19000
GET,/api/cart/add/anonymous-821/STAN-1/1,1,0,30261.464482000065,30261.464482000065,30261.464482000065,30261.464482000065,111.0,0.0002758456848840466,0.0,30000,30000,30000,30000,30000,30000,30000,30000,30000,30000,30000
GET,/api/cart/add/anonymous-823/RMC/1,1,0,89814.60283900014,89814.60283900014,89814.60283900014,89814.60283900014,108.0,0.0002758456848840466,0.0,90000,90000,90000,90000,90000,90000,90000,90000,90000,90000,90000
GET,/api/cart/add/anonymous-823/SHCE/1,2,0,630.0,15450.351711999929,628.0419159998019,30272.661508000056,239.0,0.0005516913697680932,0.0,30000,30000,30000,30000,30000,30000,30000,30000,30000,30000,30000
GET,/api/cart/add/anonymous-823/Watson/1,1,0,55996.97310200008,55996.97310200008,55996.97310200008,55996.97310200008,276.0,0.0002758456848840466,0.0,56000,56000,56000,56000,56000,56000,56000,56000,56000,56000,56000
GET,/api/cart/add/anonymous-824/RED/1,1,0,89950.11383099973,89950.11383099973,89950.11383099973,89950.11383099973,132.0,0.0002758456848840466,0.0,90000,90000,90000,90000,90000,90000,90000,90000,90000,90000,90000
GET,/api/cart/add/anonymous-825/SHCE/1,3,0,145000.0,576268.2827713334,18580.025168000248,1565518.7202309999,124.33333333333333,0.0008275370546521397,0.0,145000,145000,1566000,1566000,1566000,1566000,1566000,1566000,1566000,1566000,1566000
GET,/api/cart/add/anonymous-826/HPTD/1,1,0,89900.61441999978,89900.61441999978,89900.61441999978,89900.61441999978,121.0,0.0002758456848840466,0.0,90000,90000,90000,90000,90000,90000,90000,90000,90000,90000,90000
GET,/api/cart/add/anonymous-826/RED/1,1,0,35858.47785099986,35858.47785099986,35858.47785099986,35858.47785099986,210.0,0.0002758456848840466,0.0,36000,36000,36000,36000,36000,36000,36000,36000,36000,36000,36000
GET,/api/cart/add/anonymous-826/RMC/1,1,0,144704.00477799968,144704.00477799968,144704.00477799968,144704.00477799968,108.0,0.0002758456848840466,0.0,145000,145000,145000,145000,145000,145000,145000,145000,145000,145000,145000
GET,/api/cart/add/anonymous-827/EPE/1,3,1,67000.0,73596.38910166662,31711.955737000153,121853.69672099978,86.33333333333333,0.0008275370546521397,0.0002758456848840466,67000,67000,122000,122000,122000,122000,122000,122000,122000,122000,122000
GET,/api/cart/add/anonymous-827/STAN-1/1,1,0,89827.08295899966,89827.08295899966,89827.08295899966,89827.08295899966,111.0,0.0002758456848840466,0.0,90000,90000,90000,90000,90000,90000,90000,90000,90000,90000,90000
GET,/api/cart/add/anonymous-828/UHJ/1,1,0,89815.56625500025,89815.56625500025,89815.56625500025,89815.56625500025,138.0,0.0002758456848840466,0.0,90000,90000,90000,90000,90000,90000,90000,90000,90000,90000,90000
GET,/api/cart/add/anonymous-829/EPE/1,1,0,28748.627438999847,28748.627438999847,28748.627438999847,28748.627438999847,207.0,0.0002758456848840466,0.0,29000,29000,29000,29000,29000,29000,29000,29000,29000,29000,29000
GET,/api/cart/add/anonymous-829/HPTD/1,1,0,17492.74136799977,17492.74136799977,17492.74136799977,17492.74136799977,226.0,0.0002758456848840466,0.0,17000,17000,17000,17000,17000,17000,17000,17000,17000,17000,17000
GET,/api/cart/add/anonymous-829/RMC/1,1,0,70166.07301099975,70166.07301099975,70166.07301099975,70166.07301099975,108.0,0.0002758456848840466,0.0,70000,70000,70000,70000,70000,70000,70000,70000,70000,70000,70000
GET,/api/cart/add/anonymous-829/UHJ/1,1,0,100333.21668500002,100333.21668500002,100333.21668500002,100333.21668500002,138.0,0.0002758456848840466,0.0,100000,100000,100000,100000,100000,100000,100000,100000,100000,100000,100000
GET,/api/cart/add/anonymous-83/RED/1,2,0,29000.0,33767.67862549991,28757.754846999887,38777.60240399993,133.0,0.0005516913697680932,0.0,39000,39000,39000,39000,39000,39000,39000,39000,39000,39000,39000
GET,/api/cart/add/anonymous-83/SHCE/1,1,0,51304.03188599985,51304.03188599985,51304.03188599985,51304.03188599985,296.0,0.0002758456848840466,0.0,51000,51000,51000,51000,51000,51000,51000,51000,51000,51000,51000
GET,/api/cart/add/anonymous-83/STAN-1/1,2,0,79,92.13799049999238,78.55254800000466,105.7234329999801,111.0,0.0005516913697680932,0.0,110,110,110,110,110,110,110,110,110,110,110
GET,/api/cart/add/anonymous-83/UHJ/1,2,0,49.239254999974946,63.626200500010555,49.239254999974946,78.01314600004616,191.0,0.0005516913697680932,0.0,78,78,78,78,78,78,78,78,78,78,78
GET,/api/cart/add/anonymous-830/RMC/1,1,0,27202.05197400037,27202.05197400037,27202.05197400037,27202.05197400037,184.0,0.0002758456848840466,0.0,27000,27000,27000,27000,27000,27000,27000,27000,27000,27000,27000
GET,/api/cart/add/anonymous-830/STAN-1/1,1,0,121873.283077,121873.283077,121873.283077,121873.283077,111.0,0.0002758456848840466,0.0,122000,122000,122000,122000,122000,122000,122000,122000,122000,122000,122000
GET,/api/cart/add/anonymous-830/Watson/1,1,0,88488.77588699997,88488.77588699997,88488.77588699997,88488.77588699997,106.0,0.0002758456848840466,0.0,88000,88000,88000,88000,88000,88000,88000,88000,88000,88000,88000
GET,/api/cart/add/anonymous-831/EMM/1,1,0,165973.23814400032,165973.23814400032,165973.23814400032,165973.23814400032,137.0,0.0002758456848840466,0.0,166000,166000,166000,166000,166000,166000,166000,166000,166000,166000,166000
GET,/api/cart/add/anonymous-831/EPE/1,1,0,20183.062147999863,20183.062147999863,20183.062147999863,20183.062147999863,205.0,0.0002758456848840466,0.0,20000,20000,20000,20000,20000,20000,20000,20000,20000,20000,20000
GET,/api/cart/add/anonymous-832/EPE/1,1,0,28846.526859000278,28846.526859000278,28846.526859000278,28846.526859000278,129.0,0.0002758456848840466,0.0,29000,29000,29000,29000,29000,29000,29000,29000,29000,29000,29000
GET,/api/cart/add/anonymous-834/EMM/1,1,0,21835.203805999983,21835.203805999983,21835.203805999983,21835.203805999983,206.0,0.0002758456848840466,0.0,22000,22000,22000,22000,22000,22000,22000,22000,22000,22000,22000
GET,/api/cart/add/anonymous-834/RED/1,1,0,18173.470886999894,18173.470886999894,18173.470886999894,18173.470886999894,132.0,0.0002758456848840466,0.0,18000,18000,18000,18000,18000,18000,18000,18000,18000,18000,18000
GET,/api/cart/add/anonymous-834/Watson/1,2,0,42000.0,55179.833486500116,41997.776296000215,68361.89067700002,106.0,0.0005516913697680932,0.0,68000,68000,68000,68000,68000,68000,68000,68000,68000,68000,68000
GET,/api/cart/add/anonymous-835/HPTD/1,1,0,23407.831117000114,23407.831117000114,23407.831117000114,23407.831117000114,121.0,0.0002758456848840466,0.0,23000,23000,23000,23000,23000,23000,23000,23000,23000,23000,23000
GET,/api/cart/add/anonymous-835/Watson/1,2,0,27000.0,45643.2914054999,26786.05033399981,64500.53247699998,149.5,0.0005516913697680932,0.0,65000,65000,65000,65000,65000,65000,65000,65000,65000,65000,65000
GET,/api/cart/add/anonymous-836/EPE/1,1,0,30562.11372000007,30562.11372000007,30562.11372000007,30562.11372000007,129.0,0.0002758456848840466,0.0,31000,31000,31000,31000,31000,31000,31000,31000,31000,31000,31000
GET,/api/cart/add/anonymous-836/HPTD/1,1,0,30673.24990299994,30673.24990299994,30673.24990299994,30673.24990299994,121.0,0.0002758456848840466,0.0,31000,31000,31000,31000,31000,31000,31000,31000,31000,31000,31000
GET,/api/cart/add/anonymous-836/UHJ/1,1,0,56793.44836400014,56793.44836400014,56793.44836400014,56793.44836400014,138.0,0.0002758456848840466,0.0,57000,57000,57000,57000,57000,57000,57000,57000,57000,57000,57000
GET,/api/cart/add/anonymous-837/RMC/1,1,1,100439.30103899993,100439.30103899993,100439.30103899993,100439.30103899993,0.0,0.0002758456848840466,0.0002758456848840466,100000,100000,100000,100000,100000,100000,100000,100000,100000,100000,100000
GET,/api/cart/add/anonymous-837/SHCE/1,1,0,20166.752981999707,20166.752981999707,20166.752981999707,20166.752981999707,124.0,0.0002758456848840466,0.0,20000,20000,20000,20000,20000,20000,20000,20000,20000,20000,20000
GET,/api/cart/add/anonymous-838/EPE/1,1,0,67095.66390000009,67095.66390000009,67095.66390000009,67095.66390000009,201.0,0.0002758456848840466,0.0,67000,67000,67000,67000,67000,67000,67000,67000,67000,67000,67000
GET,/api/cart/add/anonymous-838/RED/1,1,0,30615.83212100004,30615.83212100004,30615.83212100004,30615.83212100004,132.0,0.0002758456848840466,0.0,31000,31000,31000,31000,31000,31000,31000,31000,31000,31000,31000
GET,/api/cart/add/anonymous-838/STAN-1/1,1,0,24961.371982999935,24961.371982999935,24961.371982999935,24961.371982999935,111.0,0.0002758456848840466,0.0,25000,25000,25000,25000,25000,25000,25000,25000,25000,25000,25000
GET,/api/cart/add/anonymous-839/EMM/1,1,0,86167.57403599969,86167.57403599969,86167.57403599969,86167.57403599969,137.0,0.0002758456848840466,0.0,86000,86000,86000,86000,86000,86000,86000,86000,86000,86000,86000
GET,/api/cart/add/anonymous-839/HPTD/1,1,0,73950.451058,73950.451058,73950.451058,73950.451058,121.0,0.0002758456848840466,0.0,74000,74000,74000,74000,74000,74000,74000,74000,74000,74000,74000
GET,/api/cart/add/anonymous-839/STAN-1/1,1,0,38123.65697400037,38123.65697400037,38123.65697400037,38123.65697400037,111.0,0.0002758456848840466,0.0,38000,38000,38000,38000,38000,38000,38000,38000,38000,38000,38000
GET,/api/cart/add/anonymous-839/Watson/1,1,1,41967.352146999925,41967.352146999925,41967.352146999925,41967.352146999925,0.0,0.0002758456848840466,0.0002758456848840466,42000,42000,42000,42000,42000,42000,42000,42000,42000,42000,42000
GET,/api/cart/add/anonymous-84/EPE/1,1,0,55.187574000001405,55.187574000001405,55.187574000001405,55.187574000001405,129.0,0.0002758456848840466,0.0,55,55,55,55,55,55,55,55,55,55,55
GET,/api/cart/add/anonymous-84/RED/1,1,0,82.67476100002114,82.67476100002114,82.67476100002114,82.67476100002114,210.0,0.0002758456848840466,0.0,83,83,83,83,83,83,83,83,83,83,83
GET,/api/cart/add/anonymous-84/RMC/1,1,0,73.25163100000509,73.25163100000509,73.25163100000509,73.25163100000509,108.0,0.0002758456848840466,0.0,73,73,73,73,73,73,73,73,73,73,73
GET,/api/cart/add/anonymous-84/Watson/1,1,0,45.23814300000595,45.23814300000595,45.23814300000595,45.23814300000595,200.0,0.0002758456848840466,0.0,45,45,45,45,45,45,45,45,45,45,45
GET,/api/cart/add/anonymous-840/EMM/1,1,0,51453.11951299982,51453.11951299982,51453.11951299982,51453.11951299982,137.0,0.0002758456848840466,0.0,51000,51000,51000,51000,51000,51000,51000,51000,51000,51000,51000
GET,/api/cart/add/anonymous-840/RMC/1,1,0,49305.05013500033,49305.05013500033,49305.05013500033,49305.05013500033,108.0,0.0002758456848840466,0.0,49000,49000,49000,49000,49000,49000,49000,49000,49000,49000,49000
GET,/api/cart/add/anonymous-840/UHJ/1,1,0,49434.42027399987,49434.42027399987,49434.42027399987,49434.42027399987,214.0,0.0002758456848840466,0.0,49000,49000,49000,49000,49000,49000,49000,49000,49000,49000,49000
GET,/api/cart/add/anonymous-841/EPE/1,1,0,26576.77559800004,26576.77559800004,26576.77559800004,26576.77559800004,129.0,0.0002758456848840466,0.0,27000,27000,27000,27000,27000,27000,27000,27000,27000,27000,27000
GET,/api/cart/add/anonymous-842/EPE/1,1,0,80703.44717700027,80703.44717700027,80703.44717700027,80703.44717700027,129.0,0.0002758456848840466,0.0,81000,81000,81000,81000,81000,81000,81000,81000,81000,81000,81000
GET,/api/cart/add/anonymous-842/SHCE/1,1,0,43402.74945500005,43402.74945500005,43402.74945500005,43402.74945500005,124.0,0.0002758456848840466,0.0,43000,43000,43000,43000,43000,43000,43000,43000,43000,43000,43000
GET,/api/cart/add/anonymous-843/HPTD/1,1,0,28120.067280000058,28120.067280000058,28120.067280000058,28120.067280000058,121.0,0.0002758456848840466,0.0,28000,28000,28000,28000,28000,28000,28000,28000,28000,28000,28000
GET,/api/cart/add/anonymous-843/RED/1,1,0,55927.61361599969,55927.61361599969,55927.61361599969,55927.61361599969,219.0,0.0002758456848840466,0.0,56000,56000,56000,56000,56000,56000,56000,56000,56000,56000,56000
GET,/api/cart/add/anonymous-844/EMM/1,1,0,21424.139235999974,21424.139235999974,21424.139235999974,21424.139235999974,137.0,0.0002758456848840466,0.0,21000,21000,21000,21000,21000,21000,21000,21000,21000,21000,21000
GET,/api/cart/add/anonymous-844/RED/1,1,0,47683.217711,47683.217711,47683.217711,47683.217711,132.0,0.0002758456848840466,0.0,48000,48000,48000,48000,48000,48000,48000,48000,48000,48000,48000
GET,/api/cart/add/anonymous-844/RMC/1,1,0,28110.62197299998,28110.62197299998,28110.62197299998,28110.62197299998,210.0,0.0002758456848840466,0.0,28000,28000,28000,28000,28000,28000,28000,28000,28000,28000,28000
GET,/api/cart/add/anonymous-845/RED/1,1,0,26250.99461899981,26250.99461899981,26250.99461899981,26250.99461899981,132.0,0.0002758456848840466,0.0,26000,26000,26000,26000,26000,26000,26000,26000,26000,26000,26000
GET,/api/cart/add/anonymous-845/Watson/1,2,0,20182.624341000064,23978.3806344999,20182.624341000064,27774.136927999734,154.0,0.0005516913697680932,0.0,28000,28000,28000,28000,28000,28000,28000,28000,28000,28000,28000
GET,/api/cart/add/anonymous-846/RMC/1,1,0,27770.804678999866,27770.804678999866,27770.804678999866,27770.804678999866,108.0,0.0002758456848840466,0.0,28000,28000,28000,28000,28000,28000,28000,28000,28000,28000,28000
GET,/api/cart/add/anonymous-846/SHCE/1,1,0,714.2121800002315,714.2121800002315,714.2121800002315,714.2121800002315,124.0,0.0002758456848840466,0.0,710,710,710,710,710,710,710,710,710,710,710
GET,/api/cart/add/anonymous-847/STAN-1/1,2,0,512.2126950000165,14138.211239499924,512.2126950000165,27764.20978399983,111.0,0.0005516913697680932,0.0,28000,28000,28000,28000,28000,28000,28000,28000,28000,28000,28000
GET,/api/cart/add/anonymous-848/HPTD/1,2,0,55491.25609299972,79924.27212099983,55491.25609299972,104357.28814899994,121.0,0.0005516913697680932,0.0,104000,104000,104000,104000,104000,104000,104000,104000,104000,104000,104000
GET,/api/cart/add/anonymous-848/RED/1,1,1,25232.10011800006,25232.10011800006,25232.10011800006,25232.10011800006,182.0,0.0002758456848840466,0.0002758456848840466,25000,25000,25000,25000,25000,25000,25000,25000,25000,25000,25000
GET,/api/cart/add/anonymous-848/UHJ/1,1,1,21857.982524999898,21857.982524999898,21857.982524999898,21857.982524999898,182.0,0.0002758456848840466,0.0002758456848840466,22000,22000,22000,22000,22000,22000,22000,22000,22000,22000,22000
GET,/api/cart/add/anonymous-849/RMC/1,2,0,46489.20096299981,47182.47223599997,46489.20096299981,47875.74350900013,108.5,0.0005516913697680932,0.0,48000,48000,48000,48000,48000,48000,48000,48000,48000,48000,48000
GET,/api/cart/add/anonymous-85/EMM/1,3,0,57000.0,44363.01518800004,67.13601100000233,75922.23121999996,137.0,0.0008275370546521397,0.0,57000,57000,76000,76000,76000,76000,76000,76000,76000,76000,76000
GET,/api/cart/add/anonymous-85/HPTD/1,2,0,52.42986499996505,77.49739400000522,52.42986499996505,102.56492300004538,121.0,0.0005516913697680932,0.0,100,100,100,100,100,100,100,100,100,100,100
GET,/api/cart/add/anonymous-85/SHCE/1,1,0,83.38216300001022,83.38216300001022,83.38216300001022,83.38216300001022,229.0,0.0002758456848840466,0.0,83,83,83,83,83,83,83,83,83,83,83
GET,/api/cart/add/anonymous-850/EMM/1,1,1,74842.86720000001,74842.86720000001,74842.86720000001,74842.86720000001,0.0,0.0002758456848840466,0.0002758456848840466,75000,75000,75000,75000,75000,75000,75000,75000,75000,75000,75000
GET,/api/cart/add/anonymous-850/SHCE/1,1,0,28764.296538000053,28764.296538000053,28764.296538000053,28764.296538000053,124.0,0.0002758456848840466,0.0,29000,29000,29000,29000,29000,29000,29000,29000,29000,29000,29000
GET,/api/cart/add/anonymous-850/UHJ/1,1,0,80709.58786100027,80709.58786100027,80709.58786100027,80709.58786100027,138.0,0.0002758456848840466,0.0,81000,81000,81000,81000,81000,81000,81000,81000,81000,81000,81000
GET,/api/cart/add/anonymous-850/Watson/1,1,0,55552.56909699983,55552.56909699983,55552.56909699983,55552.56909699983,209.0,0.0002758456848840466,0.0,56000,56000,56000,56000,56000,56000,56000,56000,56000,56000,56000
GET,/api/cart/add/anonymous-851/EMM/1,1,0,48638.203813000015,48638.203813000015,48638.203813000015,48638.203813000015,137.0,0.0002758456848840466,0.0,49000,49000,49000,49000,49000,49000,49000,49000,49000,49000,49000
GET,/api/cart/add/anonymous-851/RMC/1,1,0,42613.214702000274,42613.214702000274,42613.214702000274,42613.214702000274,108.0,0.0002758456848840466,0.0,43000,43000,43000,43000,43000,43000,43000,43000,43000,43000,43000
GET,/api/cart/add/anonymous-852/RED/1,1,0,74618.99487099981,74618.99487099981,74618.99487099981,74618.99487099981,132.0,0.0002758456848840466,0.0,75000,75000,75000,75000,75000,75000,75000,75000,75000,75000,75000
GET,/api/cart/add/anonymous-852/RMC/1,1,0,56512.74596100029,56512.74596100029,56512.74596100029,56512.74596100029,210.0,0.0002758456848840466,0.0,57000,57000,57000,57000,57000,57000,57000,57000,57000,57000,57000
GET,/api/cart/add/anonymous-853/STAN-1/1,1,0,43082.86212099984,43082.86212099984,43082.86212099984,43082.86212099984,111.0,0.0002758456848840466,0.0,43000,43000,43000,43000,43000,43000,43000,43000,43000,43000,43000
GET,/api/cart/add/anonymous-853/Watson/1,1,0,22547.566994000135,22547.566994000135,22547.566994000135,22547.566994000135,182.0,0.0002758456848840466,0.0,23000,23000,23000,23000,23000,23000,23000,23000,23000,23000,23000
GET,/api/cart/add/anonymous-854/EMM/1,3,0,49000.0,42674.159985000035,22518.564350999895,56098.94489299995,137.0,0.0008275370546521397,0.0,49000,49000,56000,56000,56000,56000,56000,56000,56000,56000,56000
GET,/api/cart/add/anonymous-855/STAN-1/1,1,0,75791.16636800018,75791.16636800018,75791.16636800018,75791.16636800018,191.0,0.0002758456848840466,0.0,76000,76000,76000,76000,76000,76000,76000,76000,76000,76000,76000
GET,/api/cart/add/anonymous-855/UHJ/1,1,0,74945.07801100008,74945.07801100008,74945.07801100008,74945.07801100008,138.0,0.0002758456848840466,0.0,75000,75000,75000,75000,75000,75000,75000,75000,75000,75000,75000
GET,/api/cart/add/anonymous-856/EPE/1,1,0,26948.895983000057,26948.895983000057,26948.895983000057,26948.895983000057,129.0,0.0002758456848840466,0.0,27000,27000,27000,27000,27000,27000,27000,27000,27000,27000,27000
GET,/api/cart/add/anonymous-856/SHCE/1,1,0,49405.537507999725,49405.537507999725,49405.537507999725,49405.537507999725,382.0,0.0002758456848840466,0.0,49000,49000,49000,49000,49000,49000,49000,49000,49000,49000,49000
GET,/api/cart/add/anonymous-856/UHJ/1,1,0,30582.740082999862,30582.740082999862,30582.740082999862,30582.740082999862,290.0,0.0002758456848840466,0.0,31000,31000,31000,31000,31000,31000,31000,31000,31000,31000,31000
GET,/api/cart/add/anonymous-856/Watson/1,1,0,21393.221525000172,21393.221525000172,21393.221525000172,21393.221525000172,200.0,0.0002758456848840466,0.0,21000,21000,21000,21000,21000,21000,21000,21000,21000,21000,21000
GET,/api/cart/add/anonymous-857/RED/1,1,0,131220.78976600006,131220.78976600006,131220.78976600006,131220.78976600006,132.0,0.0002758456848840466,0.0,131000,131000,131000,131000,131000,131000,131000,131000,131000,131000,131000
GET,/api/cart/add/anonymous-857/SHCE/1,1,0,43162.76046799976,43162.76046799976,43162.76046799976,43162.76046799976,225.0,0.0002758456848840466,0.0,43000,43000,43000,43000,43000,43000,43000,43000,43000,43000,43000
GET,/api/cart/add/anonymous-86/EPE/1,1,0,43.785737999996854,43.785737999996854,43.785737999996854,43.785737999996854,222.0,0.0002758456848840466,0.0,44,44,44,44,44,44,44,44,44,44,44
GET,/api/cart/add/anonymous-86/SHCE/1,1,0,123.15008900003477,123.15008900003477,123.15008900003477,123.15008900003477,124.0,0.0002758456848840466,0.0,120,120,120,120,120,120,120,120,120,120,120
GET,/api/cart/add/anonymous-86/STAN-1/1,1,0,120.34038000001601,120.34038000001601,120.34038000001601,120.34038000001601,191.0,0.0002758456848840466,0.0,120,120,120,120,120,120,120,120,120,120,120
GET,/api/cart/add/anonymous-86/UHJ/1,1,0,260.2115209999738,260.2115209999738,260.2115209999738,260.2115209999738,138.0,0.0002758456848840466,0.0,260,260,260,260,260,260,260,260,260,260,260
GET,/api/cart/add/anonymous-860/RED/1,1,0,28310.474734999843,28310.474734999843,28310.474734999843,28310.474734999843,196.0,0.0002758456848840466,0.0,28000,28000,28000,28000,28000,28000,28000,28000,28000,28000,28000
GET,/api/cart/add/anonymous-860/STAN-1/1,3,0,28000.0,51114.09361433349,21303.704743000253,104370.00473000035,111.33333333333333,0.0008275370546521397,0.0,28000,28000,104000,104000,104000,104000,104000,104000,104000,104000,104000
GET,/api/cart/add/anonymous-862/RMC/1,1,0,21863.647796999885,21863.647796999885,21863.647796999885,21863.647796999885,108.0,0.0002758456848840466,0.0,22000,22000,22000,22000,22000,22000,22000,22000,22000,22000,22000
GET,/api/cart/add/anonymous-864/HPTD/1,2,0,38000.0,63935.33750949996,37910.18915099994,89960.48586799997,121.0,0.0005516913697680932,0.0,90000,90000,90000,90000,90000,90000,90000,90000,90000,90000,90000
GET,/api/cart/add/anonymous-864/STAN-1/1,1,0,46526.361856999756,46526.361856999756,46526.361856999756,46526.361856999756,111.0,0.0002758456848840466,0.0,47000,47000,47000,47000,47000,47000,47000,47000,47000,47000,47000
GET,/api/cart/add/anonymous-864/UHJ/1,1,0,58792.89066899991,58792.89066899991,58792.89066899991,58792.89066899991,191.0,0.0002758456848840466,0.0,59000,59000,59000,59000,59000,59000,59000,59000,59000,59000,59000
GET,/api/cart/add/anonymous-865/EMM/1,1,1,40290.44990699981,40290.44990699981,40290.44990699981,40290.44990699981,182.0,0.0002758456848840466,0.0002758456848840466,40000,40000,40000,40000,40000,40000,40000,40000,40000,40000,40000
GET,/api/cart/add/anonymous-865/EPE/1,1,0,18602.42244799997,18602.42244799997,18602.42244799997,18602.42244799997,129.0,0.0002758456848840466,0.0,19000,19000,19000,19000,19000,19000,19000,19000,19000,19000,19000
GET,/api/cart/add/anonymous-865/SHCE/1,1,0,55551.67648599991,55551.67648599991,55551.67648599991,55551.67648599991,124.0,0.0002758456848840466,0.0,56000,56000,56000,56000,56000,56000,56000,56000,56000,56000,56000
GET,/api/cart/add/anonymous-865/STAN-1/1,1,0,22681.49908300029,22681.49908300029,22681.49908300029,22681.49908300029,203.0,0.0002758456848840466,0.0,23000,23000,23000,23000,23000,23000,23000,23000,23000,23000,23000
GET,/api/cart/add/anonymous-867/EMM/1,1,0,29263.47795699985,29263.47795699985,29263.47795699985,29263.47795699985,288.0,0.0002758456848840466,0.0,29000,29000,29000,29000,29000,29000,29000,29000,29000,29000,29000
GET,/api/cart/add/anonymous-867/EPE/1,2,0,43081.01000000033,58873.08293000012,43081.01000000033,74665.15585999991,157.5,0.0005516913697680932,0.0,75000,75000,75000,75000,75000,75000,75000,75000,75000,75000,75000
GET,/api/cart/add/anonymous-867/Watson/1,1,0,38915.25497899988,38915.25497899988,38915.25497899988,38915.25497899988,200.0,0.0002758456848840466,0.0,39000,39000,39000,39000,39000,39000,39000,39000,39000,39000,39000
GET,/api/cart/add/anonymous-868/EMM/1,1,0,17087.91830700011,17087.91830700011,17087.91830700011,17087.91830700011,137.0,0.0002758456848840466,0.0,17000,17000,17000,17000,17000,17000,17000,17000,17000,17000,17000
GET,/api/cart/add/anonymous-868/RED/1,2,0,41000.0,65411.61375050001,40862.62743199995,89960.60006900007,196.5,0.0005516913697680932,0.0,90000,90000,90000,90000,90000,90000,90000,90000,90000,90000,90000
GET,/api/cart/add/anonymous-868/Watson/1,1,0,57012.260102000255,57012.260102000255,57012.260102000255,57012.260102000255,106.0,0.0002758456848840466,0.0,57000,57000,57000,57000,57000,57000,57000,57000,57000,57000,57000
GET,/api/cart/add/anonymous-869/EMM/1,1,0,121883.77520600034,121883.77520600034,121883.77520600034,121883.77520600034,206.0,0.0002758456848840466,0.0,122000,122000,122000,122000,122000,122000,122000,122000,122000,122000,122000
GET,/api/cart/add/anonymous-869/Watson/1,1,0,38746.25440699993,38746.25440699993,38746.25440699993,38746.25440699993,106.0,0.0002758456848840466,0.0,39000,39000,39000,39000,39000,39000,39000,39000,39000,39000,39000
GET,/api/cart/add/anonymous-87/EMM/1,1,0,49.80945800002701,49.80945800002701,49.80945800002701,49.80945800002701,137.0,0.0002758456848840466,0.0,50,50,50,50,50,50,50,50,50,50,50
GET,/api/cart/add/anonymous-87/EPE/1,1,0,61.57529400002204,61.57529400002204,61.57529400002204,61.57529400002204,205.0,0.0002758456848840466,0.0,62,62,62,62,62,62,62,62,62,62,62
GET,/api/cart/add/anonymous-87/SHCE/1,1,0,36.092113999984576,36.092113999984576,36.092113999984576,36.092113999984576,124.0,0.0002758456848840466,0.0,36,36,36,36,36,36,36,36,36,36,36
GET,/api/cart/add/anonymous-87/Watson/1,3,0,42000.0,31361.83932099992,79.52135099998259,51951.11815399969,136.0,0.0008275370546521397,0.0,42000,42000,52000,52000,52000,52000,52000,52000,52000,52000,52000
GET,/api/cart/add/anonymous-870/EMM/1,1,0,48847.38428399987,48847.38428399987,48847.38428399987,48847.38428399987,229.0,0.0002758456848840466,0.0,49000,49000,49000,49000,49000,49000,49000,49000,49000,49000,49000
GET,/api/cart/add/anonymous-870/HPTD/1,1,0,17256.77913499999,17256.77913499999,17256.77913499999,17256.77913499999,121.0,0.0002758456848840466,0.0,17000,17000,17000,17000,17000,17000,17000,17000,17000,17000,17000
GET,/api/cart/add/anonymous-870/SHCE/1,2,1,49000.0,49120.03454700016,48771.28226900004,49468.78682500028,62.0,0.0005516913697680932,0.0002758456848840466,49000,49000,49000,49000,49000,49000,49000,49000,49000,49000,49000
GET,/api/cart/add/anonymous-871/EPE/1,1,0,28290.51698100011,28290.51698100011,28290.51698100011,28290.51698100011,129.0,0.0002758456848840466,0.0,28000,28000,28000,28000,28000,28000,28000,28000,28000,28000,28000
GET,/api/cart/add/anonymous-871/RED/1,1,0,89969.17887300014,89969.17887300014,89969.17887300014,89969.17887300014,132.0,0.0002758456848840466,0.0,90000,90000,90000,90000,90000,90000,90000,90000,90000,90000,90000
GET,/api/cart/add/anonymous-871/UHJ/1,1,0,43633.17451400007,43633.17451400007,43633.17451400007,43633.17451400007,220.0,0.0002758456848840466,0.0,44000,44000,44000,44000,44000,44000,44000,44000,44000,44000,44000
GET,/api/cart/add/anonymous-871/Watson/1,1,0,21852.791356999885,21852.791356999885,21852.791356999885,21852.791356999885,106.0,0.0002758456848840466,0.0,22000,22000,22000,22000,22000,22000,22000,22000,22000,22000,22000
GET,/api/cart/add/anonymous-872/SHCE/1,2,0,38293.575760999825,45922.56463149988,38293.575760999825,53551.55350199994,163.5,0.0005516913697680932,0.0,54000,54000,54000,54000,54000,54000,54000,54000,54000,54000,54000
GET,/api/cart/add/anonymous-872/STAN-1/1,2,0,40000.0,48544.386216500134,39827.3996800001,57261.37275300016,157.0,0.0005516913697680932,0.0,57000,57000,57000,57000,57000,57000,57000,57000,57000,57000,57000
GET,/api/cart/add/anonymous-873/EMM/1,1,0,21862.676282000168,21862.676282000168,21862.676282000168,21862.676282000168,137.0,0.0002758456848840466,0.0,22000,22000,22000,22000,22000,22000,22000,22000,22000,22000,22000
GET,/api/cart/add/anonymous-873/RMC/1,2,0,54000.0,55403.99744549973,53560.83041799957,57247.16447299988,108.5,0.0005516913697680932,0.0,57000,57000,57000,57000,57000,57000,57000,57000,57000,57000,57000
GET,/api/cart/add/anonymous-874/EMM/1,1,0,28280.851459000132,28280.851459000132,28280.851459000132,28280.851459000132,137.0,0.0002758456848840466,0.0,28000,28000,28000,28000,28000,28000,28000,28000,28000,28000,28000
GET,/api/cart/add/anonymous-874/SHCE/1,1,0,35822.546547000005,35822.546547000005,35822.546547000005,35822.546547000005,230.0,0.0002758456848840466,0.0,36000,36000,36000,36000,36000,36000,36000,36000,36000,36000,36000
GET,/api/cart/add/anonymous-874/STAN-1/1,1,0,27962.029566999718,27962.029566999718,27962.029566999718,27962.029566999718,201.0,0.0002758456848840466,0.0,28000,28000,28000,28000,28000,28000,28000,28000,28000,28000,28000
GET,/api/cart/add/anonymous-874/UHJ/1,1,0,75662.05671300009,75662.05671300009,75662.05671300009,75662.05671300009,138.0,0.0002758456848840466,0.0,76000,76000,76000,76000,76000,76000,76000,76000,76000,76000,76000
GET,/api/cart/add/anonymous-875/EPE/1,1,1,36151.590837999946,36151.590837999946,36151.590837999946,36151.590837999946,182.0,0.0002758456848840466,0.0002758456848840466,36000,36000,36000,36000,36000,36000,36000,36000,36000,36000,36000
GET,/api/cart/add/anonymous-875/HPTD/1,1,1,24154.27499600014,24154.27499600014,24154.27499600014,24154.27499600014,182.0,0.0002758456848840466,0.0002758456848840466,24000,24000,24000,24000,24000,24000,24000,24000,24000,24000,24000
GET,/api/cart/add/anonymous-875/RED/1,1,0,151105.47811700008,151105.47811700008,151105.47811700008,151105.47811700008,132.0,0.0002758456848840466,0.0,151000,151000,151000,151000,151000,151000,151000,151000,151000,151000,151000
GET,/api/cart/add/anonymous-875/UHJ/1,1,0,22681.51778299989,22681.51778299989,22681.51778299989,22681.51778299989,138.0,0.0002758456848840466,0.0,23000,23000,23000,23000,23000,23000,23000,23000,23000,23000,23000
GET,/api/cart/add/anonymous-876/RED/1,1,1,116680.41190899999,116680.41190899999,116680.41190899999,116680.41190899999,182.0,0.0002758456848840466,0.0002758456848840466,117000,117000,117000,117000,117000,117000,117000,117000,117000,117000,117000
GET,/api/cart/add/anonymous-876/RMC/1,1,1,21599.27247199994,21599.27247199994,21599.27247199994,21599.27247199994,182.0,0.0002758456848840466,0.0002758456848840466,22000,22000,22000,22000,22000,22000,22000,22000,22000,22000,22000
GET,/api/cart/add/anonymous-876/STAN-1/1,1,0,48058.34485500009,48058.34485500009,48058.34485500009,48058.34485500009,182.0,0.0002758456848840466,0.0,48000,48000,48000,48000,48000,48000,48000,48000,48000,48000,48000
GET,/api/cart/add/anonymous-876/Watson/1,1,0,23423.736668999936,23423.736668999936,23423.736668999936,23423.736668999936,106.0,0.0002758456848840466,0.0,23000,23000,23000,23000,23000,23000,23000,23000,23000,23000,23000
GET,/api/cart/add/anonymous-877/RMC/1,2,1,23415.822370000114,56442.940003000105,23415.822370000114,89470.0576360001,54.0,0.0005516913697680932,0.0002758456848840466,89000,89000,89000,89000,89000,89000,89000,89000,89000,89000,89000
GET,/api/cart/add/anonymous-877/SHCE/1,1,0,27893.712967000283,27893.712967000283,27893.712967000283,27893.712967000283,124.0,0.0002758456848840466,0.0,28000,28000,28000,28000,28000,28000,28000,28000,28000,28000,28000
GET,/api/cart/add/anonymous-877/Watson/1,1,0,88048.49285800038,88048.49285800038,88048.49285800038,88048.49285800038,184.0,0.0002758456848840466,0.0,88000,88000,88000,88000,88000,88000,88000,88000,88000,88000,88000
GET,/api/cart/add/anonymous-878/RED/1,1,0,1679248.975811,1679248.975811,1679248.975811,1679248.975811,132.0,0.0002758456848840466,0.0,1679000,1679000,1679000,1679000,1679000,1679000,1679000,1679000,1679000,1679000,1679000
GET,/api/cart/add/anonymous-878/UHJ/1,2,0,23434.556606000115,36332.608453999914,23434.556606000115,49230.660301999706,139.5,0.0005516913697680932,0.0,49000,49000,49000,49000,49000,49000,49000,49000,49000,49000,49000
GET,/api/cart/add/anonymous-879/EPE/1,1,0,49230.742903000195,49230.742903000195,49230.742903000195,49230.742903000195,179.0,0.0002758456848840466,0.0,49000,49000,49000,49000,49000,49000,49000,49000,49000,49000,49000
GET,/api/cart/add/anonymous-879/RMC/1,1,1,170084.9056710001,170084.9056710001,170084.9056710001,170084.9056710001,182.0,0.0002758456848840466,0.0002758456848840466,170000,170000,170000,170000,170000,170000,170000,170000,170000,170000,170000
GET,/api/cart/add/anonymous-879/STAN-1/1,1,0,23424.463378999917,23424.463378999917,23424.463378999917,23424.463378999917,111.0,0.0002758456848840466,0.0,23000,23000,23000,23000,23000,23000,23000,23000,23000,23000,23000
GET,/api/cart/add/anonymous-879/Watson/1,1,1,21234.429589999992,21234.429589999992,21234.429589999992,21234.429589999992,182.0,0.0002758456848840466,0.0002758456848840466,21000,21000,21000,21000,21000,21000,21000,21000,21000,21000,21000
GET,/api/cart/add/anonymous-88/EMM/1,1,0,223.5445059999961,223.5445059999961,223.5445059999961,223.5445059999961,137.0,0.0002758456848840466,0.0,220,220,220,220,220,220,220,220,220,220,220
GET,/api/cart/add/anonymous-88/RED/1,2,0,100.51041799999894,21047.907845999875,100.51041799999894,41995.30527399975,235.5,0.0005516913697680932,0.0,42000,42000,42000,42000,42000,42000,42000,42000,42000,42000,42000
GET,/api/cart/add/anonymous-88/RMC/1,1,0,51783.588697000145,51783.588697000145,51783.588697000145,51783.588697000145,263.0,0.0002758456848840466,0.0,52000,52000,52000,52000,52000,52000,52000,52000,52000,52000,52000
GET,/api/cart/add/anonymous-88/SHCE/1,1,0,93.78789600003756,93.78789600003756,93.78789600003756,93.78789600003756,229.0,0.0002758456848840466,0.0,94,94,94,94,94,94,94,94,94,94,94
GET,/api/cart/add/anonymous-88/STAN-1/1,1,0,41.111229000023286,41.111229000023286,41.111229000023286,41.111229000023286,111.0,0.0002758456848840466,0.0,41,41,41,41,41,41,41,41,41,41,41
GET,/api/cart/add/anonymous-88/Watson/1,1,0,51959.88665699997,51959.88665699997,51959.88665699997,51959.88665699997,106.0,0.0002758456848840466,0.0,52000,52000,52000,52000,52000,52000,52000,52000,52000,52000,52000
GET,/api/cart/add/anonymous-880/EMM/1,1,0,31596.38830899985,31596.38830899985,31596.38830899985,31596.38830899985,137.0,0.0002758456848840466,0.0,32000,32000,32000,32000,32000,32000,32000,32000,32000,32000,32000
GET,/api/cart/add/anonymous-880/RED/1,1,0,1702735.341574,1702735.341574,1702735.341574,1702735.341574,132.0,0.0002758456848840466,0.0,1703000,1703000,1703000,1703000,1703000,1703000,1703000,1703000,1703000,1703000,1703000
GET,/api/cart/add/anonymous-881/EMM/1,1,1,48723.63518199972,48723.63518199972,48723.63518199972,48723.63518199972,0.0,0.0002758456848840466,0.0002758456848840466,49000,49000,49000,49000,49000,49000,49000,49000,49000,49000,49000
GET,/api/cart/add/anonymous-881/EPE/1,1,0,1700387.7529,1700387.7529,1700387.7529,1700387.7529,129.0,0.0002758456848840466,0.0,1700000,1700000,1700000,1700000,1700000,1700000,1700000,1700000,1700000,1700000,1700000
GET,/api/cart/add/anonymous-881/Watson/1,1,0,28759.718570000132,28759.718570000132,28759.718570000132,28759.718570000132,200.0,0.0002758456848840466,0.0,29000,29000,29000,29000,29000,29000,29000,29000,29000,29000,29000
GET,/api/cart/add/anonymous-882/RED/1,1,0,48736.38847799975,48736.38847799975,48736.38847799975,48736.38847799975,132.0,0.0002758456848840466,0.0,49000,49000,49000,49000,49000,49000,49000,49000,49000,49000,49000
GET,/api/cart/add/anonymous-882/UHJ/1,1,0,1790474.1057779999,1790474.1057779999,1790474.1057779999,1790474.1057779999,138.0,0.0002758456848840466,0.0,1790000,1790000,1790000,1790000,1790000,1790000,1790000,1790000,1790000,1790000,1790000
GET,/api/cart/add/anonymous-882/Watson/1,1,0,1431.8663689996356,1431.8663689996356,1431.8663689996356,1431.8663689996356,209.0,0.0002758456848840466,0.0,1400,1400,1400,1400,1400,1400,1400,1400,1400,1400,1400
GET,/api/cart/add/anonymous-884/RED/1,1,0,55010.28942299991,55010.28942299991,55010.28942299991,55010.28942299991,132.0,0.0002758456848840466,0.0,55000,55000,55000,55000,55000,55000,55000,55000,55000,55000,55000
GET,/api/cart/add/anonymous-884/RMC/1,1,0,31605.33571399992,31605.33571399992,31605.33571399992,31605.33571399992,202.0,0.0002758456848840466,0.0,32000,32000,32000,32000,32000,32000,32000,32000,32000,32000,32000
GET,/api/cart/add/anonymous-884/SHCE/1,1,0,1679256.936008,1679256.936008,1679256.936008,1679256.936008,124.0,0.0002758456848840466,0.0,1679000,1679000,1679000,1679000,1679000,1679000,1679000,1679000,1679000,1679000,1679000
GET,/api/cart/add/anonymous-885/RED/1,3,0,39000.0,52850.53001466682,31584.458868000183,88050.43168200018,132.0,0.0008275370546521397,0.0,39000,39000,88000,88000,88000,88000,88000,88000,88000,88000,88000
GET,/api/cart/add/anonymous-885/RMC/1,1,0,43664.91347200008,43664.91347200008,43664.91347200008,43664.91347200008,210.0,0.0002758456848840466,0.0,44000,44000,44000,44000,44000,44000,44000,44000,44000,44000,44000
GET,/api/cart/add/anonymous-886/SHCE/1,1,0,18882.195519000106,18882.195519000106,18882.195519000106,18882.195519000106,124.0,0.0002758456848840466,0.0,19000,19000,19000,19000,19000,19000,19000,19000,19000,19000,19000
GET,/api/cart/add/anonymous-886/UHJ/1,1,0,61283.22075799997,61283.22075799997,61283.22075799997,61283.22075799997,230.0,0.0002758456848840466,0.0,61000,61000,61000,61000,61000,61000,61000,61000,61000,61000,61000
GET,/api/cart/add/anonymous-887/EMM/1,1,0,52220.64968199993,52220.64968199993,52220.64968199993,52220.64968199993,137.0,0.0002758456848840466,0.0,52000,52000,52000,52000,52000,52000,52000,52000,52000,52000,52000
GET,/api/cart/add/anonymous-887/RED/1,1,0,53294.98951000005,53294.98951000005,53294.98951000005,53294.98951000005,221.0,0.0002758456848840466,0.0,53000,53000,53000,53000,53000,53000,53000,53000,53000,53000,53000
GET,/api/cart/add/anonymous-888/Watson/1,1,0,92022.57878099999,92022.57878099999,92022.57878099999,92022.57878099999,106.0,0.0002758456848840466,0.0,92000,92000,92000,92000,92000,92000,92000,92000,92000,92000,92000
GET,/api/cart/add/anonymous-889/EMM/1,1,1,121891.57999300005,121891.57999300005,121891.57999300005,121891.57999300005,0.0,0.0002758456848840466,0.0002758456848840466,122000,122000,122000,122000,122000,122000,122000,122000,122000,122000,122000
GET,/api/cart/add/anonymous-89/EMM/1,1,0,64.66970500002844,64.66970500002844,64.66970500002844,64.66970500002844,205.0,0.0002758456848840466,0.0,65,65,65,65,65,65,65,65,65,65,65
GET,/api/cart/add/anonymous-89/EPE/1,1,0,48.334253000007266,48.334253000007266,48.334253000007266,48.334253000007266,129.0,0.0002758456848840466,0.0,48,48,48,48,48,48,48,48,48,48,48
GET,/api/cart/add/anonymous-89/RMC/1,1,0,39.96632700000191,39.96632700000191,39.96632700000191,39.96632700000191,190.0,0.0002758456848840466,0.0,40,40,40,40,40,40,40,40,40,40,40
GET,/api/cart/add/anonymous-89/SHCE/1,1,0,51792.320998999916,51792.320998999916,51792.320998999916,51792.320998999916,124.0,0.0002758456848840466,0.0,52000,52000,52000,52000,52000,52000,52000,52000,52000,52000,52000
GET,/api/cart/add/anonymous-89/STAN-1/1,1,0,62.13299600000255,62.13299600000255,62.13299600000255,62.13299600000255,111.0,0.0002758456848840466,0.0,62,62,62,62,62,62,62,62,62,62,62
GET,/api/cart/add/anonymous-89/Watson/1,1,0,1358.6900800000876,1358.6900800000876,1358.6900800000876,1358.6900800000876,287.0,0.0002758456848840466,0.0,1400,1400,1400,1400,1400,1400,1400,1400,1400,1400,1400
GET,/api/cart/add/anonymous-890/EPE/1,1,0,2635.8859749998373,2635.8859749998373,2635.8859749998373,2635.8859749998373,129.0,0.0002758456848840466,0.0,2600,2600,2600,2600,2600,2600,2600,2600,2600,2600,2600
GET,/api/cart/add/anonymous-890/HPTD/1,1,1,57837.115897999865,57837.115897999865,57837.115897999865,57837.115897999865,494.0,0.0002758456848840466,0.0002758456848840466,58000,58000,58000,58000,58000,58000,58000,58000,58000,58000,58000
GET,/api/cart/add/anonymous-891/EMM/1,1,0,56099.505126000164,56099.505126000164,56099.505126000164,56099.505126000164,137.0,0.0002758456848840466,0.0,56000,56000,56000,56000,56000,56000,56000,56000,56000,56000,56000
GET,/api/cart/add/anonymous-891/EPE/1,1,0,27782.32064599979,27782.32064599979,27782.32064599979,27782.32064599979,129.0,0.0002758456848840466,0.0,28000,28000,28000,28000,28000,28000,28000,28000,28000,28000,28000
GET,/api/cart/add/anonymous-891/STAN-1/1,2,0,23256.936318000044,26675.893269499968,23256.936318000044,30094.850220999888,145.0,0.0005516913697680932,0.0,30000,30000,30000,30000,30000,30000,30000,30000,30000,30000,30000
GET,/api/cart/add/anonymous-892/HPTD/1,1,0,69310.27041700008,69310.27041700008,69310.27041700008,69310.27041700008,121.0,0.0002758456848840466,0.0,69000,69000,69000,69000,69000,69000,69000,69000,69000,69000,69000
GET,/api/cart/add/anonymous-892/RED/1,1,0,44838.05234199986,44838.05234199986,44838.05234199986,44838.05234199986,132.0,0.0002758456848840466,0.0,45000,45000,45000,45000,45000,45000,45000,45000,45000,45000,45000
GET,/api/cart/add/anonymous-893/EPE/1,2,0,31000.0,36410.604770999955,30990.44716299977,41830.76237900014,200.5,0.0005516913697680932,0.0,42000,42000,42000,42000,42000,42000,42000,42000,42000,42000,42000
GET,/api/cart/add/anonymous-893/RED/1,1,0,44936.92737999982,44936.92737999982,44936.92737999982,44936.92737999982,132.0,0.0002758456848840466,0.0,45000,45000,45000,45000,45000,45000,45000,45000,45000,45000,45000
GET,/api/cart/add/anonymous-893/Watson/1,1,0,106015.11707700002,106015.11707700002,106015.11707700002,106015.11707700002,106.0,0.0002758456848840466,0.0,106000,106000,106000,106000,106000,106000,106000,106000,106000,106000,106000
GET,/api/cart/add/anonymous-894/RED/1,1,0,42166.11462900005,42166.11462900005,42166.11462900005,42166.11462900005,132.0,0.0002758456848840466,0.0,42000,42000,42000,42000,42000,42000,42000,42000,42000,42000,42000
GET,/api/cart/add/anonymous-894/SHCE/1,1,0,139548.7852219999,139548.7852219999,139548.7852219999,139548.7852219999,124.0,0.0002758456848840466,0.0,140000,140000,140000,140000,140000,140000,140000,140000,140000,140000,140000
GET,/api/cart/add/anonymous-894/UHJ/1,1,0,39279.4115669999,39279.4115669999,39279.4115669999,39279.4115669999,138.0,0.0002758456848840466,0.0,39000,39000,39000,39000,39000,39000,39000,39000,39000,39000,39000
GET,/api/cart/add/anonymous-894/Watson/1,1,0,45853.9123380001,45853.9123380001,45853.9123380001,45853.9123380001,198.0,0.0002758456848840466,0.0,46000,46000,46000,46000,46000,46000,46000,46000,46000,46000,46000
GET,/api/cart/add/anonymous-895/EPE/1,1,0,55573.425427000075,55573.425427000075,55573.425427000075,55573.425427000075,129.0,0.0002758456848840466,0.0,56000,56000,56000,56000,56000,56000,56000,56000,56000,56000,56000
GET,/api/cart/add/anonymous-895/RMC/1,1,0,43673.49296199995,43673.49296199995,43673.49296199995,43673.49296199995,108.0,0.0002758456848840466,0.0,44000,44000,44000,44000,44000,44000,44000,44000,44000,44000,44000
GET,/api/cart/add/anonymous-896/EPE/1,1,0,51940.69823099971,51940.69823099971,51940.69823099971,51940.69823099971,129.0,0.0002758456848840466,0.0,52000,52000,52000,52000,52000,52000,52000,52000,52000,52000,52000
GET,/api/cart/add/anonymous-896/UHJ/1,1,0,43675.11507900008,43675.11507900008,43675.11507900008,43675.11507900008,138.0,0.0002758456848840466,0.0,44000,44000,44000,44000,44000,44000,44000,44000,44000,44000,44000
GET,/api/cart/add/anonymous-897/EMM/1,2,0,44000.0,50312.88710499996,43665.93968300003,56959.83452699988,137.0,0.0005516913697680932,0.0,57000,57000,57000,57000,57000,57000,57000,57000,57000,57000,57000
GET,/api/cart/add/anonymous-898/RED/1,1,1,57831.43994199986,57831.43994199986,57831.43994199986,57831.43994199986,494.0,0.0002758456848840466,0.0002758456848840466,58000,58000,58000,58000,58000,58000,58000,58000,58000,58000,58000
GET,/api/cart/add/anonymous-898/UHJ/1,1,0,44091.11529200004,44091.11529200004,44091.11529200004,44091.11529200004,138.0,0.0002758456848840466,0.0,44000,44000,44000,44000,44000,44000,44000,44000,44000,44000,44000
GET,/api/cart/add/anonymous-899/RED/1,1,0,22715.147828999987,22715.147828999987,22715.147828999987,22715.147828999987,132.0,0.0002758456848840466,0.0,23000,23000,23000,23000,23000,23000,23000,23000,23000,23000,23000
GET,/api/cart/add/anonymous-899/RMC/1,2,0,990.4090370000631,26621.688506000057,990.4090370000631,52252.96797500005,210.0,0.0005516913697680932,0.0,52000,52000,52000,52000,52000,52000,52000,52000,52000,52000,52000
GET,/api/cart/add/anonymous-899/STAN-1/1,1,0,38121.711756999954,38121.711756999954,38121.711756999954,38121.711756999954,111.0,0.0002758456848840466,0.0,38000,38000,38000,38000,38000,38000,38000,38000,38000,38000,38000
GET,/api/cart/add/anonymous-9/EMM/1,2,0,60.03458899999714,65.0520045000178,60.03458899999714,70.06942000003846,137.0,0.0005516913697680932,0.0,70,70,70,70,70,70,70,70,70,70,70
GET,/api/cart/add/anonymous-9/RED/1,1,0,41.970933000015975,41.970933000015975,41.970933000015975,41.970933000015975,132.0,0.0002758456848840466,0.0,42,42,42,42,42,42,42,42,42,42,42
GET,/api/cart/add/anonymous-9/SHCE/1,1,1,63673.44450000019,63673.44450000019,63673.44450000019,63673.44450000019,0.0,0.0002758456848840466,0.0002758456848840466,64000,64000,64000,64000,64000,64000,64000,64000,64000,64000,64000
GET,/api/cart/add/anonymous-9/STAN-1/1,1,0,91.00708699997995,91.00708699997995,91.00708699997995,91.00708699997995,196.0,0.0002758456848840466,0.0,91,91,91,91,91,91,91,91,91,91,91
GET,/api/cart/add/anonymous-9/UHJ/1,1,0,27605.939373999718,27605.939373999718,27605.939373999718,27605.939373999718,138.0,0.0002758456848840466,0.0,28000,28000,28000,28000,28000,28000,28000,28000,28000,28000,28000
GET,/api/cart/add/anonymous-9/Watson/1,1,0,23469.451787999787,23469.451787999787,23469.451787999787,23469.451787999787,253.0,0.0002758456848840466,0.0,23000,23000,23000,23000,23000,23000,23000,23000,23000,23000,23000
GET,/api/cart/add/anonymous-90/RED/1,2,0,120.33638000002611,123.06693850001693,120.33638000002611,125.79749700000775,206.0,0.0005516913697680932,0.0,130,130,130,130,130,130,130,130,130,130,130
GET,/api/cart/add/anonymous-90/RMC/1,1,0,53.66686899998285,53.66686899998285,53.66686899998285,53.66686899998285,108.0,0.0002758456848840466,0.0,54,54,54,54,54,54,54,54,54,54,54
GET,/api/cart/add/anonymous-90/Watson/1,2,0,410.0,15698.06771999987,406.14588200003254,30989.989557999706,154.0,0.0005516913697680932,0.0,31000,31000,31000,31000,31000,31000,31000,31000,31000,31000,31000
GET,/api/cart/add/anonymous-900/EPE/1,1,0,116865.8187640001,116865.8187640001,116865.8187640001,116865.8187640001,129.0,0.0002758456848840466,0.0,117000,117000,117000,117000,117000,117000,117000,117000,117000,117000,117000
GET,/api/cart/add/anonymous-900/STAN-1/1,1,0,81927.02417600004,81927.02417600004,81927.02417600004,81927.02417600004,111.0,0.0002758456848840466,0.0,82000,82000,82000,82000,82000,82000,82000,82000,82000,82000,82000
GET,/api/cart/add/anonymous-901/RED/1,1,0,42523.29775999988,42523.29775999988,42523.29775999988,42523.29775999988,132.0,0.0002758456848840466,0.0,43000,43000,43000,43000,43000,43000,43000,43000,43000,43000,43000
GET,/api/cart/add/anonymous-901/RMC/1,1,1,19427.492726000084,19427.492726000084,19427.492726000084,19427.492726000084,0.0,0.0002758456848840466,0.0002758456848840466,19000,19000,19000,19000,19000,19000,19000,19000,19000,19000,19000
GET,/api/cart/add/anonymous-902/EMM/1,1,0,105086.93848100006,105086.93848100006,105086.93848100006,105086.93848100006,137.0,0.0002758456848840466,0.0,105000,105000,105000,105000,105000,105000,105000,105000,105000,105000,105000
GET,/api/cart/add/anonymous-902/RED/1,2,0,30027.23479799988,855803.1508449999,30027.23479799988,1681579.066892,223.0,0.0005516913697680932,0.0,1682000,1682000,1682000,1682000,1682000,1682000,1682000,1682000,1682000,1682000,1682000
GET,/api/cart/add/anonymous-902/SHCE/1,1,0,27520.057537999946,27520.057537999946,27520.057537999946,27520.057537999946,124.0,0.0002758456848840466,0.0,28000,28000,28000,28000,28000,28000,28000,28000,28000,28000,28000
GET,/api/cart/add/anonymous-903/RMC/1,1,1,99139.61434400016,99139.61434400016,99139.61434400016,99139.61434400016,182.0,0.0002758456848840466,0.0002758456848840466,99000,99000,99000,99000,99000,99000,99000,99000,99000,99000,99000
GET,/api/cart/add/anonymous-903/STAN-1/1,1,0,18714.589304999663,18714.589304999663,18714.589304999663,18714.589304999663,111.0,0.0002758456848840466,0.0,19000,19000,19000,19000,19000,19000,19000,19000,19000,19000,19000
GET,/api/cart/add/anonymous-904/EPE/1,1,0,1535391.5598130003,1535391.5598130003,1535391.5598130003,1535391.5598130003,129.0,0.0002758456848840466,0.0,1535000,1535000,1535000,1535000,1535000,1535000,1535000,1535000,1535000,1535000,1535000
GET,/api/cart/add/anonymous-904/RED/1,1,0,66767.50727700027,66767.50727700027,66767.50727700027,66767.50727700027,225.0,0.0002758456848840466,0.0,67000,67000,67000,67000,67000,67000,67000,67000,67000,67000,67000
GET,/api/cart/add/anonymous-904/SHCE/1,1,0,51276.663865000046,51276.663865000046,51276.663865000046,51276.663865000046,124.0,0.0002758456848840466,0.0,51000,51000,51000,51000,51000,51000,51000,51000,51000,51000,51000
GET,/api/cart/add/anonymous-904/Watson/1,1,0,52689.689904999796,52689.689904999796,52689.689904999796,52689.689904999796,200.0,0.0002758456848840466,0.0,53000,53000,53000,53000,53000,53000,53000,53000,53000,53000,53000
GET,/api/cart/add/anonymous-905/STAN-1/1,1,0,39288.12175500002,39288.12175500002,39288.12175500002,39288.12175500002,111.0,0.0002758456848840466,0.0,39000,39000,39000,39000,39000,39000,39000,39000,39000,39000,39000
GET,/api/cart/add/anonymous-905/UHJ/1,2,0,42165.06701799994,47061.98978149985,42165.06701799994,51958.91254499975,139.5,0.0005516913697680932,0.0,52000,52000,52000,52000,52000,52000,52000,52000,52000,52000,52000
GET,/api/cart/add/anonymous-906/EPE/1,1,0,61801.648909000054,61801.648909000054,61801.648909000054,61801.648909000054,129.0,0.0002758456848840466,0.0,62000,62000,62000,62000,62000,62000,62000,62000,62000,62000,62000
GET,/api/cart/add/anonymous-906/STAN-1/1,1,0,38183.92657499999,38183.92657499999,38183.92657499999,38183.92657499999,111.0,0.0002758456848840466,0.0,38000,38000,38000,38000,38000,38000,38000,38000,38000,38000,38000
GET,/api/cart/add/anonymous-907/SHCE/1,2,0,29000.0,50192.24404099987,28969.158738999795,71415.32934299993,177.0,0.0005516913697680932,0.0,71000,71000,71000,71000,71000,71000,71000,71000,71000,71000,71000
GET,/api/cart/add/anonymous-907/UHJ/1,1,0,94003.89402099996,94003.89402099996,94003.89402099996,94003.89402099996,138.0,0.0002758456848840466,0.0,94000,94000,94000,94000,94000,94000,94000,94000,94000,94000,94000
GET,/api/cart/add/anonymous-907/Watson/1,1,1,38832.2513979997,38832.2513979997,38832.2513979997,38832.2513979997,0.0,0.0002758456848840466,0.0002758456848840466,39000,39000,39000,39000,39000,39000,39000,39000,39000,39000,39000
GET,/api/cart/add/anonymous-908/EPE/1,1,0,51357.819621999624,51357.819621999624,51357.819621999624,51357.819621999624,129.0,0.0002758456848840466,0.0,51000,51000,51000,51000,51000,51000,51000,51000,51000,51000,51000
GET,/api/cart/add/anonymous-908/RED/1,1,0,29622.843277000356,29622.843277000356,29622.843277000356,29622.843277000356,132.0,0.0002758456848840466,0.0,30000,30000,30000,30000,30000,30000,30000,30000,30000,30000,30000
GET,/api/cart/add/anonymous-908/Watson/1,1,1,97442.39784900015,97442.39784900015,97442.39784900015,97442.39784900015,182.0,0.0002758456848840466,0.0002758456848840466,97000,97000,97000,97000,97000,97000,97000,97000,97000,97000,97000
GET,/api/cart/add/anonymous-909/SHCE/1,1,0,61811.52771099983,61811.52771099983,61811.52771099983,61811.52771099983,124.0,0.0002758456848840466,0.0,62000,62000,62000,62000,62000,62000,62000,62000,62000,62000,62000
GET,/api/cart/add/anonymous-91/EPE/1,1,0,47.17224900002748,47.17224900002748,47.17224900002748,47.17224900002748,129.0,0.0002758456848840466,0.0,47,47,47,47,47,47,47,47,47,47,47
GET,/api/cart/add/anonymous-91/RMC/1,1,0,76.8886419999717,76.8886419999717,76.8886419999717,76.8886419999717,207.0,0.0002758456848840466,0.0,77,77,77,77,77,77,77,77,77,77,77
GET,/api/cart/add/anonymous-91/SHCE/1,2,1,370.0467680000088,19605.373681999907,370.0467680000088,38840.700595999806,101.5,0.0005516913697680932,0.0002758456848840466,39000,39000,39000,39000,39000,39000,39000,39000,39000,39000,39000
GET,/api/cart/add/anonymous-91/STAN-1/1,1,0,40.252926999983174,40.252926999983174,40.252926999983174,40.252926999983174,111.0,0.0002758456848840466,0.0,40,40,40,40,40,40,40,40,40,40,40
GET,/api/cart/add/anonymous-910/STAN-1/1,1,0,61811.25750900014,61811.25750900014,61811.25750900014,61811.25750900014,111.0,0.0002758456848840466,0.0,62000,62000,62000,62000,62000,62000,62000,62000,62000,62000,62000
GET,/api/cart/add/anonymous-911/HPTD/1,1,0,39211.007783000015,39211.007783000015,39211.007783000015,39211.007783000015,121.0,0.0002758456848840466,0.0,39000,39000,39000,39000,39000,39000,39000,39000,39000,39000,39000
GET,/api/cart/add/anonymous-911/RMC/1,1,0,29787.684602000354,29787.684602000354,29787.684602000354,29787.684602000354,199.0,0.0002758456848840466,0.0,30000,30000,30000,30000,30000,30000,30000,30000,30000,30000,30000
GET,/api/cart/add/anonymous-912/EMM/1,1,0,30339.8007210003,30339.8007210003,30339.8007210003,30339.8007210003,137.0,0.0002758456848840466,0.0,30000,30000,30000,30000,30000,30000,30000,30000,30000,30000,30000
GET,/api/cart/add/anonymous-912/STAN-1/1,2,1,52000.0,74390.41079150002,51969.602871999996,96811.21871100004,146.5,0.0005516913697680932,0.0002758456848840466,97000,97000,97000,97000,97000,97000,97000,97000,97000,97000,97000
GET,/api/cart/add/anonymous-913/STAN-1/1,1,0,18706.44874000027,18706.44874000027,18706.44874000027,18706.44874000027,111.0,0.0002758456848840466,0.0,19000,19000,19000,19000,19000,19000,19000,19000,19000,19000,19000
GET,/api/cart/add/anonymous-913/UHJ/1,1,1,98185.30532499995,98185.30532499995,98185.30532499995,98185.30532499995,182.0,0.0002758456848840466,0.0002758456848840466,98000,98000,98000,98000,98000,98000,98000,98000,98000,98000,98000
GET,/api/cart/add/anonymous-914/EMM/1,1,0,113386.25822599989,113386.25822599989,113386.25822599989,113386.25822599989,137.0,0.0002758456848840466,0.0,113000,113000,113000,113000,113000,113000,113000,113000,113000,113000,113000
GET,/api/cart/add/anonymous-914/SHCE/1,1,1,19369.789354999964,19369.789354999964,19369.789354999964,19369.789354999964,0.0,0.0002758456848840466,0.0002758456848840466,19000,19000,19000,19000,19000,19000,19000,19000,19000,19000,19000
GET,/api/cart/add/anonymous-915/HPTD/1,1,0,114099.25966499986,114099.25966499986,114099.25966499986,114099.25966499986,121.0,0.0002758456848840466,0.0,114000,114000,114000,114000,114000,114000,114000,114000,114000,114000,114000
GET,/api/cart/add/anonymous-915/STAN-1/1,1,1,69309.38270799993,69309.38270799993,69309.38270799993,69309.38270799993,182.0,0.0002758456848840466,0.0002758456848840466,69000,69000,69000,69000,69000,69000,69000,69000,69000,69000,69000
GET,/api/cart/add/anonymous-916/EMM/1,1,1,38634.7524619996,38634.7524619996,38634.7524619996,38634.7524619996,0.0,0.0002758456848840466,0.0002758456848840466,39000,39000,39000,39000,39000,39000,39000,39000,39000,39000,39000
GET,/api/cart/add/anonymous-916/SHCE/1,1,0,69378.75449399985,69378.75449399985,69378.75449399985,69378.75449399985,124.0,0.0002758456848840466,0.0,69000,69000,69000,69000,69000,69000,69000,69000,69000,69000,69000
GET,/api/cart/add/anonymous-917/EMM/1,1,0,67045.67692599994,67045.67692599994,67045.67692599994,67045.67692599994,137.0,0.0002758456848840466,0.0,67000,67000,67000,67000,67000,67000,67000,67000,67000,67000,67000
GET,/api/cart/add/anonymous-917/EPE/1,1,1,39677.95840200006,39677.95840200006,39677.95840200006,39677.95840200006,0.0,0.0002758456848840466,0.0002758456848840466,40000,40000,40000,40000,40000,40000,40000,40000,40000,40000,40000
GET,/api/cart/add/anonymous-917/SHCE/1,1,0,30606.954217999828,30606.954217999828,30606.954217999828,30606.954217999828,124.0,0.0002758456848840466,0.0,31000,31000,31000,31000,31000,31000,31000,31000,31000,31000,31000
GET,/api/cart/add/anonymous-918/HPTD/1,1,0,75862.87363500014,75862.87363500014,75862.87363500014,75862.87363500014,121.0,0.0002758456848840466,0.0,76000,76000,76000,76000,76000,76000,76000,76000,76000,76000,76000
GET,/api/cart/add/anonymous-918/RED/1,1,0,141305.8331389998,141305.8331389998,141305.8331389998,141305.8331389998,219.0,0.0002758456848840466,0.0,141000,141000,141000,141000,141000,141000,141000,141000,141000,141000,141000
GET,/api/cart/add/anonymous-918/STAN-1/1,1,0,635.9148559999994,635.9148559999994,635.9148559999994,635.9148559999994,111.0,0.0002758456848840466,0.0,640,640,640,640,640,640,640,640,640,640,640
GET,/api/cart/add/anonymous-919/EPE/1,1,0,58981.85692399988,58981.85692399988,58981.85692399988,58981.85692399988,129.0,0.0002758456848840466,0.0,59000,59000,59000,59000,59000,59000,59000,59000,59000,59000,59000
GET,/api/cart/add/anonymous-919/HPTD/1,1,1,86114.42812099995,86114.42812099995,86114.42812099995,86114.42812099995,0.0,0.0002758456848840466,0.0002758456848840466,86000,86000,86000,86000,86000,86000,86000,86000,86000,86000,86000
GET,/api/cart/add/anonymous-919/RED/1,1,0,103347.44491900028,103347.44491900028,103347.44491900028,103347.44491900028,196.0,0.0002758456848840466,0.0,103000,103000,103000,103000,103000,103000,103000,103000,103000,103000,103000
GET,/api/cart/add/anonymous-919/STAN-1/1,1,0,40271.06771799982,40271.06771799982,40271.06771799982,40271.06771799982,111.0,0.0002758456848840466,0.0,40000,40000,40000,40000,40000,40000,40000,40000,40000,40000,40000
GET,/api/cart/add/anonymous-92/EPE/1,1,0,118.59137400000463,118.59137400000463,118.59137400000463,118.59137400000463,201.0,0.0002758456848840466,0.0,120,120,120,120,120,120,120,120,120,120,120
GET,/api/cart/add/anonymous-92/RED/1,1,0,203.95484400000896,203.95484400000896,203.95484400000896,203.95484400000896,132.0,0.0002758456848840466,0.0,200,200,200,200,200,200,200,200,200,200,200
GET,/api/cart/add/anonymous-92/RMC/1,1,0,28.604089999987536,28.604089999987536,28.604089999987536,28.604089999987536,108.0,0.0002758456848840466,0.0,29,29,29,29,29,29,29,29,29,29,29
GET,/api/cart/add/anonymous-92/UHJ/1,1,0,28.084589000002325,28.084589000002325,28.084589000002325,28.084589000002325,216.0,0.0002758456848840466,0.0,28,28,28,28,28,28,28,28,28,28,28
GET,/api/cart/add/anonymous-920/UHJ/1,1,0,51783.39399400011,51783.39399400011,51783.39399400011,51783.39399400011,138.0,0.0002758456848840466,0.0,52000,52000,52000,52000,52000,52000,52000,52000,52000,52000,52000
GET,/api/cart/add/anonymous-921/EMM/1,1,0,39732.17007900007,39732.17007900007,39732.17007900007,39732.17007900007,137.0,0.0002758456848840466,0.0,40000,40000,40000,40000,40000,40000,40000,40000,40000,40000,40000
GET,/api/cart/add/anonymous-921/Watson/1,1,1,47278.30779600026,47278.30779600026,47278.30779600026,47278.30779600026,182.0,0.0002758456848840466,0.0002758456848840466,47000,47000,47000,47000,47000,47000,47000,47000,47000,47000,47000
GET,/api/cart/add/anonymous-922/RED/1,2,0,79000.0,91105.45183699991,78965.05793100005,103245.8457429998,132.0,0.0005516913697680932,0.0,103000,103000,103000,103000,103000,103000,103000,103000,103000,103000,103000
GET,/api/cart/add/anonymous-922/SHCE/1,1,0,86091.35765900009,86091.35765900009,86091.35765900009,86091.35765900009,124.0,0.0002758456848840466,0.0,86000,86000,86000,86000,86000,86000,86000,86000,86000,86000,86000
GET,/api/cart/add/anonymous-923/EMM/1,1,0,303.8567429998693,303.8567429998693,303.8567429998693,303.8567429998693,229.0,0.0002758456848840466,0.0,300,300,300,300,300,300,300,300,300,300,300
GET,/api/cart/add/anonymous-923/SHCE/1,1,0,78971.90647399997,78971.90647399997,78971.90647399997,78971.90647399997,124.0,0.0002758456848840466,0.0,79000,79000,79000,79000,79000,79000,79000,79000,79000,79000,79000
GET,/api/cart/add/anonymous-924/EPE/1,1,0,67129.34747600002,67129.34747600002,67129.34747600002,67129.34747600002,207.0,0.0002758456848840466,0.0,67000,67000,67000,67000,67000,67000,67000,67000,67000,67000,67000
GET,/api/cart/add/anonymous-924/RMC/1,1,0,78973.84680900018,78973.84680900018,78973.84680900018,78973.84680900018,108.0,0.0002758456848840466,0.0,79000,79000,79000,79000,79000,79000,79000,79000,79000,79000,79000
GET,/api/cart/add/anonymous-925/RMC/1,1,0,40291.944030000195,40291.944030000195,40291.944030000195,40291.944030000195,190.0,0.0002758456848840466,0.0,40000,40000,40000,40000,40000,40000,40000,40000,40000,40000,40000
GET,/api/cart/add/anonymous-925/STAN-1/1,2,0,59000.0,62883.079639000134,58980.45679300026,66785.702485,151.0,0.0005516913697680932,0.0,67000,67000,67000,67000,67000,67000,67000,67000,67000,67000,67000
GET,/api/cart/add/anonymous-925/UHJ/1,1,0,29287.27082799969,29287.27082799969,29287.27082799969,29287.27082799969,282.0,0.0002758456848840466,0.0,29000,29000,29000,29000,29000,29000,29000,29000,29000,29000,29000
GET,/api/cart/add/anonymous-926/EMM/1,1,0,41851.90652199981,41851.90652199981,41851.90652199981,41851.90652199981,137.0,0.0002758456848840466,0.0,42000,42000,42000,42000,42000,42000,42000,42000,42000,42000,42000
GET,/api/cart/add/anonymous-926/EPE/1,1,0,1526.4537190000738,1526.4537190000738,1526.4537190000738,1526.4537190000738,129.0,0.0002758456848840466,0.0,1500,1500,1500,1500,1500,1500,1500,1500,1500,1500,1500
GET,/api/cart/add/anonymous-927/RED/1,1,0,65611.93944099978,65611.93944099978,65611.93944099978,65611.93944099978,209.0,0.0002758456848840466,0.0,66000,66000,66000,66000,66000,66000,66000,66000,66000,66000,66000
GET,/api/cart/add/anonymous-927/UHJ/1,1,0,46293.71421300016,46293.71421300016,46293.71421300016,46293.71421300016,138.0,0.0002758456848840466,0.0,46000,46000,46000,46000,46000,46000,46000,46000,46000,46000,46000
GET,/api/cart/add/anonymous-928/EMM/1,2,0,550.0,33946.11486299982,546.9641979998414,67345.2655279998,183.5,0.0005516913697680932,0.0,67000,67000,67000,67000,67000,67000,67000,67000,67000,67000,67000
GET,/api/cart/add/anonymous-928/UHJ/1,2,0,30106.73556000029,48598.56644500019,30106.73556000029,67090.3973300001,139.5,0.0005516913697680932,0.0,67000,67000,67000,67000,67000,67000,67000,67000,67000,67000,67000
GET,/api/cart/add/anonymous-929/EPE/1,1,0,67110.35045800009,67110.35045800009,67110.35045800009,67110.35045800009,129.0,0.0002758456848840466,0.0,67000,67000,67000,67000,67000,67000,67000,67000,67000,67000,67000
GET,/api/cart/add/anonymous-929/HPTD/1,1,0,30940.228775999913,30940.228775999913,30940.228775999913,30940.228775999913,121.0,0.0002758456848840466,0.0,31000,31000,31000,31000,31000,31000,31000,31000,31000,31000,31000
GET,/api/cart/add/anonymous-93/EMM/1,1,0,58.09678299999632,58.09678299999632,58.09678299999632,58.09678299999632,201.0,0.0002758456848840466,0.0,58,58,58,58,58,58,58,58,58,58,58
GET,/api/cart/add/anonymous-93/HPTD/1,2,0,164.1908189999981,198.04742549999332,164.1908189999981,231.90403199998855,121.0,0.0005516913697680932,0.0,230,230,230,230,230,230,230,230,230,230,230
GET,/api/cart/add/anonymous-93/STAN-1/1,1,0,41.48813000000473,41.48813000000473,41.48813000000473,41.48813000000473,111.0,0.0002758456848840466,0.0,41,41,41,41,41,41,41,41,41,41,41
GET,/api/cart/add/anonymous-93/Watson/1,1,0,75994.62087100028,75994.62087100028,75994.62087100028,75994.62087100028,106.0,0.0002758456848840466,0.0,76000,76000,76000,76000,76000,76000,76000,76000,76000,76000,76000
GET,/api/cart/add/anonymous-930/HPTD/1,1,0,40261.97573899981,40261.97573899981,40261.97573899981,40261.97573899981,121.0,0.0002758456848840466,0.0,40000,40000,40000,40000,40000,40000,40000,40000,40000,40000,40000
GET,/api/cart/add/anonymous-930/SHCE/1,1,0,58980.46349300012,58980.46349300012,58980.46349300012,58980.46349300012,124.0,0.0002758456848840466,0.0,59000,59000,59000,59000,59000,59000,59000,59000,59000,59000,59000
GET,/api/cart/add/anonymous-931/HPTD/1,1,0,65380.76971700002,65380.76971700002,65380.76971700002,65380.76971700002,219.0,0.0002758456848840466,0.0,65000,65000,65000,65000,65000,65000,65000,65000,65000,65000,65000
GET,/api/cart/add/anonymous-931/RED/1,1,0,95712.12179299982,95712.12179299982,95712.12179299982,95712.12179299982,132.0,0.0002758456848840466,0.0,96000,96000,96000,96000,96000,96000,96000,96000,96000,96000,96000
GET,/api/cart/add/anonymous-932/UHJ/1,1,0,18760.46926700019,18760.46926700019,18760.46926700019,18760.46926700019,209.0,0.0002758456848840466,0.0,19000,19000,19000,19000,19000,19000,19000,19000,19000,19000,19000
GET,/api/cart/add/anonymous-932/Watson/1,1,0,29504.91962299975,29504.91962299975,29504.91962299975,29504.91962299975,106.0,0.0002758456848840466,0.0,30000,30000,30000,30000,30000,30000,30000,30000,30000,30000,30000
GET,/api/cart/add/anonymous-933/EMM/1,1,0,58872.102937999894,58872.102937999894,58872.102937999894,58872.102937999894,229.0,0.0002758456848840466,0.0,59000,59000,59000,59000,59000,59000,59000,59000,59000,59000,59000
GET,/api/cart/add/anonymous-933/SHCE/1,1,0,68030.32996499997,68030.32996499997,68030.32996499997,68030.32996499997,124.0,0.0002758456848840466,0.0,68000,68000,68000,68000,68000,68000,68000,68000,68000,68000,68000
GET,/api/cart/add/anonymous-936/EMM/1,2,0,28487.336057999983,70936.61879050001,28487.336057999983,113385.90152300004,137.0,0.0005516913697680932,0.0,113000,113000,113000,113000,113000,113000,113000,113000,113000,113000,113000
GET,/api/cart/add/anonymous-938/RMC/1,1,0,113343.9729480001,113343.9729480001,113343.9729480001,113343.9729480001,108.0,0.0002758456848840466,0.0,113000,113000,113000,113000,113000,113000,113000,113000,113000,113000,113000
GET,/api/cart/add/anonymous-938/Watson/1,1,0,47900.81596500022,47900.81596500022,47900.81596500022,47900.81596500022,184.0,0.0002758456848840466,0.0,48000,48000,48000,48000,48000,48000,48000,48000,48000,48000,48000
GET,/api/cart/add/anonymous-94/RMC/1,3,0,230.0,34482.01574866661,146.1399609999603,103065.58164499984,135.33333333333334,0.0008275370546521397,0.0,230,230,103000,103000,103000,103000,103000,103000,103000,103000,103000
GET,/api/cart/add/anonymous-94/STAN-1/1,1,0,52.663366999979644,52.663366999979644,52.663366999979644,52.663366999979644,111.0,0.0002758456848840466,0.0,53,53,53,53,53,53,53,53,53,53,53
GET,/api/cart/add/anonymous-94/Watson/1,1,0,108.63644300002306,108.63644300002306,108.63644300002306,108.63644300002306,184.0,0.0002758456848840466,0.0,110,110,110,110,110,110,110,110,110,110,110
GET,/api/cart/add/anonymous-940/HPTD/1,1,0,1575749.01915,1575749.01915,1575749.01915,1575749.01915,121.0,0.0002758456848840466,0.0,1576000,1576000,1576000,1576000,1576000,1576000,1576000,1576000,1576000,1576000,1576000
GET,/api/cart/add/anonymous-940/SHCE/1,1,0,2331.916232000367,2331.916232000367,2331.916232000367,2331.916232000367,124.0,0.0002758456848840466,0.0,2300,2300,2300,2300,2300,2300,2300,2300,2300,2300,2300
GET,/api/cart/add/anonymous-941/HPTD/1,1,0,18750.84519400025,18750.84519400025,18750.84519400025,18750.84519400025,121.0,0.0002758456848840466,0.0,19000,19000,19000,19000,19000,19000,19000,19000,19000,19000,19000
GET,/api/cart/add/anonymous-941/STAN-1/1,2,0,24265.12684699992,36082.9041044999,24265.12684699992,47900.68136199989,195.5,0.0005516913697680932,0.0,48000,48000,48000,48000,48000,48000,48000,48000,48000,48000,48000
GET,/api/cart/add/anonymous-941/UHJ/1,1,0,28453.36316399971,28453.36316399971,28453.36316399971,28453.36316399971,138.0,0.0002758456848840466,0.0,28000,28000,28000,28000,28000,28000,28000,28000,28000,28000,28000
GET,/api/cart/add/anonymous-942/EMM/1,1,0,1564298.455994,1564298.455994,1564298.455994,1564298.455994,137.0,0.0002758456848840466,0.0,1564000,1564000,1564000,1564000,1564000,1564000,1564000,1564000,1564000,1564000,1564000
GET,/api/cart/add/anonymous-942/Watson/1,1,0,65632.01214300033,65632.01214300033,65632.01214300033,65632.01214300033,106.0,0.0002758456848840466,0.0,66000,66000,66000,66000,66000,66000,66000,66000,66000,66000,66000
GET,/api/cart/add/anonymous-943/RMC/1,1,0,65649.21147899986,65649.21147899986,65649.21147899986,65649.21147899986,108.0,0.0002758456848840466,0.0,66000,66000,66000,66000,66000,66000,66000,66000,66000,66000,66000
GET,/api/cart/add/anonymous-943/STAN-1/1,1,0,72755.02517699989,72755.02517699989,72755.02517699989,72755.02517699989,111.0,0.0002758456848840466,0.0,73000,73000,73000,73000,73000,73000,73000,73000,73000,73000,73000
GET,/api/cart/add/anonymous-947/RED/1,1,0,28061.996121999982,28061.996121999982,28061.996121999982,28061.996121999982,132.0,0.0002758456848840466,0.0,28000,28000,28000,28000,28000,28000,28000,28000,28000,28000,28000
GET,/api/cart/add/anonymous-947/STAN-1/1,1,0,55799.006966999965,55799.006966999965,55799.006966999965,55799.006966999965,196.0,0.0002758456848840466,0.0,56000,56000,56000,56000,56000,56000,56000,56000,56000,56000,56000
GET,/api/cart/add/anonymous-949/HPTD/1,1,0,48120.63255400017,48120.63255400017,48120.63255400017,48120.63255400017,219.0,0.0002758456848840466,0.0,48000,48000,48000,48000,48000,48000,48000,48000,48000,48000,48000
GET,/api/cart/add/anonymous-949/RED/1,2,0,29288.293838999834,44080.23243949992,29288.293838999834,58872.171040000016,132.0,0.0005516913697680932,0.0,59000,59000,59000,59000,59000,59000,59000,59000,59000,59000,59000
GET,/api/cart/add/anonymous-949/UHJ/1,1,0,1286.1178510001992,1286.1178510001992,1286.1178510001992,1286.1178510001992,138.0,0.0002758456848840466,0.0,1300,1300,1300,1300,1300,1300,1300,1300,1300,1300,1300
GET,/api/cart/add/anonymous-95/EMM/1,1,0,114.20866000003116,114.20866000003116,114.20866000003116,114.20866000003116,229.0,0.0002758456848840466,0.0,110,110,110,110,110,110,110,110,110,110,110
GET,/api/cart/add/anonymous-95/HPTD/1,1,0,704.5674800001507,704.5674800001507,704.5674800001507,704.5674800001507,121.0,0.0002758456848840466,0.0,700,700,700,700,700,700,700,700,700,700,700
GET,/api/cart/add/anonymous-95/SHCE/1,2,0,163.6652160000267,226.4323140000215,163.6652160000267,289.1994120000163,163.5,0.0005516913697680932,0.0,290,290,290,290,290,290,290,290,290,290,290
GET,/api/cart/add/anonymous-95/STAN-1/1,1,0,61.127292999969995,61.127292999969995,61.127292999969995,61.127292999969995,111.0,0.0002758456848840466,0.0,61,61,61,61,61,61,61,61,61,61,61
GET,/api/cart/add/anonymous-950/RED/1,1,0,1575751.899997,1575751.899997,1575751.899997,1575751.899997,132.0,0.0002758456848840466,0.0,1576000,1576000,1576000,1576000,1576000,1576000,1576000,1576000,1576000,1576000,1576000
GET,/api/cart/add/anonymous-952/HPTD/1,1,0,58902.76384199978,58902.76384199978,58902.76384199978,58902.76384199978,213.0,0.0002758456848840466,0.0,59000,59000,59000,59000,59000,59000,59000,59000,59000,59000,59000
GET,/api/cart/add/anonymous-952/RED/1,1,0,1565509.8093839998,1565509.8093839998,1565509.8093839998,1565509.8093839998,132.0,0.0002758456848840466,0.0,1566000,1566000,1566000,1566000,1566000,1566000,1566000,1566000,1566000,1566000,1566000
GET,/api/cart/add/anonymous-952/SHCE/1,1,0,538.8814060002005,538.8814060002005,538.8814060002005,538.8814060002005,124.0,0.0002758456848840466,0.0,540,540,540,540,540,540,540,540,540,540,540
GET,/api/cart/add/anonymous-953/EMM/1,1,0,1564186.8092119999,1564186.8092119999,1564186.8092119999,1564186.8092119999,137.0,0.0002758456848840466,0.0,1564000,1564000,1564000,1564000,1564000,1564000,1564000,1564000,1564000,1564000,1564000
GET,/api/cart/add/anonymous-953/EPE/1,1,0,31620.71200900027,31620.71200900027,31620.71200900027,31620.71200900027,205.0,0.0002758456848840466,0.0,32000,32000,32000,32000,32000,32000,32000,32000,32000,32000,32000
GET,/api/cart/add/anonymous-954/EMM/1,1,0,57860.52123399986,57860.52123399986,57860.52123399986,57860.52123399986,206.0,0.0002758456848840466,0.0,58000,58000,58000,58000,58000,58000,58000,58000,58000,58000,58000
GET,/api/cart/add/anonymous-954/Watson/1,1,0,1564204.969164,1564204.969164,1564204.969164,1564204.969164,106.0,0.0002758456848840466,0.0,1564000,1564000,1564000,1564000,1564000,1564000,1564000,1564000,1564000,1564000,1564000
GET,/api/cart/add/anonymous-955/RED/1,1,0,1565595.438541,1565595.438541,1565595.438541,1565595.438541,132.0,0.0002758456848840466,0.0,1566000,1566000,1566000,1566000,1566000,1566000,1566000,1566000,1566000,1566000,1566000
GET,/api/cart/add/anonymous-956/RED/1,1,0,1565515.107147,1565515.107147,1565515.107147,1565515.107147,132.0,0.0002758456848840466,0.0,1566000,1566000,1566000,1566000,1566000,1566000,1566000,1566000,1566000,1566000,1566000
GET,/api/cart/add/anonymous-957/Watson/1,1,0,47660.89852999994,47660.89852999994,47660.89852999994,47660.89852999994,106.0,0.0002758456848840466,0.0,48000,48000,48000,48000,48000,48000,48000,48000,48000,48000,48000
GET,/api/cart/add/anonymous-958/Watson/1,2,0,56011.07618200012,64388.203587500124,56011.07618200012,72765.33099300013,106.0,0.0005516913697680932,0.0,73000,73000,73000,73000,73000,73000,73000,73000,73000,73000,73000
GET,/api/cart/add/anonymous-959/STAN-1/1,1,0,631.061839999802,631.061839999802,631.061839999802,631.061839999802,111.0,0.0002758456848840466,0.0,630,630,630,630,630,630,630,630,630,630,630
GET,/api/cart/add/anonymous-959/UHJ/1,1,0,30595.25002500004,30595.25002500004,30595.25002500004,30595.25002500004,191.0,0.0002758456848840466,0.0,31000,31000,31000,31000,31000,31000,31000,31000,31000,31000,31000
GET,/api/cart/add/anonymous-96/EMM/1,1,0,129.17190799998934,129.17190799998934,129.17190799998934,129.17190799998934,137.0,0.0002758456848840466,0.0,130,130,130,130,130,130,130,130,130,130,130
GET,/api/cart/add/anonymous-96/EPE/1,2,0,94.0317969999569,33561.90882099992,94.0317969999569,67029.78584499987,222.0,0.0005516913697680932,0.0,67000,67000,67000,67000,67000,67000,67000,67000,67000,67000,67000
GET,/api/cart/add/anonymous-96/RMC/1,1,0,158.37479999999005,158.37479999999005,158.37479999999005,158.37479999999005,215.0,0.0002758456848840466,0.0,160,160,160,160,160,160,160,160,160,160,160
GET,/api/cart/add/anonymous-96/SHCE/1,1,0,182.18297499998926,182.18297499998926,182.18297499998926,182.18297499998926,124.0,0.0002758456848840466,0.0,180,180,180,180,180,180,180,180,180,180,180
GET,/api/cart/add/anonymous-960/EMM/1,1,0,58745.26997000021,58745.26997000021,58745.26997000021,58745.26997000021,229.0,0.0002758456848840466,0.0,59000,59000,59000,59000,59000,59000,59000,59000,59000,59000,59000
GET,/api/cart/add/anonymous-960/EPE/1,1,0,47893.42128099997,47893.42128099997,47893.42128099997,47893.42128099997,129.0,0.0002758456848840466,0.0,48000,48000,48000,48000,48000,48000,48000,48000,48000,48000,48000
GET,/api/cart/add/anonymous-960/SHCE/1,1,0,1283.529420999912,1283.529420999912,1283.529420999912,1283.529420999912,124.0,0.0002758456848840466,0.0,1300,1300,1300,1300,1300,1300,1300,1300,1300,1300,1300
GET,/api/cart/add/anonymous-961/HPTD/1,1,0,24263.17581400008,24263.17581400008,24263.17581400008,24263.17581400008,121.0,0.0002758456848840466,0.0,24000,24000,24000,24000,24000,24000,24000,24000,24000,24000,24000
GET,/api/cart/add/anonymous-961/RMC/1,1,0,47324.99676899988,47324.99676899988,47324.99676899988,47324.99676899988,199.0,0.0002758456848840466,0.0,47000,47000,47000,47000,47000,47000,47000,47000,47000,47000,47000
GET,/api/cart/add/anonymous-962/EPE/1,1,0,47294.99743799988,47294.99743799988,47294.99743799988,47294.99743799988,129.0,0.0002758456848840466,0.0,47000,47000,47000,47000,47000,47000,47000,47000,47000,47000,47000
GET,/api/cart/add/anonymous-962/HPTD/1,1,0,47388.16878900025,47388.16878900025,47388.16878900025,47388.16878900025,121.0,0.0002758456848840466,0.0,47000,47000,47000,47000,47000,47000,47000,47000,47000,47000,47000
GET,/api/cart/add/anonymous-963/RMC/1,2,0,1800.0,14131.530533499927,1776.163993999944,26486.89707299991,149.0,0.0005516913697680932,0.0,26000,26000,26000,26000,26000,26000,26000,26000,26000,26000,26000
GET,/api/cart/add/anonymous-963/STAN-1/1,1,0,25906.254249000085,25906.254249000085,25906.254249000085,25906.254249000085,111.0,0.0002758456848840466,0.0,26000,26000,26000,26000,26000,26000,26000,26000,26000,26000,26000
GET,/api/cart/add/anonymous-964/EMM/1,1,0,24835.078614000395,24835.078614000395,24835.078614000395,24835.078614000395,137.0,0.0002758456848840466,0.0,25000,25000,25000,25000,25000,25000,25000,25000,25000,25000,25000
GET,/api/cart/add/anonymous-964/RMC/1,1,0,43068.23325699997,43068.23325699997,43068.23325699997,43068.23325699997,215.0,0.0002758456848840466,0.0,43000,43000,43000,43000,43000,43000,43000,43000,43000,43000,43000
GET,/api/cart/add/anonymous-964/SHCE/1,1,0,28495.000444999732,28495.000444999732,28495.000444999732,28495.000444999732,124.0,0.0002758456848840466,0.0,28000,28000,28000,28000,28000,28000,28000,28000,28000,28000,28000
GET,/api/cart/add/anonymous-965/EMM/1,1,0,72784.1948080004,72784.1948080004,72784.1948080004,72784.1948080004,137.0,0.0002758456848840466,0.0,73000,73000,73000,73000,73000,73000,73000,73000,73000,73000,73000
GET,/api/cart/add/anonymous-966/RMC/1,2,0,27000.0,31389.866120500075,26948.879209000097,35830.85303200005,108.5,0.0005516913697680932,0.0,36000,36000,36000,36000,36000,36000,36000,36000,36000,36000,36000
GET,/api/cart/add/anonymous-966/SHCE/1,1,0,55949.669866000026,55949.669866000026,55949.669866000026,55949.669866000026,124.0,0.0002758456848840466,0.0,56000,56000,56000,56000,56000,56000,56000,56000,56000,56000,56000
GET,/api/cart/add/anonymous-967/EMM/1,1,0,17499.195369000063,17499.195369000063,17499.195369000063,17499.195369000063,137.0,0.0002758456848840466,0.0,17000,17000,17000,17000,17000,17000,17000,17000,17000,17000,17000
GET,/api/cart/add/anonymous-967/HPTD/1,1,0,42892.90254400021,42892.90254400021,42892.90254400021,42892.90254400021,223.0,0.0002758456848840466,0.0,43000,43000,43000,43000,43000,43000,43000,43000,43000,43000,43000
GET,/api/cart/add/anonymous-968/SHCE/1,1,0,27193.364840999948,27193.364840999948,27193.364840999948,27193.364840999948,124.0,0.0002758456848840466,0.0,27000,27000,27000,27000,27000,27000,27000,27000,27000,27000,27000
GET,/api/cart/add/anonymous-969/HPTD/1,1,0,31659.853848999774,31659.853848999774,31659.853848999774,31659.853848999774,121.0,0.0002758456848840466,0.0,32000,32000,32000,32000,32000,32000,32000,32000,32000,32000,32000
GET,/api/cart/add/anonymous-969/STAN-1/1,1,0,47590.65767600032,47590.65767600032,47590.65767600032,47590.65767600032,191.0,0.0002758456848840466,0.0,48000,48000,48000,48000,48000,48000,48000,48000,48000,48000,48000
GET,/api/cart/add/anonymous-969/UHJ/1,1,0,18170.09903400003,18170.09903400003,18170.09903400003,18170.09903400003,138.0,0.0002758456848840466,0.0,18000,18000,18000,18000,18000,18000,18000,18000,18000,18000,18000
GET,/api/cart/add/anonymous-97/EPE/1,1,0,185.77768599999445,185.77768599999445,185.77768599999445,185.77768599999445,129.0,0.0002758456848840466,0.0,190,190,190,190,190,190,190,190,190,190,190
GET,/api/cart/add/anonymous-97/RED/1,1,0,116.44976700000598,116.44976700000598,116.44976700000598,116.44976700000598,132.0,0.0002758456848840466,0.0,120,120,120,120,120,120,120,120,120,120,120
GET,/api/cart/add/anonymous-97/RMC/1,1,1,66921.91230299977,66921.91230299977,66921.91230299977,66921.91230299977,0.0,0.0002758456848840466,0.0002758456848840466,67000,67000,67000,67000,67000,67000,67000,67000,67000,67000,67000
GET,/api/cart/add/anonymous-97/UHJ/1,1,0,115.0778629999536,115.0778629999536,115.0778629999536,115.0778629999536,209.0,0.0002758456848840466,0.0,120,120,120,120,120,120,120,120,120,120,120
GET,/api/cart/add/anonymous-97/Watson/1,1,0,106.3705359999858,106.3705359999858,106.3705359999858,106.3705359999858,200.0,0.0002758456848840466,0.0,110,110,110,110,110,110,110,110,110,110,110
GET,/api/cart/add/anonymous-970/HPTD/1,1,0,57367.18437399986,57367.18437399986,57367.18437399986,57367.18437399986,121.0,0.0002758456848840466,0.0,57000,57000,57000,57000,57000,57000,57000,57000,57000,57000,57000
GET,/api/cart/add/anonymous-970/STAN-1/1,1,0,51738.71285799987,51738.71285799987,51738.71285799987,51738.71285799987,111.0,0.0002758456848840466,0.0,52000,52000,52000,52000,52000,52000,52000,52000,52000,52000,52000
GET,/api/cart/add/anonymous-971/RMC/1,1,0,30661.045764999926,30661.045764999926,30661.045764999926,30661.045764999926,108.0,0.0002758456848840466,0.0,31000,31000,31000,31000,31000,31000,31000,31000,31000,31000,31000
GET,/api/cart/add/anonymous-971/UHJ/1,1,0,30261.13947900012,30261.13947900012,30261.13947900012,30261.13947900012,138.0,0.0002758456848840466,0.0,30000,30000,30000,30000,30000,30000,30000,30000,30000,30000,30000
GET,/api/cart/add/anonymous-974/HPTD/1,1,0,2006.248954000057,2006.248954000057,2006.248954000057,2006.248954000057,199.0,0.0002758456848840466,0.0,2000,2000,2000,2000,2000,2000,2000,2000,2000,2000,2000
GET,/api/cart/add/anonymous-974/RMC/1,1,0,20165.83986800015,20165.83986800015,20165.83986800015,20165.83986800015,108.0,0.0002758456848840466,0.0,20000,20000,20000,20000,20000,20000,20000,20000,20000,20000,20000
GET,/api/cart/add/anonymous-976/RMC/1,1,0,80700.24472700016,80700.24472700016,80700.24472700016,80700.24472700016,108.0,0.0002758456848840466,0.0,81000,81000,81000,81000,81000,81000,81000,81000,81000,81000,81000
GET,/api/cart/add/anonymous-976/SHCE/1,1,0,19989.98359999996,19989.98359999996,19989.98359999996,19989.98359999996,124.0,0.0002758456848840466,0.0,20000,20000,20000,20000,20000,20000,20000,20000,20000,20000,20000
GET,/api/cart/add/anonymous-977/EPE/1,2,0,20000.0,33791.790159500124,19991.749226000138,47591.83109300011,129.5,0.0005516913697680932,0.0,48000,48000,48000,48000,48000,48000,48000,48000,48000,48000,48000
GET,/api/cart/add/anonymous-978/RMC/1,2,0,20000.0,33788.691564000146,19988.745181000013,47588.63794700028,108.5,0.0005516913697680932,0.0,48000,48000,48000,48000,48000,48000,48000,48000,48000,48000,48000
GET,/api/cart/add/anonymous-979/EPE/1,1,0,100061.68161899995,100061.68161899995,100061.68161899995,100061.68161899995,207.0,0.0002758456848840466,0.0,100000,100000,100000,100000,100000,100000,100000,100000,100000,100000,100000
GET,/api/cart/add/anonymous-979/RMC/1,1,0,51107.352120999625,51107.352120999625,51107.352120999625,51107.352120999625,108.0,0.0002758456848840466,0.0,51000,51000,51000,51000,51000,51000,51000,51000,51000,51000,51000
GET,/api/cart/add/anonymous-98/HPTD/1,1,0,162.37721299995655,162.37721299995655,162.37721299995655,162.37721299995655,121.0,0.0002758456848840466,0.0,160,160,160,160,160,160,160,160,160,160,160
GET,/api/cart/add/anonymous-98/RMC/1,2,0,40,41.08117949999723,39.64542500000334,42.516933999991124,108.5,0.0005516913697680932,0.0,43,43,43,43,43,43,43,43,43,43,43
GET,/api/cart/add/anonymous-98/Watson/1,1,0,36.952415999962795,36.952415999962795,36.952415999962795,36.952415999962795,193.0,0.0002758456848840466,0.0,37,37,37,37,37,37,37,37,37,37,37
GET,/api/cart/add/anonymous-980/RED/1,1,0,69333.79975799972,69333.79975799972,69333.79975799972,69333.79975799972,132.0,0.0002758456848840466,0.0,69000,69000,69000,69000,69000,69000,69000,69000,69000,69000,69000
GET,/api/cart/add/anonymous-980/SHCE/1,1,0,73932.32245599983,73932.32245599983,73932.32245599983,73932.32245599983,124.0,0.0002758456848840466,0.0,74000,74000,74000,74000,74000,74000,74000,74000,74000,74000,74000
GET,/api/cart/add/anonymous-981/RMC/1,1,0,51039.676074,51039.676074,51039.676074,51039.676074,108.0,0.0002758456848840466,0.0,51000,51000,51000,51000,51000,51000,51000,51000,51000,51000,51000
GET,/api/cart/add/anonymous-981/Watson/1,1,1,100439.28322699957,100439.28322699957,100439.28322699957,100439.28322699957,0.0,0.0002758456848840466,0.0002758456848840466,100000,100000,100000,100000,100000,100000,100000,100000,100000,100000,100000
GET,/api/cart/add/anonymous-982/EMM/1,1,0,100071.84136600017,100071.84136600017,100071.84136600017,100071.84136600017,205.0,0.0002758456848840466,0.0,100000,100000,100000,100000,100000,100000,100000,100000,100000,100000,100000
GET,/api/cart/add/anonymous-982/EPE/1,1,0,51038.63015799971,51038.63015799971,51038.63015799971,51038.63015799971,129.0,0.0002758456848840466,0.0,51000,51000,51000,51000,51000,51000,51000,51000,51000,51000,51000
GET,/api/cart/add/anonymous-983/RMC/1,1,0,24296.55761899994,24296.55761899994,24296.55761899994,24296.55761899994,108.0,0.0002758456848840466,0.0,24000,24000,24000,24000,24000,24000,24000,24000,24000,24000,24000
GET,/api/cart/add/anonymous-983/STAN-1/1,1,0,882.2401419997732,882.2401419997732,882.2401419997732,882.2401419997732,190.0,0.0002758456848840466,0.0,880,880,880,880,880,880,880,880,880,880,880
GET,/api/cart/add/anonymous-984/STAN-1/1,1,0,86664.15289399993,86664.15289399993,86664.15289399993,86664.15289399993,111.0,0.0002758456848840466,0.0,87000,87000,87000,87000,87000,87000,87000,87000,87000,87000,87000
GET,/api/cart/add/anonymous-985/RMC/1,1,0,86737.69205999997,86737.69205999997,86737.69205999997,86737.69205999997,108.0,0.0002758456848840466,0.0,87000,87000,87000,87000,87000,87000,87000,87000,87000,87000,87000
GET,/api/cart/add/anonymous-986/EPE/1,1,0,42890.633807000086,42890.633807000086,42890.633807000086,42890.633807000086,129.0,0.0002758456848840466,0.0,43000,43000,43000,43000,43000,43000,43000,43000,43000,43000,43000
GET,/api/cart/add/anonymous-986/UHJ/1,1,0,131224.44062100022,131224.44062100022,131224.44062100022,131224.44062100022,138.0,0.0002758456848840466,0.0,131000,131000,131000,131000,131000,131000,131000,131000,131000,131000,131000
GET,/api/cart/add/anonymous-987/RED/1,1,0,26920.37719500013,26920.37719500013,26920.37719500013,26920.37719500013,132.0,0.0002758456848840466,0.0,27000,27000,27000,27000,27000,27000,27000,27000,27000,27000,27000
GET,/api/cart/add/anonymous-988/UHJ/1,1,0,27604.063546999896,27604.063546999896,27604.063546999896,27604.063546999896,138.0,0.0002758456848840466,0.0,28000,28000,28000,28000,28000,28000,28000,28000,28000,28000,28000
GET,/api/cart/add/anonymous-989/RED/1,1,0,27606.069974999627,27606.069974999627,27606.069974999627,27606.069974999627,132.0,0.0002758456848840466,0.0,28000,28000,28000,28000,28000,28000,28000,28000,28000,28000,28000
GET,/api/cart/add/anonymous-99/EPE/1,1,0,142.60704999998097,142.60704999998097,142.60704999998097,142.60704999998097,129.0,0.0002758456848840466,0.0,140,140,140,140,140,140,140,140,140,140,140
GET,/api/cart/add/anonymous-99/HPTD/1,1,0,75.13233700001365,75.13233700001365,75.13233700001365,75.13233700001365,121.0,0.0002758456848840466,0.0,75,75,75,75,75,75,75,75,75,75,75
GET,/api/cart/add/anonymous-99/STAN-1/1,1,0,116.53456800002004,116.53456800002004,116.53456800002004,116.53456800002004,179.0,0.0002758456848840466,0.0,120,120,120,120,120,120,120,120,120,120,120
GET,/api/cart/add/anonymous-99/UHJ/1,1,0,96.65450500000361,96.65450500000361,96.65450500000361,96.65450500000361,226.0,0.0002758456848840466,0.0,97,97,97,97,97,97,97,97,97,97,97
GET,/api/cart/add/anonymous-990/EMM/1,1,0,101133.99824399994,101133.99824399994,101133.99824399994,101133.99824399994,137.0,0.0002758456848840466,0.0,101000,101000,101000,101000,101000,101000,101000,101000,101000,101000,101000
GET,/api/cart/add/anonymous-990/HPTD/1,1,0,21395.003147999887,21395.003147999887,21395.003147999887,21395.003147999887,121.0,0.0002758456848840466,0.0,21000,21000,21000,21000,21000,21000,21000,21000,21000,21000,21000
GET,/api/cart/add/anonymous-991/SHCE/1,1,0,100061.83822100001,100061.83822100001,100061.83822100001,100061.83822100001,124.0,0.0002758456848840466,0.0,100000,100000,100000,100000,100000,100000,100000,100000,100000,100000,100000
GET,/api/cart/add/anonymous-992/UHJ/1,1,0,100051.9222779999,100051.9222779999,100051.9222779999,100051.9222779999,138.0,0.0002758456848840466,0.0,100000,100000,100000,100000,100000,100000,100000,100000,100000,100000,100000
GET,/api/cart/add/anonymous-993/RED/1,1,0,105351.21483800003,105351.21483800003,105351.21483800003,105351.21483800003,132.0,0.0002758456848840466,0.0,105000,105000,105000,105000,105000,105000,105000,105000,105000,105000,105000
GET,/api/cart/add/anonymous-993/SHCE/1,1,0,49595.195364000116,49595.195364000116,49595.195364000116,49595.195364000116,124.0,0.0002758456848840466,0.0,50000,50000,50000,50000,50000,50000,50000,50000,50000,50000,50000
GET,/api/cart/add/anonymous-994/STAN-1/1,1,0,49395.98328900001,49395.98328900001,49395.98328900001,49395.98328900001,111.0,0.0002758456848840466,0.0,49000,49000,49000,49000,49000,49000,49000,49000,49000,49000,49000
GET,/api/cart/add/anonymous-995/UHJ/1,1,0,100099.39406299964,100099.39406299964,100099.39406299964,100099.39406299964,138.0,0.0002758456848840466,0.0,100000,100000,100000,100000,100000,100000,100000,100000,100000,100000,100000
GET,/api/cart/cart/anonymous-1,1,0,27.673586999981126,27.673586999981126,27.673586999981126,27.673586999981126,216.0,0.0002758456848840466,0.0,28,28,28,28,28,28,28,28,28,28,28
GET,/api/cart/cart/anonymous-10,3,0,32,9043.54033666677,26.728383999966354,27071.92352600032,204.33333333333334,0.0008275370546521397,0.0,32,32,27000,27000,27000,27000,27000,27000,27000,27000,27000
GET,/api/cart/cart/anonymous-100,2,0,29,43.17238600003748,28.607090000036806,57.73768200003815,177.0,0.0005516913697680932,0.0,58,58,58,58,58,58,58,58,58,58,58
GET,/api/cart/cart/anonymous-1004,1,0,22581.173616999877,22581.173616999877,22581.173616999877,22581.173616999877,222.0,0.0002758456848840466,0.0,23000,23000,23000,23000,23000,23000,23000,23000,23000,23000,23000
GET,/api/cart/cart/anonymous-1005,1,0,22573.08232100013,22573.08232100013,22573.08232100013,22573.08232100013,132.0,0.0002758456848840466,0.0,23000,23000,23000,23000,23000,23000,23000,23000,23000,23000,23000
GET,/api/cart/cart/anonymous-1008,1,0,29265.940985999805,29265.940985999805,29265.940985999805,29265.940985999805,222.0,0.0002758456848840466,0.0,29000,29000,29000,29000,29000,29000,29000,29000,29000,29000,29000
GET,/api/cart/cart/anonymous-101,2,0,6.244019999996908,13.43309250000857,6.244019999996908,20.62216500002023,166.5,0.0005516913697680932,0.0,21,21,21,21,21,21,21,21,21,21,21
GET,/api/cart/cart/anonymous-1011,1,0,20832.222988000012,20832.222988000012,20832.222988000012,20832.222988000012,225.0,0.0002758456848840466,0.0,21000,21000,21000,21000,21000,21000,21000,21000,21000,21000,21000
GET,/api/cart/cart/anonymous-1016,1,0,42054.34499800003,42054.34499800003,42054.34499800003,42054.34499800003,206.0,0.0002758456848840466,0.0,42000,42000,42000,42000,42000,42000,42000,42000,42000,42000,42000
GET,/api/cart/cart/anonymous-1018,1,0,122023.88301100017,122023.88301100017,122023.88301100017,122023.88301100017,132.0,0.0002758456848840466,0.0,122000,122000,122000,122000,122000,122000,122000,122000,122000,122000,122000
GET,/api/cart/cart/anonymous-1019,1,0,48995.40547400011,48995.40547400011,48995.40547400011,48995.40547400011,200.0,0.0002758456848840466,0.0,49000,49000,49000,49000,49000,49000,49000,49000,49000,49000,49000
GET,/api/cart/cart/anonymous-102,3,0,23,189.58692566667423,9.698029999981372,536.072374000014,175.33333333333334,0.0008275370546521397,0.0,23,23,540,540,540,540,540,540,540,540,540
GET,/api/cart/cart/anonymous-1023,1,0,121443.2905839999,121443.2905839999,121443.2905839999,121443.2905839999,220.0,0.0002758456848840466,0.0,121000,121000,121000,121000,121000,121000,121000,121000,121000,121000,121000
GET,/api/cart/cart/anonymous-1024,1,0,88337.37029399982,88337.37029399982,88337.37029399982,88337.37029399982,201.0,0.0002758456848840466,0.0,88000,88000,88000,88000,88000,88000,88000,88000,88000,88000,88000
GET,/api/cart/cart/anonymous-1026,1,1,138930.6605480001,138930.6605480001,138930.6605480001,138930.6605480001,14.0,0.0002758456848840466,0.0002758456848840466,139000,139000,139000,139000,139000,139000,139000,139000,139000,139000,139000
GET,/api/cart/cart/anonymous-1027,1,0,54980.5577850002,54980.5577850002,54980.5577850002,54980.5577850002,217.0,0.0002758456848840466,0.0,55000,55000,55000,55000,55000,55000,55000,55000,55000,55000,55000
GET,/api/cart/cart/anonymous-1029,1,0,1481.5987599999971,1481.5987599999971,1481.5987599999971,1481.5987599999971,111.0,0.0002758456848840466,0.0,1500,1500,1500,1500,1500,1500,1500,1500,1500,1500,1500
GET,/api/cart/cart/anonymous-103,2,0,23,43.10908599998697,22.634670999991613,63.583500999982334,199.5,0.0005516913697680932,0.0,64,64,64,64,64,64,64,64,64,64,64
GET,/api/cart/cart/anonymous-1031,1,0,22295.713737999904,22295.713737999904,22295.713737999904,22295.713737999904,121.0,0.0002758456848840466,0.0,22000,22000,22000,22000,22000,22000,22000,22000,22000,22000,22000
GET,/api/cart/cart/anonymous-1034,1,0,873.7058550000256,873.7058550000256,873.7058550000256,873.7058550000256,221.0,0.0002758456848840466,0.0,870,870,870,870,870,870,870,870,870,870,870
GET,/api/cart/cart/anonymous-104,2,0,29.169191999983468,33.53540550000389,29.169191999983468,37.90161900002431,213.0,0.0005516913697680932,0.0,38,38,38,38,38,38,38,38,38,38,38
GET,/api/cart/cart/anonymous-105,2,0,101.21132000000443,105.91468449999297,101.21132000000443,110.61804899998151,177.0,0.0005516913697680932,0.0,110,110,110,110,110,110,110,110,110,110,110
GET,/api/cart/cart/anonymous-1051,1,0,38205.19802199988,38205.19802199988,38205.19802199988,38205.19802199988,209.0,0.0002758456848840466,0.0,38000,38000,38000,38000,38000,38000,38000,38000,38000,38000,38000
GET,/api/cart/cart/anonymous-1056,1,0,65614.04964599978,65614.04964599978,65614.04964599978,65614.04964599978,182.0,0.0002758456848840466,0.0,66000,66000,66000,66000,66000,66000,66000,66000,66000,66000,66000
GET,/api/cart/cart/anonymous-1057,1,0,65486.48399900003,65486.48399900003,65486.48399900003,65486.48399900003,198.0,0.0002758456848840466,0.0,65000,65000,65000,65000,65000,65000,65000,65000,65000,65000,65000
GET,/api/cart/cart/anonymous-1058,1,0,41988.14589199992,41988.14589199992,41988.14589199992,41988.14589199992,129.0,0.0002758456848840466,0.0,42000,42000,42000,42000,42000,42000,42000,42000,42000,42000,42000
GET,/api/cart/cart/anonymous-106,2,0,20,48.31100250001441,19.719062000035592,76.90294299999323,211.5,0.0005516913697680932,0.0,77,77,77,77,77,77,77,77,77,77,77
GET,/api/cart/cart/anonymous-1060,1,0,75931.3355270001,75931.3355270001,75931.3355270001,75931.3355270001,201.0,0.0002758456848840466,0.0,76000,76000,76000,76000,76000,76000,76000,76000,76000,76000,76000
GET,/api/cart/cart/anonymous-1063,1,1,103182.85721500024,103182.85721500024,103182.85721500024,103182.85721500024,14.0,0.0002758456848840466,0.0002758456848840466,103000,103000,103000,103000,103000,103000,103000,103000,103000,103000,103000
GET,/api/cart/cart/anonymous-1066,1,1,333.2455029999437,333.2455029999437,333.2455029999437,333.2455029999437,14.0,0.0002758456848840466,0.0002758456848840466,330,330,330,330,330,330,330,330,330,330,330
GET,/api/cart/cart/anonymous-107,2,0,37,38.940823000018554,36.75901600001907,41.122630000018034,223.0,0.0005516913697680932,0.0,41,41,41,41,41,41,41,41,41,41,41
GET,/api/cart/cart/anonymous-1079,1,0,28081.24653999994,28081.24653999994,28081.24653999994,28081.24653999994,132.0,0.0002758456848840466,0.0,28000,28000,28000,28000,28000,28000,28000,28000,28000,28000,28000
GET,/api/cart/cart/anonymous-108,2,0,47.26194899996017,57.837032499975294,47.26194899996017,68.41211599999042,198.5,0.0005516913697680932,0.0,68,68,68,68,68,68,68,68,68,68,68
GET,/api/cart/cart/anonymous-1080,1,0,26350.938124000095,26350.938124000095,26350.938124000095,26350.938124000095,121.0,0.0002758456848840466,0.0,26000,26000,26000,26000,26000,26000,26000,26000,26000,26000,26000
GET,/api/cart/cart/anonymous-1088,1,0,56031.64501399988,56031.64501399988,56031.64501399988,56031.64501399988,138.0,0.0002758456848840466,0.0,56000,56000,56000,56000,56000,56000,56000,56000,56000,56000,56000
GET,/api/cart/cart/anonymous-109,3,0,140.0,16039.780434999879,37.905119999948056,47944.080350999684,209.0,0.0008275370546521397,0.0,140,140,48000,48000,48000,48000,48000,48000,48000,48000,48000
GET,/api/cart/cart/anonymous-1090,1,0,30140.57392399991,30140.57392399991,30140.57392399991,30140.57392399991,230.0,0.0002758456848840466,0.0,30000,30000,30000,30000,30000,30000,30000,30000,30000,30000,30000
GET,/api/cart/cart/anonymous-1091,1,0,55850.988654000044,55850.988654000044,55850.988654000044,55850.988654000044,209.0,0.0002758456848840466,0.0,56000,56000,56000,56000,56000,56000,56000,56000,56000,56000,56000
GET,/api/cart/cart/anonymous-11,3,0,21,8794.286763333255,12.497038999981669,26349.42328599982,148.33333333333334,0.0008275370546521397,0.0,21,21,26000,26000,26000,26000,26000,26000,26000,26000,26000
GET,/api/cart/cart/anonymous-110,2,0,30.432796000013695,83.27391299999931,30.432796000013695,136.11502999998493,207.0,0.0005516913697680932,0.0,140,140,140,140,140,140,140,140,140,140,140
GET,/api/cart/cart/anonymous-111,2,0,12.293538999983866,15.48134899999809,12.293538999983866,18.669159000012314,203.5,0.0005516913697680932,0.0,19,19,19,19,19,19,19,19,19,19,19
GET,/api/cart/cart/anonymous-112,2,0,20,34.327358500007676,19.96976300000597,48.684954000009384,213.0,0.0005516913697680932,0.0,49,49,49,49,49,49,49,49,49,49,49
GET,/api/cart/cart/anonymous-113,2,0,26.4408840000101,52.591416000012714,26.4408840000101,78.74194800001533,204.5,0.0005516913697680932,0.0,79,79,79,79,79,79,79,79,79,79,79
GET,/api/cart/cart/anonymous-114,2,0,20.49596400001974,29.096041499997227,20.49596400001974,37.696118999974715,154.0,0.0005516913697680932,0.0,38,38,38,38,38,38,38,38,38,38,38
GET,/api/cart/cart/anonymous-115,2,0,9,125.73154749998139,8.718827999985024,242.74426699997775,209.0,0.0005516913697680932,0.0,240,240,240,240,240,240,240,240,240,240,240
GET,/api/cart/cart/anonymous-116,2,0,16,62.02444600000945,15.539149000005636,108.50974300001326,207.5,0.0005516913697680932,0.0,110,110,110,110,110,110,110,110,110,110,110
GET,/api/cart/cart/anonymous-117,2,0,10.44443300003195,28.035988500022313,10.44443300003195,45.627544000012676,216.0,0.0005516913697680932,0.0,46,46,46,46,46,46,46,46,46,46,46
GET,/api/cart/cart/anonymous-118,2,0,37.34231800001453,90.05828450000308,37.34231800001453,142.77425099999164,201.5,0.0005516913697680932,0.0,140,140,140,140,140,140,140,140,140,140,140
GET,/api/cart/cart/anonymous-119,3,0,31,15417.010944333262,18.293057999983375,46202.04247799984,185.66666666666666,0.0008275370546521397,0.0,31,31,46000,46000,46000,46000,46000,46000,46000,46000,46000
GET,/api/cart/cart/anonymous-12,3,1,26,34999.80005699986,18.41775799999823,104955.2018319996,144.33333333333334,0.0008275370546521397,0.0002758456848840466,26,26,105000,105000,105000,105000,105000,105000,105000,105000,105000
GET,/api/cart/cart/anonymous-120,2,0,10,10.31398300000319,9.933632000013404,10.694333999992978,215.5,0.0005516913697680932,0.0,11,11,11,11,11,11,11,11,11,11,11
GET,/api/cart/cart/anonymous-121,2,0,27,28.57359050000241,26.902585000016188,30.244595999988633,210.0,0.0005516913697680932,0.0,30,30,30,30,30,30,30,30,30,30,30
GET,/api/cart/cart/anonymous-122,2,0,23.115372999995998,26.224832500020057,23.115372999995998,29.334292000044115,202.5,0.0005516913697680932,0.0,29,29,29,29,29,29,29,29,29,29,29
GET,/api/cart/cart/anonymous-123,3,0,31,15993.641158999972,29.336792999970385,47920.443385999984,242.33333333333334,0.0008275370546521397,0.0,31,31,48000,48000,48000,48000,48000,48000,48000,48000,48000
GET,/api/cart/cart/anonymous-124,3,0,20,9518.204364666644,19.789162999984455,28514.74856699997,201.66666666666666,0.0008275370546521397,0.0,20,20,29000,29000,29000,29000,29000,29000,29000,29000,29000
GET,/api/cart/cart/anonymous-125,2,0,10,11.840287000012495,9.936831000004531,13.743743000020459,213.0,0.0005516913697680932,0.0,14,14,14,14,14,14,14,14,14,14,14
GET,/api/cart/cart/anonymous-126,2,0,22,35.77531350001095,21.611769000003278,49.93885800001863,198.0,0.0005516913697680932,0.0,50,50,50,50,50,50,50,50,50,50,50
GET,/api/cart/cart/anonymous-127,2,0,47,174.33555050001814,46.79674800001976,301.8743530000165,177.5,0.0005516913697680932,0.0,300,300,300,300,300,300,300,300,300,300,300
GET,/api/cart/cart/anonymous-128,2,0,10,15.075197999976808,9.696030999975846,20.45436499997777,210.0,0.0005516913697680932,0.0,20,20,20,20,20,20,20,20,20,20,20
GET,/api/cart/cart/anonymous-129,2,0,10.40073299998312,14.570445999993353,10.40073299998312,18.740159000003587,211.5,0.0005516913697680932,0.0,19,19,19,19,19,19,19,19,19,19,19
GET,/api/cart/cart/anonymous-13,2,0,7.076322999978402,13.663692999983823,7.076322999978402,20.251062999989244,193.5,0.0005516913697680932,0.0,20,20,20,20,20,20,20,20,20,20,20
GET,/api/cart/cart/anonymous-130,2,0,6.180019999987962,9.49877999997284,6.180019999987962,12.817539999957717,201.5,0.0005516913697680932,0.0,13,13,13,13,13,13,13,13,13,13,13
GET,/api/cart/cart/anonymous-131,2,0,15,27.7325380000093,14.811446999999589,40.65362900001901,165.5,0.0005516913697680932,0.0,41,41,41,41,41,41,41,41,41,41,41
GET,/api/cart/cart/anonymous-132,2,0,10,13.120891499994514,9.73823099997162,16.503552000017407,222.0,0.0005516913697680932,0.0,17,17,17,17,17,17,17,17,17,17,17
GET,/api/cart/cart/anonymous-133,2,0,28.39628999998922,47.79650149998815,28.39628999998922,67.19671299998708,122.5,0.0005516913697680932,0.0,67,67,67,67,67,67,67,67,67,67,67
GET,/api/cart/cart/anonymous-134,2,0,20.064962999981617,54.125520499979984,20.064962999981617,88.18607799997835,212.5,0.0005516913697680932,0.0,88,88,88,88,88,88,88,88,88,88,88
GET,/api/cart/cart/anonymous-135,2,0,17,46.29064600001698,16.982552999991185,75.59873900004277,197.5,0.0005516913697680932,0.0,76,76,76,76,76,76,76,76,76,76,76
GET,/api/cart/cart/anonymous-136,2,0,20.279164000044148,51.95331400003056,20.279164000044148,83.62746400001697,209.0,0.0005516913697680932,0.0,84,84,84,84,84,84,84,84,84,84,84
GET,/api/cart/cart/anonymous-137,2,0,49.3104229999517,79.13763349998248,49.3104229999517,108.96484400001327,208.5,0.0005516913697680932,0.0,110,110,110,110,110,110,110,110,110,110,110
GET,/api/cart/cart/anonymous-138,2,0,80.27395400000614,118.2910255000138,80.27395400000614,156.30809700002146,195.0,0.0005516913697680932,0.0,160,160,160,160,160,160,160,160,160,160,160
GET,/api/cart/cart/anonymous-139,2,0,52,164.68909549999466,51.635114000021076,277.74307699996825,224.0,0.0005516913697680932,0.0,280,280,280,280,280,280,280,280,280,280,280
GET,/api/cart/cart/anonymous-14,3,0,17,14318.881761666678,9.983830999999554,42929.82600100004,242.33333333333334,0.0008275370546521397,0.0,17,17,43000,43000,43000,43000,43000,43000,43000,43000,43000
GET,/api/cart/cart/anonymous-140,2,0,26,46.27383950000308,25.987482999994427,66.56019600001173,202.5,0.0005516913697680932,0.0,67,67,67,67,67,67,67,67,67,67,67
GET,/api/cart/cart/anonymous-141,2,0,39.24682399997437,71.82634799997345,39.24682399997437,104.40587199997253,204.5,0.0005516913697680932,0.0,100,100,100,100,100,100,100,100,100,100,100
GET,/api/cart/cart/anonymous-142,2,0,62,83.15838650003116,61.749295000026905,104.56747800003541,216.0,0.0005516913697680932,0.0,100,100,100,100,100,100,100,100,100,100,100
GET,/api/cart/cart/anonymous-143,2,0,17,28.347085999968158,16.55004599996346,40.14412599997286,144.0,0.0005516913697680932,0.0,40,40,40,40,40,40,40,40,40,40,40
GET,/api/cart/cart/anonymous-144,2,0,4,11.500450499994486,3.6103399999660724,19.3905610000229,202.0,0.0005516913697680932,0.0,19,19,19,19,19,19,19,19,19,19,19
GET,/api/cart/cart/anonymous-145,2,0,10,175.5414255000005,9.968031999960658,341.11481900004037,172.0,0.0005516913697680932,0.0,340,340,340,340,340,340,340,340,340,340,340
GET,/api/cart/cart/anonymous-146,2,0,12,86.60849849999863,11.693437000019458,161.5235599999778,207.5,0.0005516913697680932,0.0,160,160,160,160,160,160,160,160,160,160,160
GET,/api/cart/cart/anonymous-147,2,0,38,50.239425499995605,37.70695200000773,62.77189899998348,200.5,0.0005516913697680932,0.0,63,63,63,63,63,63,63,63,63,63,63
GET,/api/cart/cart/anonymous-148,2,0,12.271372999975938,157.42916449997324,12.271372999975938,302.58695599997054,204.0,0.0005516913697680932,0.0,300,300,300,300,300,300,300,300,300,300,300
GET,/api/cart/cart/anonymous-149,2,0,72,87.54464099999382,71.51915399998643,103.5701280000012,205.0,0.0005516913697680932,0.0,100,100,100,100,100,100,100,100,100,100,100
GET,/api/cart/cart/anonymous-15,4,0,18,16803.10614300005,11.281834999977036,42940.569557000345,209.0,0.0011033827395361864,0.0,24000,24000,43000,43000,43000,43000,43000,43000,43000,43000,43000
GET,/api/cart/cart/anonymous-150,2,0,110.0,115.36807600000998,105.61853400002974,125.11761799999022,203.0,0.0005516913697680932,0.0,130,130,130,130,130,130,130,130,130,130,130
GET,/api/cart/cart/anonymous-151,2,0,134.4643770000289,211.16159350000885,134.4643770000289,287.8588099999888,215.0,0.0005516913697680932,0.0,290,290,290,290,290,290,290,290,290,290,290
GET,/api/cart/cart/anonymous-152,2,0,35.19305499997927,68.45953799998483,35.19305499997927,101.7260209999904,203.5,0.0005516913697680932,0.0,100,100,100,100,100,100,100,100,100,100,100
GET,/api/cart/cart/anonymous-153,2,0,120.0,173.76530249998723,116.21847499998239,231.31212999999207,166.5,0.0005516913697680932,0.0,230,230,230,230,230,230,230,230,230,230,230
GET,/api/cart/cart/anonymous-154,2,0,19,126.44652700001302,18.661314000041784,234.23173999998426,212.5,0.0005516913697680932,0.0,230,230,230,230,230,230,230,230,230,230,230
GET,/api/cart/cart/anonymous-155,2,0,32,105.66049150000367,31.757714999969267,179.56326800003808,208.0,0.0005516913697680932,0.0,180,180,180,180,180,180,180,180,180,180,180
GET,/api/cart/cart/anonymous-156,2,0,48,125.02993949999563,47.920540000006895,202.13933899998437,200.0,0.0005516913697680932,0.0,200,200,200,200,200,200,200,200,200,200,200
GET,/api/cart/cart/anonymous-157,2,0,78,114.20388650000746,77.89069699998663,150.51707600002828,164.0,0.0005516913697680932,0.0,150,150,150,150,150,150,150,150,150,150,150
GET,/api/cart/cart/anonymous-158,2,0,19.23293600003717,113.28189550002321,19.23293600003717,207.33085500000925,215.0,0.0005516913697680932,0.0,210,210,210,210,210,210,210,210,210,210,210
GET,/api/cart/cart/anonymous-159,2,0,22,27.87336999998047,21.746532000008756,34.00020799995218,208.5,0.0005516913697680932,0.0,34,34,34,34,34,34,34,34,34,34,34
GET,/api/cart/cart/anonymous-16,3,0,26,9019.131116666547,21.466467999971428,27010.25220199972,158.33333333333334,0.0008275370546521397,0.0,26,26,27000,27000,27000,27000,27000,27000,27000,27000,27000
GET,/api/cart/cart/anonymous-160,2,0,101.31815199997618,158.11121549998575,101.31815199997618,214.9042789999953,204.0,0.0005516913697680932,0.0,210,210,210,210,210,210,210,210,210,210,210
GET,/api/cart/cart/anonymous-161,2,0,69.2711330000293,100.3622245000031,69.2711330000293,131.4533159999769,206.5,0.0005516913697680932,0.0,130,130,130,130,130,130,130,130,130,130,130
GET,/api/cart/cart/anonymous-162,2,0,45,61.80626750000329,44.902841999999055,78.70969300000752,195.5,0.0005516913697680932,0.0,79,79,79,79,79,79,79,79,79,79,79
GET,/api/cart/cart/anonymous-163,2,0,30,85.33624599999712,29.993448000027456,140.67904399996678,205.5,0.0005516913697680932,0.0,140,140,140,140,140,140,140,140,140,140,140
GET,/api/cart/cart/anonymous-164,2,0,46.49314699997831,53.834071500006075,46.49314699997831,61.17499600003384,217.5,0.0005516913697680932,0.0,61,61,61,61,61,61,61,61,61,61,61
GET,/api/cart/cart/anonymous-165,2,0,19.150328000023364,105.56746699998598,19.150328000023364,191.9846059999486,205.0,0.0005516913697680932,0.0,190,190,190,190,190,190,190,190,190,190,190
GET,/api/cart/cart/anonymous-166,2,0,20,43.84261050003602,19.664167000030375,68.02105400004166,206.0,0.0005516913697680932,0.0,68,68,68,68,68,68,68,68,68,68,68
GET,/api/cart/cart/anonymous-167,2,0,68.38211600000932,201.08241300002305,68.38211600000932,333.7827100000368,211.0,0.0005516913697680932,0.0,330,330,330,330,330,330,330,330,330,330,330
GET,/api/cart/cart/anonymous-168,2,0,11,288.0777169999931,10.812334999968698,565.3430990000174,200.0,0.0005516913697680932,0.0,570,570,570,570,570,570,570,570,570,570,570
GET,/api/cart/cart/anonymous-169,2,0,59,186.87149550001436,58.6852879999924,315.0577030000363,209.5,0.0005516913697680932,0.0,320,320,320,320,320,320,320,320,320,320,320
GET,/api/cart/cart/anonymous-17,3,0,38,16468.27901666656,30.791796999949383,49336.02563399973,210.66666666666666,0.0008275370546521397,0.0,38,38,49000,49000,49000,49000,49000,49000,49000,49000,49000
GET,/api/cart/cart/anonymous-170,2,0,44,304.2740229999765,43.53195899994944,565.0160870000036,174.5,0.0005516913697680932,0.0,570,570,570,570,570,570,570,570,570,570,570
GET,/api/cart/cart/anonymous-171,2,0,80.01407099999369,187.35235200000488,80.01407099999369,294.6906330000161,218.0,0.0005516913697680932,0.0,290,290,290,290,290,290,290,290,290,290,290
GET,/api/cart/cart/anonymous-172,2,0,63.285468000003675,313.465001499992,63.285468000003675,563.6445349999804,202.5,0.0005516913697680932,0.0,560,560,560,560,560,560,560,560,560,560,560
GET,/api/cart/cart/anonymous-173,2,0,47,58.86684450001667,46.99643300000389,70.73725600002945,200.5,0.0005516913697680932,0.0,71,71,71,71,71,71,71,71,71,71,71
GET,/api/cart/cart/anonymous-174,2,0,47,136.44467949998784,46.759424000015315,226.12993499996037,202.5,0.0005516913697680932,0.0,230,230,230,230,230,230,230,230,230,230,230
GET,/api/cart/cart/anonymous-175,2,0,27.49877200000128,28.855996000004325,27.49877200000128,30.213220000007368,211.5,0.0005516913697680932,0.0,30,30,30,30,30,30,30,30,30,30,30
GET,/api/cart/cart/anonymous-176,2,0,26.44733200003202,63.347536000009086,26.44733200003202,100.24773999998615,163.0,0.0005516913697680932,0.0,100,100,100,100,100,100,100,100,100,100,100
GET,/api/cart/cart/anonymous-177,2,0,9.451968999997007,137.67014350000295,9.451968999997007,265.8883180000089,216.0,0.0005516913697680932,0.0,270,270,270,270,270,270,270,270,270,270,270
GET,/api/cart/cart/anonymous-178,2,0,9,26.74085350000155,8.729038000012679,44.75266899999042,222.0,0.0005516913697680932,0.0,45,45,45,45,45,45,45,45,45,45,45
GET,/api/cart/cart/anonymous-179,2,0,9,102.52742949998606,8.887541999968107,196.167317000004,206.0,0.0005516913697680932,0.0,200,200,200,200,200,200,200,200,200,200,200
GET,/api/cart/cart/anonymous-18,2,0,17,26.911885000004077,16.72165299999051,37.10211700001764,208.0,0.0005516913697680932,0.0,37,37,37,37,37,37,37,37,37,37,37
GET,/api/cart/cart/anonymous-180,2,0,6,37.655141500010814,5.8861260000071525,69.42415700001447,166.0,0.0005516913697680932,0.0,69,69,69,69,69,69,69,69,69,69,69
GET,/api/cart/cart/anonymous-181,2,0,42.08732099999679,63.4008705000042,42.08732099999679,84.71442000001161,220.5,0.0005516913697680932,0.0,85,85,85,85,85,85,85,85,85,85,85
GET,/api/cart/cart/anonymous-182,2,0,12,110.67923649997624,11.680449999971643,209.67802299998084,204.5,0.0005516913697680932,0.0,210,210,210,210,210,210,210,210,210,210,210
GET,/api/cart/cart/anonymous-183,2,0,29,43.75253150001868,28.7299990000065,58.77506400003085,204.0,0.0005516913697680932,0.0,59,59,59,59,59,59,59,59,59,59,59
GET,/api/cart/cart/anonymous-184,2,0,25,104.89175250000926,24.514338000017233,185.2691670000013,207.5,0.0005516913697680932,0.0,190,190,190,190,190,190,190,190,190,190,190
GET,/api/cart/cart/anonymous-185,2,0,59,73.24475650000295,58.756877000007535,87.73263599999837,160.5,0.0005516913697680932,0.0,88,88,88,88,88,88,88,88,88,88,88
GET,/api/cart/cart/anonymous-186,2,0,68.4741219999978,78.15443100000152,68.4741219999978,87.83474000000524,210.0,0.0005516913697680932,0.0,88,88,88,88,88,88,88,88,88,88,88
GET,/api/cart/cart/anonymous-187,2,0,29,39.833178499975475,28.58088699997552,51.08546999997543,186.0,0.0005516913697680932,0.0,51,51,51,51,51,51,51,51,51,51,51
GET,/api/cart/cart/anonymous-188,2,0,81,152.90637999999035,80.94747799998459,224.8652819999961,206.5,0.0005516913697680932,0.0,220,220,220,220,220,220,220,220,220,220,220
GET,/api/cart/cart/anonymous-189,2,0,250.0,259.03870049998545,248.95466899999974,269.12273199997117,194.0,0.0005516913697680932,0.0,270,270,270,270,270,270,270,270,270,270,270
GET,/api/cart/cart/anonymous-19,3,0,27,8089.567901333397,20.027864000041973,24221.94715600017,241.66666666666666,0.0008275370546521397,0.0,27,27,24000,24000,24000,24000,24000,24000,24000,24000,24000
GET,/api/cart/cart/anonymous-190,2,0,51.064981000024545,107.49703700000168,51.064981000024545,163.92909299997882,214.0,0.0005516913697680932,0.0,160,160,160,160,160,160,160,160,160,160,160
GET,/api/cart/cart/anonymous-191,2,0,74.26520500001743,83.16324300000133,74.26520500001743,92.06128099998523,192.0,0.0005516913697680932,0.0,92,92,92,92,92,92,92,92,92,92,92
GET,/api/cart/cart/anonymous-192,2,0,61,66.97835150001197,60.66223400000581,73.29446900001813,211.0,0.0005516913697680932,0.0,73,73,73,73,73,73,73,73,73,73,73
GET,/api/cart/cart/anonymous-193,2,0,21.224177000021882,25.327144500010945,21.224177000021882,29.43011200000001,211.0,0.0005516913697680932,0.0,29,29,29,29,29,29,29,29,29,29,29
GET,/api/cart/cart/anonymous-194,2,0,37.00879000001578,567.3856795000063,37.00879000001578,1097.7625689999968,202.0,0.0005516913697680932,0.0,1100,1100,1100,1100,1100,1100,1100,1100,1100,1100,1100
GET,/api/cart/cart/anonymous-195,2,0,10.22208300003058,43.79636650000407,10.22208300003058,77.37064999997756,174.0,0.0005516913697680932,0.0,77,77,77,77,77,77,77,77,77,77,77
GET,/api/cart/cart/anonymous-196,2,0,9,137.04755000000546,8.71882500001675,265.37627499999417,169.5,0.0005516913697680932,0.0,270,270,270,270,270,270,270,270,270,270,270
GET,/api/cart/cart/anonymous-197,2,0,29.087885000024016,141.86758249999798,29.087885000024016,254.64727999997194,208.0,0.0005516913697680932,0.0,250,250,250,250,250,250,250,250,250,250,250
GET,/api/cart/cart/anonymous-198,2,0,16,552.9907895000008,15.942993999999544,1090.038585000002,195.0,0.0005516913697680932,0.0,1100,1100,1100,1100,1100,1100,1100,1100,1100,1100,1100
GET,/api/cart/cart/anonymous-199,2,0,12,119.45620100001975,11.89634100001058,227.0160610000289,154.5,0.0005516913697680932,0.0,230,230,230,230,230,230,230,230,230,230,230
GET,/api/cart/cart/anonymous-2,2,0,17.364655000051243,13383.376130500154,17.364655000051243,26749.387606000255,165.0,0.0005516913697680932,0.0,27000,27000,27000,27000,27000,27000,27000,27000,27000,27000,27000
GET,/api/cart/cart/anonymous-20,3,0,73,14431.430785666655,61.05369200002997,43160.00433499994,235.66666666666666,0.0008275370546521397,0.0,73,73,43000,43000,43000,43000,43000,43000,43000,43000,43000
GET,/api/cart/cart/anonymous-200,2,0,18,128.5502344999827,17.6592499999515,239.44121900001392,221.0,0.0005516913697680932,0.0,240,240,240,240,240,240,240,240,240,240,240
GET,/api/cart/cart/anonymous-201,2,0,9.286743000018305,57.785891999998285,9.286743000018305,106.28504099997826,204.5,0.0005516913697680932,0.0,110,110,110,110,110,110,110,110,110,110,110
GET,/api/cart/cart/anonymous-202,2,0,18,226.8887540000435,17.85595300003706,435.9215550000499,195.5,0.0005516913697680932,0.0,440,440,440,440,440,440,440,440,440,440,440
GET,/api/cart/cart/anonymous-203,2,0,7,549.12129249999,6.742845999951896,1091.499739000028,211.0,0.0005516913697680932,0.0,1100,1100,1100,1100,1100,1100,1100,1100,1100,1100,1100
GET,/api/cart/cart/anonymous-204,2,0,95.04933499999879,376.1107690000074,95.04933499999879,657.172203000016,191.5,0.0005516913697680932,0.0,660,660,660,660,660,660,660,660,660,660,660
GET,/api/cart/cart/anonymous-205,2,0,50.21014900000864,57.57753350002304,50.21014900000864,64.94491800003743,168.5,0.0005516913697680932,0.0,65,65,65,65,65,65,65,65,65,65,65
GET,/api/cart/cart/anonymous-206,2,0,310.0,532.6949805000254,308.7544510000271,756.6355100000237,172.0,0.0005516913697680932,0.0,760,760,760,760,760,760,760,760,760,760,760
GET,/api/cart/cart/anonymous-207,2,0,92.0688969999901,459.1530854999917,92.0688969999901,826.2372739999932,223.0,0.0005516913697680932,0.0,830,830,830,830,830,830,830,830,830,830,830
GET,/api/cart/cart/anonymous-208,2,0,20.33171699997638,118.61675349996403,20.33171699997638,216.9017899999517,201.5,0.0005516913697680932,0.0,220,220,220,220,220,220,220,220,220,220,220
GET,/api/cart/cart/anonymous-209,2,0,131.08087900002374,162.78270399999428,131.08087900002374,194.48452899996482,201.5,0.0005516913697680932,0.0,190,190,190,190,190,190,190,190,190,190,190
GET,/api/cart/cart/anonymous-21,2,0,30,33.294104500015465,29.570593000016743,37.017616000014186,196.5,0.0005516913697680932,0.0,37,37,37,37,37,37,37,37,37,37,37
GET,/api/cart/cart/anonymous-210,2,0,68,387.96657650001976,67.84562100006042,708.0875319999791,204.0,0.0005516913697680932,0.0,710,710,710,710,710,710,710,710,710,710,710
GET,/api/cart/cart/anonymous-211,2,0,110.83155599999372,130.7911680000018,110.83155599999372,150.75078000000985,174.0,0.0005516913697680932,0.0,150,150,150,150,150,150,150,150,150,150,150
GET,/api/cart/cart/anonymous-212,2,0,57.03173499989589,81.55776049994756,57.03173499989589,106.08378599999924,202.5,0.0005516913697680932,0.0,110,110,110,110,110,110,110,110,110,110,110
GET,/api/cart/cart/anonymous-213,2,0,59,171.106175000034,58.590091000041866,283.62225900002613,165.0,0.0005516913697680932,0.0,280,280,280,280,280,280,280,280,280,280,280
GET,/api/cart/cart/anonymous-214,2,0,252.454354000065,280.639153500033,252.454354000065,308.823953000001,216.0,0.0005516913697680932,0.0,310,310,310,310,310,310,310,310,310,310,310
GET,/api/cart/cart/anonymous-215,2,0,27.146463000008225,94.7047275000159,27.146463000008225,162.2629920000236,178.5,0.0005516913697680932,0.0,160,160,160,160,160,160,160,160,160,160,160
GET,/api/cart/cart/anonymous-216,2,0,28,158.0787565000037,27.606478999928186,288.5510340000792,212.0,0.0005516913697680932,0.0,290,290,290,290,290,290,290,290,290,290,290
GET,/api/cart/cart/anonymous-217,2,0,15.268342000013035,156.5255019999654,15.268342000013035,297.78266199991776,214.0,0.0005516913697680932,0.0,300,300,300,300,300,300,300,300,300,300,300
GET,/api/cart/cart/anonymous-218,2,0,15.002031999983956,47.41464049999422,15.002031999983956,79.82724900000449,212.0,0.0005516913697680932,0.0,80,80,80,80,80,80,80,80,80,80,80
GET,/api/cart/cart/anonymous-219,2,0,85.05843599999707,88.06317299999478,85.05843599999707,91.06790999999248,190.0,0.0005516913697680932,0.0,91,91,91,91,91,91,91,91,91,91,91
GET,/api/cart/cart/anonymous-22,2,0,18.860759000006055,18.724509000008993,18.58825900001193,18.860759000006055,216.0,0.0005516913697680932,0.0,19,19,19,19,19,19,19,19,19,19,19
GET,/api/cart/cart/anonymous-220,2,0,61,80.02358400000276,60.660665000000336,99.38650300000518,203.5,0.0005516913697680932,0.0,99,99,99,99,99,99,99,99,99,99,99
GET,/api/cart/cart/anonymous-221,2,0,71,76.72227000000476,70.84602899999481,82.5985110000147,217.0,0.0005516913697680932,0.0,83,83,83,83,83,83,83,83,83,83,83
GET,/api/cart/cart/anonymous-222,2,0,25.113084999929924,170.78965499996457,25.113084999929924,316.4662249999992,203.5,0.0005516913697680932,0.0,320,320,320,320,320,320,320,320,320,320,320
GET,/api/cart/cart/anonymous-223,2,0,20.09411699998509,59.428448999995,20.09411699998509,98.7627810000049,202.0,0.0005516913697680932,0.0,99,99,99,99,99,99,99,99,99,99,99
GET,/api/cart/cart/anonymous-224,2,0,110.0,223.73617799996737,109.5238599999675,337.94849599996724,204.0,0.0005516913697680932,0.0,340,340,340,340,340,340,340,340,340,340,340
GET,/api/cart/cart/anonymous-225,2,0,26,160.87130300002173,25.98851600009766,295.7540899999458,166.5,0.0005516913697680932,0.0,300,300,300,300,300,300,300,300,300,300,300
GET,/api/cart/cart/anonymous-226,2,0,240.0,358.4599519999756,236.144774999957,480.7751289999942,214.0,0.0005516913697680932,0.0,480,480,480,480,480,480,480,480,480,480,480
GET,/api/cart/cart/anonymous-227,2,0,27.096149000044534,48.040590000027805,27.096149000044534,68.98503100001108,158.5,0.0005516913697680932,0.0,69,69,69,69,69,69,69,69,69,69,69
GET,/api/cart/cart/anonymous-228,2,0,310.0,376.0930574999861,308.85335499999655,443.3327599999757,199.5,0.0005516913697680932,0.0,440,440,440,440,440,440,440,440,440,440,440
GET,/api/cart/cart/anonymous-229,2,0,55,73.62962550001839,54.73528900006386,92.52396199997293,202.5,0.0005516913697680932,0.0,93,93,93,93,93,93,93,93,93,93,93
GET,/api/cart/cart/anonymous-23,4,0,41,19538.69418299992,31.895399999996243,55471.75513699994,182.0,0.0011033827395361864,0.0,23000,23000,55000,55000,55000,55000,55000,55000,55000,55000,55000
GET,/api/cart/cart/anonymous-230,2,0,30.156363000060082,118.03772150005898,30.156363000060082,205.91908000005787,213.0,0.0005516913697680932,0.0,210,210,210,210,210,210,210,210,210,210,210
GET,/api/cart/cart/anonymous-231,2,0,21,60.97909250001976,20.96722500004944,100.99095999999008,186.0,0.0005516913697680932,0.0,100,100,100,100,100,100,100,100,100,100,100
GET,/api/cart/cart/anonymous-232,2,0,21,134.2726780000021,20.870825999963927,247.67453000004025,219.0,0.0005516913697680932,0.0,250,250,250,250,250,250,250,250,250,250,250
GET,/api/cart/cart/anonymous-233,2,0,68.29250699991007,69.39862349997838,68.29250699991007,70.5047400000467,211.5,0.0005516913697680932,0.0,71,71,71,71,71,71,71,71,71,71,71
GET,/api/cart/cart/anonymous-234,2,0,96,116.25025249998089,95.68947200000366,136.81103299995812,171.0,0.0005516913697680932,0.0,140,140,140,140,140,140,140,140,140,140,140
GET,/api/cart/cart/anonymous-235,2,0,73.00847299995894,267.60863499998777,73.00847299995894,462.2087970000166,220.5,0.0005516913697680932,0.0,460,460,460,460,460,460,460,460,460,460,460
GET,/api/cart/cart/anonymous-236,2,0,44,203.3417690000192,43.75514200000907,362.92839600002935,206.5,0.0005516913697680932,0.0,360,360,360,360,360,360,360,360,360,360,360
GET,/api/cart/cart/anonymous-237,2,0,86.04983299994728,217.40066450001905,86.04983299994728,348.7514960000908,200.0,0.0005516913697680932,0.0,350,350,350,350,350,350,350,350,350,350,350
GET,/api/cart/cart/anonymous-238,2,0,53.11947200004852,257.146617500041,53.11947200004852,461.17376300003343,222.5,0.0005516913697680932,0.0,460,460,460,460,460,460,460,460,460,460,460
GET,/api/cart/cart/anonymous-239,2,0,75,257.7948559999754,74.92444100000739,440.66527099994346,161.0,0.0005516913697680932,0.0,440,440,440,440,440,440,440,440,440,440,440
GET,/api/cart/cart/anonymous-24,3,0,41,16493.3867249999,20.45906399996511,49418.708081999735,147.33333333333334,0.0008275370546521397,0.0,41,41,49000,49000,49000,49000,49000,49000,49000,49000,49000
GET,/api/cart/cart/anonymous-240,2,0,88.23531000007279,219.67880350007363,88.23531000007279,351.12229700007447,214.0,0.0005516913697680932,0.0,350,350,350,350,350,350,350,350,350,350,350
GET,/api/cart/cart/anonymous-241,2,0,10.370665999971607,984.466800000007,10.370665999971607,1958.5629340000423,215.5,0.0005516913697680932,0.0,2000,2000,2000,2000,2000,2000,2000,2000,2000,2000,2000
GET,/api/cart/cart/anonymous-242,2,0,10.012751000090248,217.90331549999564,10.012751000090248,425.79387999990104,210.0,0.0005516913697680932,0.0,430,430,430,430,430,430,430,430,430,430,430
GET,/api/cart/cart/anonymous-243,2,0,17,84.05551450005078,16.52667600001223,151.58435300008932,200.0,0.0005516913697680932,0.0,150,150,150,150,150,150,150,150,150,150,150
GET,/api/cart/cart/anonymous-244,2,0,10,39.62452799999028,9.731838999982756,69.5172169999978,197.0,0.0005516913697680932,0.0,70,70,70,70,70,70,70,70,70,70,70
GET,/api/cart/cart/anonymous-245,2,0,10.052748000020983,35.64700100002938,10.052748000020983,61.24125400003777,193.0,0.0005516913697680932,0.0,61,61,61,61,61,61,61,61,61,61,61
GET,/api/cart/cart/anonymous-246,2,0,19.233464999956595,187.88661150000507,19.233464999956595,356.53975800005355,216.5,0.0005516913697680932,0.0,360,360,360,360,360,360,360,360,360,360,360
GET,/api/cart/cart/anonymous-247,2,0,35.222180999994634,595.0969214999873,35.222180999994634,1154.97166199998,171.0,0.0005516913697680932,0.0,1200,1200,1200,1200,1200,1200,1200,1200,1200,1200,1200
GET,/api/cart/cart/anonymous-248,2,0,34,47.09468750002088,33.76386000002185,60.425515000019914,223.5,0.0005516913697680932,0.0,60,60,60,60,60,60,60,60,60,60,60
GET,/api/cart/cart/anonymous-249,2,0,61.29470799999126,208.54457000001503,61.29470799999126,355.7944320000388,207.0,0.0005516913697680932,0.0,360,360,360,360,360,360,360,360,360,360,360
GET,/api/cart/cart/anonymous-25,4,0,99,12995.891776249933,16.045950999966863,29276.33311799991,210.25,0.0011033827395361864,0.0,23000,23000,29000,29000,29000,29000,29000,29000,29000,29000,29000
GET,/api/cart/cart/anonymous-250,2,0,101.4818030000697,130.0112934999902,101.4818030000697,158.54078399991067,184.0,0.0005516913697680932,0.0,160,160,160,160,160,160,160,160,160,160,160
GET,/api/cart/cart/anonymous-251,2,0,92,255.38532900003474,91.62497300007999,419.1456849999895,211.5,0.0005516913697680932,0.0,420,420,420,420,420,420,420,420,420,420,420
GET,/api/cart/cart/anonymous-252,2,0,42,230.38749099993083,41.580294999903344,419.1946869999583,202.0,0.0005516913697680932,0.0,420,420,420,420,420,420,420,420,420,420,420
GET,/api/cart/cart/anonymous-253,2,0,59,177.96843249999483,58.665456000085214,297.27140899990445,219.0,0.0005516913697680932,0.0,300,300,300,300,300,300,300,300,300,300,300
GET,/api/cart/cart/anonymous-254,2,0,142.5679520000358,286.3131495000175,142.5679520000358,430.05834699999923,179.5,0.0005516913697680932,0.0,430,430,430,430,430,430,430,430,430,430,430
GET,/api/cart/cart/anonymous-255,2,0,340.0,373.64051249994645,339.4426139999496,407.83841099994333,160.5,0.0005516913697680932,0.0,410,410,410,410,410,410,410,410,410,410,410
GET,/api/cart/cart/anonymous-256,2,0,44.49536499998885,84.1807969999877,44.49536499998885,123.86622899998656,192.5,0.0005516913697680932,0.0,120,120,120,120,120,120,120,120,120,120,120
GET,/api/cart/cart/anonymous-257,2,0,10,3423.393900999997,9.833426000000145,6836.954375999994,182.0,0.0005516913697680932,0.0,6800,6800,6800,6800,6800,6800,6800,6800,6800,6800,6800
GET,/api/cart/cart/anonymous-258,2,0,140.0,663.1323834999989,138.7195239999528,1187.545243000045,209.5,0.0005516913697680932,0.0,1200,1200,1200,1200,1200,1200,1200,1200,1200,1200,1200
GET,/api/cart/cart/anonymous-259,2,0,223.2001659999696,3328.7433684999996,223.2001659999696,6434.28657100003,214.0,0.0005516913697680932,0.0,6400,6400,6400,6400,6400,6400,6400,6400,6400,6400,6400
GET,/api/cart/cart/anonymous-26,2,0,10,20.997816000033254,9.52663000003895,32.46900200002756,204.0,0.0005516913697680932,0.0,32,32,32,32,32,32,32,32,32,32,32
GET,/api/cart/cart/anonymous-260,2,0,194.28121400005693,690.8997285000282,194.28121400005693,1187.5182429999995,164.0,0.0005516913697680932,0.0,1200,1200,1200,1200,1200,1200,1200,1200,1200,1200,1200
GET,/api/cart/cart/anonymous-261,2,0,45,614.4555054999614,44.63577000001351,1184.2752409999093,212.0,0.0005516913697680932,0.0,1200,1200,1200,1200,1200,1200,1200,1200,1200,1200,1200
GET,/api/cart/cart/anonymous-262,2,0,230.0,3325.485262500024,226.97259100004885,6423.997933999999,195.0,0.0005516913697680932,0.0,6400,6400,6400,6400,6400,6400,6400,6400,6400,6400,6400
GET,/api/cart/cart/anonymous-263,2,0,45,177.37328250001383,44.614668999997775,310.1318960000299,202.5,0.0005516913697680932,0.0,310,310,310,310,310,310,310,310,310,310,310
GET,/api/cart/cart/anonymous-264,2,0,12.322206000021652,597.8624594999928,12.322206000021652,1183.402712999964,218.5,0.0005516913697680932,0.0,1200,1200,1200,1200,1200,1200,1200,1200,1200,1200,1200
GET,/api/cart/cart/anonymous-265,2,0,28.04092300004868,169.8074834999943,28.04092300004868,311.57404399993993,192.0,0.0005516913697680932,0.0,310,310,310,310,310,310,310,310,310,310,310
GET,/api/cart/cart/anonymous-266,2,0,343.293888000062,3343.747210500055,343.293888000062,6344.200533000048,202.5,0.0005516913697680932,0.0,6300,6300,6300,6300,6300,6300,6300,6300,6300,6300,6300
GET,/api/cart/cart/anonymous-267,2,0,172.98849799999516,31968.55128550004,172.98849799999516,63764.114073000084,166.0,0.0005516913697680932,0.0,64000,64000,64000,64000,64000,64000,64000,64000,64000,64000,64000
GET,/api/cart/cart/anonymous-268,2,0,1200.0,14398.774319500035,1185.4752780000126,27612.073361000057,192.0,0.0005516913697680932,0.0,28000,28000,28000,28000,28000,28000,28000,28000,28000,28000,28000
GET,/api/cart/cart/anonymous-269,2,0,6516.116418000024,21089.78658699999,6516.116418000024,35663.456755999956,215.0,0.0005516913697680932,0.0,36000,36000,36000,36000,36000,36000,36000,36000,36000,36000,36000
GET,/api/cart/cart/anonymous-27,2,0,10.020931999974891,14.910896999992929,10.020931999974891,19.800862000010966,206.5,0.0005516913697680932,0.0,20,20,20,20,20,20,20,20,20,20,20
GET,/api/cart/cart/anonymous-270,2,0,34,515.1146805000621,33.84021500005474,996.3891460000696,205.5,0.0005516913697680932,0.0,1000,1000,1000,1000,1000,1000,1000,1000,1000,1000,1000
GET,/api/cart/cart/anonymous-271,2,0,12292.756886000006,18549.484563500017,12292.756886000006,24806.212241000027,177.5,0.0005516913697680932,0.0,25000,25000,25000,25000,25000,25000,25000,25000,25000,25000,25000
GET,/api/cart/cart/anonymous-272,2,0,22382.714940999904,42499.62088199993,22382.714940999904,62616.52682299996,200.5,0.0005516913697680932,0.0,63000,63000,63000,63000,63000,63000,63000,63000,63000,63000,63000
GET,/api/cart/cart/anonymous-273,2,0,15230.257841000024,38712.20498050002,15230.257841000024,62194.15212000001,183.0,0.0005516913697680932,0.0,62000,62000,62000,62000,62000,62000,62000,62000,62000,62000,62000
GET,/api/cart/cart/anonymous-274,2,0,16473.65769999999,35952.90534100002,16473.65769999999,55432.15298200005,162.0,0.0005516913697680932,0.0,55000,55000,55000,55000,55000,55000,55000,55000,55000,55000,55000
GET,/api/cart/cart/anonymous-275,2,0,17000.0,40162.690918500004,16542.226476999986,63783.155360000026,213.5,0.0005516913697680932,0.0,64000,64000,64000,64000,64000,64000,64000,64000,64000,64000,64000
GET,/api/cart/cart/anonymous-276,2,0,11211.440356000025,19385.950556500007,11211.440356000025,27560.460756999986,219.0,0.0005516913697680932,0.0,28000,28000,28000,28000,28000,28000,28000,28000,28000,28000,28000
GET,/api/cart/cart/anonymous-277,2,0,27338.1662380001,41379.114641500055,27338.1662380001,55420.063045,225.5,0.0005516913697680932,0.0,55000,55000,55000,55000,55000,55000,55000,55000,55000,55000,55000
GET,/api/cart/cart/anonymous-278,2,0,14133.426785999973,20929.523440499965,14133.426785999973,27725.620094999955,201.0,0.0005516913697680932,0.0,28000,28000,28000,28000,28000,28000,28000,28000,28000,28000,28000
GET,/api/cart/cart/anonymous-279,2,0,14161.974153000074,20751.502961000027,14161.974153000074,27341.031768999983,210.0,0.0005516913697680932,0.0,27000,27000,27000,27000,27000,27000,27000,27000,27000,27000,27000
GET,/api/cart/cart/anonymous-28,3,0,25,7824.850632000031,8.402427000021362,23441.296591000082,178.33333333333334,0.0008275370546521397,0.0,25,25,23000,23000,23000,23000,23000,23000,23000,23000,23000
GET,/api/cart/cart/anonymous-280,2,0,11267.004156999974,20680.825288999986,11267.004156999974,30094.646420999994,212.0,0.0005516913697680932,0.0,30000,30000,30000,30000,30000,30000,30000,30000,30000,30000,30000
GET,/api/cart/cart/anonymous-281,2,0,28000.0,45697.002015000005,27611.019769999984,63782.984260000034,205.0,0.0005516913697680932,0.0,64000,64000,64000,64000,64000,64000,64000,64000,64000,64000,64000
GET,/api/cart/cart/anonymous-282,2,0,11200.685360999956,19386.61694550001,11200.685360999956,27572.548530000062,208.0,0.0005516913697680932,0.0,28000,28000,28000,28000,28000,28000,28000,28000,28000,28000,28000
GET,/api/cart/cart/anonymous-283,2,0,14120.002960999955,14644.123438000008,14120.002960999955,15168.243915000061,217.0,0.0005516913697680932,0.0,15000,15000,15000,15000,15000,15000,15000,15000,15000,15000,15000
GET,/api/cart/cart/anonymous-284,2,0,11247.973221999928,15307.348312999977,11247.973221999928,19366.723404000026,214.5,0.0005516913697680932,0.0,19000,19000,19000,19000,19000,19000,19000,19000,19000,19000,19000
GET,/api/cart/cart/anonymous-285,2,0,11161.681067000018,19343.698235999967,11161.681067000018,27525.715404999915,203.5,0.0005516913697680932,0.0,28000,28000,28000,28000,28000,28000,28000,28000,28000,28000,28000
GET,/api/cart/cart/anonymous-286,2,0,21000.0,27808.619189500063,20718.914329000087,34898.32405000004,221.0,0.0005516913697680932,0.0,35000,35000,35000,35000,35000,35000,35000,35000,35000,35000,35000
GET,/api/cart/cart/anonymous-287,2,0,20025.687801000004,23625.28283749998,20025.687801000004,27224.877873999958,207.5,0.0005516913697680932,0.0,27000,27000,27000,27000,27000,27000,27000,27000,27000,27000,27000
GET,/api/cart/cart/anonymous-288,2,0,18000.0,36521.994452999934,17623.097441999904,55420.891463999964,181.5,0.0005516913697680932,0.0,55000,55000,55000,55000,55000,55000,55000,55000,55000,55000,55000
GET,/api/cart/cart/anonymous-289,2,0,1200.0,6350.857625999994,1196.3284209999756,11505.38683100001,206.5,0.0005516913697680932,0.0,12000,12000,12000,12000,12000,12000,12000,12000,12000,12000,12000
GET,/api/cart/cart/anonymous-29,2,0,8.173426000041673,10.04653200001826,8.173426000041673,11.919637999994848,184.5,0.0005516913697680932,0.0,12,12,12,12,12,12,12,12,12,12,12
GET,/api/cart/cart/anonymous-290,2,0,20000.0,27672.472769999957,19688.455857000008,35656.489682999905,221.0,0.0005516913697680932,0.0,36000,36000,36000,36000,36000,36000,36000,36000,36000,36000,36000
GET,/api/cart/cart/anonymous-291,2,0,11200.073349000035,15471.682473499981,11200.073349000035,19743.291597999927,192.0,0.0005516913697680932,0.0,20000,20000,20000,20000,20000,20000,20000,20000,20000,20000,20000
GET,/api/cart/cart/anonymous-292,2,0,11190.91968500004,14248.03122550003,11190.91968500004,17305.14276600002,198.5,0.0005516913697680932,0.0,17000,17000,17000,17000,17000,17000,17000,17000,17000,17000,17000
GET,/api/cart/cart/anonymous-293,2,0,11149.109529999918,15369.937495999977,11149.109529999918,19590.765462000036,209.5,0.0005516913697680932,0.0,20000,20000,20000,20000,20000,20000,20000,20000,20000,20000,20000
GET,/api/cart/cart/anonymous-294,2,0,21000.0,30501.49743999998,20711.63095499992,40291.36392500004,207.5,0.0005516913697680932,0.0,40000,40000,40000,40000,40000,40000,40000,40000,40000,40000,40000
GET,/api/cart/cart/anonymous-295,2,0,20024.924289000068,23549.337573000004,20024.924289000068,27073.750856999937,209.5,0.0005516913697680932,0.0,27000,27000,27000,27000,27000,27000,27000,27000,27000,27000,27000
GET,/api/cart/cart/anonymous-296,2,0,18000.0,20347.266993000005,17559.645305000005,23134.888681000008,190.0,0.0005516913697680932,0.0,23000,23000,23000,23000,23000,23000,23000,23000,23000,23000,23000
GET,/api/cart/cart/anonymous-297,2,0,9000.0,14345.118768500015,8998.87195200006,19691.36558499997,209.0,0.0005516913697680932,0.0,20000,20000,20000,20000,20000,20000,20000,20000,20000,20000,20000
GET,/api/cart/cart/anonymous-298,2,0,19481.74105099997,24943.543890499997,19481.74105099997,30405.34673000002,201.5,0.0005516913697680932,0.0,30000,30000,30000,30000,30000,30000,30000,30000,30000,30000,30000
GET,/api/cart/cart/anonymous-299,2,0,17455.644733999976,23468.64219849999,17455.644733999976,29481.63966300001,211.0,0.0005516913697680932,0.0,29000,29000,29000,29000,29000,29000,29000,29000,29000,29000,29000
GET,/api/cart/cart/anonymous-3,3,0,20,8844.358329000082,4.282914000043547,26508.815510000204,182.66666666666666,0.0008275370546521397,0.0,20,20,27000,27000,27000,27000,27000,27000,27000,27000,27000
GET,/api/cart/cart/anonymous-30,2,0,30.493496000019604,34.08115750002594,30.493496000019604,37.66881900003227,212.0,0.0005516913697680932,0.0,38,38,38,38,38,38,38,38,38,38,38
GET,/api/cart/cart/anonymous-300,2,0,19000.0,20711.91321999993,18981.50864899992,22442.317790999936,185.5,0.0005516913697680932,0.0,22000,22000,22000,22000,22000,22000,22000,22000,22000,22000,22000
GET,/api/cart/cart/anonymous-301,2,0,11444.549532999987,19369.62148349994,11444.549532999987,27294.693433999895,198.0,0.0005516913697680932,0.0,27000,27000,27000,27000,27000,27000,27000,27000,27000,27000,27000
GET,/api/cart/cart/anonymous-302,2,0,19321.333080000044,20746.049868499995,19321.333080000044,22170.766656999946,165.5,0.0005516913697680932,0.0,22000,22000,22000,22000,22000,22000,22000,22000,22000,22000,22000
GET,/api/cart/cart/anonymous-303,2,0,19000.0,23194.975543999986,18821.271479999952,27568.679608000024,188.5,0.0005516913697680932,0.0,28000,28000,28000,28000,28000,28000,28000,28000,28000,28000,28000
GET,/api/cart/cart/anonymous-304,2,0,22111.288244999967,23638.199885999995,22111.288244999967,25165.111527000023,200.0,0.0005516913697680932,0.0,25000,25000,25000,25000,25000,25000,25000,25000,25000,25000,25000
GET,/api/cart/cart/anonymous-305,2,0,19300.508075000038,27556.40115800003,19300.508075000038,35812.29424100002,221.0,0.0005516913697680932,0.0,36000,36000,36000,36000,36000,36000,36000,36000,36000,36000,36000
GET,/api/cart/cart/anonymous-306,2,0,11000.0,20320.829094500026,10874.66947300004,29766.988716000014,177.0,0.0005516913697680932,0.0,30000,30000,30000,30000,30000,30000,30000,30000,30000,30000,30000
GET,/api/cart/cart/anonymous-307,2,0,18000.0,24995.08452399999,17675.320888999977,32314.84815900001,180.5,0.0005516913697680932,0.0,32000,32000,32000,32000,32000,32000,32000,32000,32000,32000,32000
GET,/api/cart/cart/anonymous-308,2,0,12000.0,15233.255612999983,11589.612525999997,18876.89869999997,222.0,0.0005516913697680932,0.0,19000,19000,19000,19000,19000,19000,19000,19000,19000,19000,19000
GET,/api/cart/cart/anonymous-309,2,0,20417.43631600002,24206.81173700001,20417.43631600002,27996.187157999997,211.0,0.0005516913697680932,0.0,28000,28000,28000,28000,28000,28000,28000,28000,28000,28000,28000
GET,/api/cart/cart/anonymous-31,2,0,36.35271400003148,44.28868900001248,36.35271400003148,52.22466399999348,202.5,0.0005516913697680932,0.0,52,52,52,52,52,52,52,52,52,52,52
GET,/api/cart/cart/anonymous-310,2,0,18000.0,18258.580982500007,17687.971410000046,18829.19055499997,198.5,0.0005516913697680932,0.0,19000,19000,19000,19000,19000,19000,19000,19000,19000,19000,19000
GET,/api/cart/cart/anonymous-311,2,0,18000.0,20682.06972949997,17627.145824999956,23736.993633999988,150.0,0.0005516913697680932,0.0,24000,24000,24000,24000,24000,24000,24000,24000,24000,24000,24000
GET,/api/cart/cart/anonymous-312,2,0,17000.0,21028.652607000025,16834.610947999976,25222.694266000075,196.0,0.0005516913697680932,0.0,25000,25000,25000,25000,25000,25000,25000,25000,25000,25000,25000
GET,/api/cart/cart/anonymous-313,2,0,23495.276680999952,29369.59593949996,23495.276680999952,35243.915197999966,208.5,0.0005516913697680932,0.0,35000,35000,35000,35000,35000,35000,35000,35000,35000,35000,35000
GET,/api/cart/cart/anonymous-314,2,0,17000.0,26324.5815505,16852.96272200003,35796.20037899997,215.0,0.0005516913697680932,0.0,36000,36000,36000,36000,36000,36000,36000,36000,36000,36000,36000
GET,/api/cart/cart/anonymous-315,2,0,17000.0,18668.27256649998,16855.42994599996,20481.115187,172.5,0.0005516913697680932,0.0,20000,20000,20000,20000,20000,20000,20000,20000,20000,20000,20000
GET,/api/cart/cart/anonymous-316,2,0,17000.0,18628.937694,16778.681720000008,20479.193667999993,191.0,0.0005516913697680932,0.0,20000,20000,20000,20000,20000,20000,20000,20000,20000,20000,20000
GET,/api/cart/cart/anonymous-317,2,0,20000.0,21672.723329999997,19743.72720000008,23601.719459999913,216.0,0.0005516913697680932,0.0,24000,24000,24000,24000,24000,24000,24000,24000,24000,24000,24000
GET,/api/cart/cart/anonymous-318,2,0,19359.10362499999,24507.84942749999,19359.10362499999,29656.59522999999,203.0,0.0005516913697680932,0.0,30000,30000,30000,30000,30000,30000,30000,30000,30000,30000,30000
GET,/api/cart/cart/anonymous-319,2,0,17000.0,17260.237769999945,16824.832855999943,17695.642683999948,221.5,0.0005516913697680932,0.0,18000,18000,18000,18000,18000,18000,18000,18000,18000,18000,18000
GET,/api/cart/cart/anonymous-32,3,0,16,16455.24538399991,10.844034000001557,49338.42316599976,272.6666666666667,0.0008275370546521397,0.0,16,16,49000,49000,49000,49000,49000,49000,49000,49000,49000
GET,/api/cart/cart/anonymous-320,2,0,20387.946918000012,26205.725574500037,20387.946918000012,32023.50423100006,147.0,0.0005516913697680932,0.0,32000,32000,32000,32000,32000,32000,32000,32000,32000,32000,32000
GET,/api/cart/cart/anonymous-321,2,0,12000.0,21691.547620499987,11604.44597100002,31778.649269999958,202.5,0.0005516913697680932,0.0,32000,32000,32000,32000,32000,32000,32000,32000,32000,32000,32000
GET,/api/cart/cart/anonymous-322,2,0,12000.0,14265.330191999965,11594.948477000002,16935.711906999928,183.5,0.0005516913697680932,0.0,17000,17000,17000,17000,17000,17000,17000,17000,17000,17000,17000
GET,/api/cart/cart/anonymous-323,2,0,18484.86058000003,19174.344981500042,18484.86058000003,19863.82938300005,151.5,0.0005516913697680932,0.0,20000,20000,20000,20000,20000,20000,20000,20000,20000,20000,20000
GET,/api/cart/cart/anonymous-324,2,0,20000.0,22567.156752000017,19902.109858000018,25232.203646000016,214.5,0.0005516913697680932,0.0,25000,25000,25000,25000,25000,25000,25000,25000,25000,25000,25000
GET,/api/cart/cart/anonymous-325,2,0,19000.0,21185.98803849994,18769.029805999933,23602.94627099995,208.5,0.0005516913697680932,0.0,24000,24000,24000,24000,24000,24000,24000,24000,24000,24000,24000
GET,/api/cart/cart/anonymous-326,2,0,17000.0,26384.119115499972,16954.33927299996,35813.89895799998,188.5,0.0005516913697680932,0.0,36000,36000,36000,36000,36000,36000,36000,36000,36000,36000,36000
GET,/api/cart/cart/anonymous-327,2,0,20000.0,21626.772004500024,19830.58888700009,23422.955121999963,202.0,0.0005516913697680932,0.0,23000,23000,23000,23000,23000,23000,23000,23000,23000,23000,23000
GET,/api/cart/cart/anonymous-328,2,0,17000.0,17868.12809649996,16568.451611,19167.804581999917,135.5,0.0005516913697680932,0.0,19000,19000,19000,19000,19000,19000,19000,19000,19000,19000,19000
GET,/api/cart/cart/anonymous-329,2,0,12000.0,15641.070933499976,11942.47778099998,19339.66408599997,155.5,0.0005516913697680932,0.0,19000,19000,19000,19000,19000,19000,19000,19000,19000,19000,19000
GET,/api/cart/cart/anonymous-33,3,0,25,16457.2172500001,10.262732000001051,49336.24053800031,268.6666666666667,0.0008275370546521397,0.0,25,25,49000,49000,49000,49000,49000,49000,49000,49000,49000
GET,/api/cart/cart/anonymous-330,2,0,18000.0,20650.09618099998,17685.215384000003,23614.97697799996,207.5,0.0005516913697680932,0.0,24000,24000,24000,24000,24000,24000,24000,24000,24000,24000,24000
GET,/api/cart/cart/anonymous-331,2,0,20000.0,26393.874416000013,19881.17307599998,32906.57575600005,167.0,0.0005516913697680932,0.0,33000,33000,33000,33000,33000,33000,33000,33000,33000,33000,33000
GET,/api/cart/cart/anonymous-332,2,0,26413.885858999947,29339.908444,26413.885858999947,32265.931029000058,194.5,0.0005516913697680932,0.0,32000,32000,32000,32000,32000,32000,32000,32000,32000,32000,32000
GET,/api/cart/cart/anonymous-333,2,0,18363.035195000066,19083.070806500018,18363.035195000066,19803.10641799997,156.0,0.0005516913697680932,0.0,20000,20000,20000,20000,20000,20000,20000,20000,20000,20000,20000
GET,/api/cart/cart/anonymous-334,2,0,19333.089716999893,19336.856384499923,19333.089716999893,19340.623051999955,167.5,0.0005516913697680932,0.0,19000,19000,19000,19000,19000,19000,19000,19000,19000,19000,19000
GET,/api/cart/cart/anonymous-335,2,0,20000.0,21698.41477450001,19638.798522,23758.031027000015,212.5,0.0005516913697680932,0.0,24000,24000,24000,24000,24000,24000,24000,24000,24000,24000,24000
GET,/api/cart/cart/anonymous-336,2,0,19420.50989500001,26406.760906999978,19420.50989500001,33393.011918999946,226.0,0.0005516913697680932,0.0,33000,33000,33000,33000,33000,33000,33000,33000,33000,33000,33000
GET,/api/cart/cart/anonymous-337,2,0,20000.0,25811.07406000001,19590.176412999994,32031.971707000026,191.5,0.0005516913697680932,0.0,32000,32000,32000,32000,32000,32000,32000,32000,32000,32000,32000
GET,/api/cart/cart/anonymous-338,2,0,20000.0,21616.290203000004,19812.728411999957,23419.851994000055,131.0,0.0005516913697680932,0.0,23000,23000,23000,23000,23000,23000,23000,23000,23000,23000,23000
GET,/api/cart/cart/anonymous-339,2,0,19360.282634999974,19479.069576000027,19360.282634999974,19597.85651700008,208.0,0.0005516913697680932,0.0,20000,20000,20000,20000,20000,20000,20000,20000,20000,20000,20000
GET,/api/cart/cart/anonymous-34,3,0,26,18539.547439333433,18.330558000002384,55573.9093760003,266.3333333333333,0.0008275370546521397,0.0,26,26,56000,56000,56000,56000,56000,56000,56000,56000,56000
GET,/api/cart/cart/anonymous-340,2,0,19259.981936000033,19325.363095,19259.981936000033,19390.74425399997,208.0,0.0005516913697680932,0.0,19000,19000,19000,19000,19000,19000,19000,19000,19000,19000,19000
GET,/api/cart/cart/anonymous-341,2,0,19181.189606999964,19536.772085999983,19181.189606999964,19892.354565000005,203.0,0.0005516913697680932,0.0,20000,20000,20000,20000,20000,20000,20000,20000,20000,20000,20000
GET,/api/cart/cart/anonymous-342,2,0,19000.0,19251.748694000016,18979.317356000025,19524.180032000004,224.5,0.0005516913697680932,0.0,20000,20000,20000,20000,20000,20000,20000,20000,20000,20000,20000
GET,/api/cart/cart/anonymous-343,2,0,17000.0,17961.502063000014,16602.854126000013,19320.150000000012,200.5,0.0005516913697680932,0.0,19000,19000,19000,19000,19000,19000,19000,19000,19000,19000,19000
GET,/api/cart/cart/anonymous-344,2,0,19380.288152999925,19390.465899499985,19380.288152999925,19400.643646000048,223.5,0.0005516913697680932,0.0,19000,19000,19000,19000,19000,19000,19000,19000,19000,19000,19000
GET,/api/cart/cart/anonymous-345,2,0,17000.0,24549.432883000067,16834.598448000066,32264.267318000064,158.0,0.0005516913697680932,0.0,32000,32000,32000,32000,32000,32000,32000,32000,32000,32000,32000
GET,/api/cart/cart/anonymous-346,2,0,20000.0,21763.52441250003,19872.47679699999,23654.572028000075,201.5,0.0005516913697680932,0.0,24000,24000,24000,24000,24000,24000,24000,24000,24000,24000,24000
GET,/api/cart/cart/anonymous-347,2,0,23431.900504999932,25001.64929350001,23431.900504999932,26571.398082000087,225.0,0.0005516913697680932,0.0,27000,27000,27000,27000,27000,27000,27000,27000,27000,27000,27000
GET,/api/cart/cart/anonymous-348,2,0,19299.719408999976,19479.34906499995,19299.719408999976,19658.978720999927,160.5,0.0005516913697680932,0.0,20000,20000,20000,20000,20000,20000,20000,20000,20000,20000,20000
GET,/api/cart/cart/anonymous-349,2,0,11000.0,17539.764577999962,10872.970657999986,24206.558497999937,222.5,0.0005516913697680932,0.0,24000,24000,24000,24000,24000,24000,24000,24000,24000,24000,24000
GET,/api/cart/cart/anonymous-35,3,0,25,18516.541703000028,21.3996670000256,55503.08386300003,221.33333333333334,0.0008275370546521397,0.0,25,25,56000,56000,56000,56000,56000,56000,56000,56000,56000
GET,/api/cart/cart/anonymous-350,2,0,20000.0,26428.54970650001,19814.407029999984,33042.69238300003,221.5,0.0005516913697680932,0.0,33000,33000,33000,33000,33000,33000,33000,33000,33000,33000,33000
GET,/api/cart/cart/anonymous-351,2,0,17000.0,20220.63713900002,16815.60442,23625.669858000037,201.5,0.0005516913697680932,0.0,24000,24000,24000,24000,24000,24000,24000,24000,24000,24000,24000
GET,/api/cart/cart/anonymous-352,2,0,11000.0,21558.430443999954,10883.066250999946,32233.79463699996,177.5,0.0005516913697680932,0.0,32000,32000,32000,32000,32000,32000,32000,32000,32000,32000,32000
GET,/api/cart/cart/anonymous-353,2,0,20000.0,21680.210592000036,19853.80851600007,23506.612668,213.0,0.0005516913697680932,0.0,24000,24000,24000,24000,24000,24000,24000,24000,24000,24000,24000
GET,/api/cart/cart/anonymous-354,2,0,19390.75355,25767.262244999984,19390.75355,32143.770939999966,219.0,0.0005516913697680932,0.0,32000,32000,32000,32000,32000,32000,32000,32000,32000,32000,32000
GET,/api/cart/cart/anonymous-355,2,0,12000.0,15633.694541000012,11964.461082999947,19302.927999000076,196.0,0.0005516913697680932,0.0,19000,19000,19000,19000,19000,19000,19000,19000,19000,19000,19000
GET,/api/cart/cart/anonymous-356,2,0,25206.05849800006,29382.28030150003,25206.05849800006,33558.502105,200.5,0.0005516913697680932,0.0,34000,34000,34000,34000,34000,34000,34000,34000,34000,34000,34000
GET,/api/cart/cart/anonymous-357,2,0,19000.0,26449.248110499924,18986.726823999903,33911.769396999945,212.0,0.0005516913697680932,0.0,34000,34000,34000,34000,34000,34000,34000,34000,34000,34000,34000
GET,/api/cart/cart/anonymous-358,2,0,19301.047823999965,21427.098607999993,19301.047823999965,23553.14939200002,207.5,0.0005516913697680932,0.0,24000,24000,24000,24000,24000,24000,24000,24000,24000,24000,24000
GET,/api/cart/cart/anonymous-359,2,0,23384.810950999963,27582.663668500005,23384.810950999963,31780.516386000047,211.5,0.0005516913697680932,0.0,32000,32000,32000,32000,32000,32000,32000,32000,32000,32000,32000
GET,/api/cart/cart/anonymous-36,2,0,28.44888900000342,36.5701149999893,28.44888900000342,44.69134099997518,194.5,0.0005516913697680932,0.0,45,45,45,45,45,45,45,45,45,45,45
GET,/api/cart/cart/anonymous-360,2,0,19390.057249999925,21608.934446499974,19390.057249999925,23827.81164300002,199.0,0.0005516913697680932,0.0,24000,24000,24000,24000,24000,24000,24000,24000,24000,24000,24000
GET,/api/cart/cart/anonymous-361,2,0,23705.001188000097,23621.683624000012,23538.36605999993,23705.001188000097,214.5,0.0005516913697680932,0.0,24000,24000,24000,24000,24000,24000,24000,24000,24000,24000,24000
GET,/api/cart/cart/anonymous-362,2,0,19311.742181,19321.697542499976,19311.742181,19331.65290399995,210.5,0.0005516913697680932,0.0,19000,19000,19000,19000,19000,19000,19000,19000,19000,19000,19000
GET,/api/cart/cart/anonymous-363,2,0,24000.0,27920.921347499985,23526.126751999982,32315.71594299999,205.0,0.0005516913697680932,0.0,32000,32000,32000,32000,32000,32000,32000,32000,32000,32000,32000
GET,/api/cart/cart/anonymous-364,2,0,11000.0,15031.499349000002,10861.88805400002,19201.110643999982,160.5,0.0005516913697680932,0.0,19000,19000,19000,19000,19000,19000,19000,19000,19000,19000,19000
GET,/api/cart/cart/anonymous-365,2,0,19398.489426000084,22306.682954000054,19398.489426000084,25214.87648200002,204.0,0.0005516913697680932,0.0,25000,25000,25000,25000,25000,25000,25000,25000,25000,25000,25000
GET,/api/cart/cart/anonymous-366,2,0,19143.28459899991,19257.201086499947,19143.28459899991,19371.11757399998,209.5,0.0005516913697680932,0.0,19000,19000,19000,19000,19000,19000,19000,19000,19000,19000,19000
GET,/api/cart/cart/anonymous-367,2,0,17000.0,17971.879856999974,16894.8266079999,19048.933106000048,208.0,0.0005516913697680932,0.0,19000,19000,19000,19000,19000,19000,19000,19000,19000,19000,19000
GET,/api/cart/cart/anonymous-368,2,0,24000.0,30070.576818000005,23593.029283000076,36548.124352999934,185.0,0.0005516913697680932,0.0,37000,37000,37000,37000,37000,37000,37000,37000,37000,37000,37000
GET,/api/cart/cart/anonymous-369,2,0,19400.703744,26278.559370500036,19400.703744,33156.41499700007,193.0,0.0005516913697680932,0.0,33000,33000,33000,33000,33000,33000,33000,33000,33000,33000,33000
GET,/api/cart/cart/anonymous-37,2,0,9,18.119907500022236,8.604828000045472,27.634986999999,203.5,0.0005516913697680932,0.0,28,28,28,28,28,28,28,28,28,28,28
GET,/api/cart/cart/anonymous-370,2,0,17000.0,20909.865765499944,16605.16794699993,25214.56358399996,213.0,0.0005516913697680932,0.0,25000,25000,25000,25000,25000,25000,25000,25000,25000,25000,25000
GET,/api/cart/cart/anonymous-371,2,0,11000.0,19445.4198345,10875.491780999937,28015.347888000066,213.5,0.0005516913697680932,0.0,28000,28000,28000,28000,28000,28000,28000,28000,28000,28000,28000
GET,/api/cart/cart/anonymous-372,2,0,18482.884961999956,23308.192594499928,18482.884961999956,28133.5002269999,203.0,0.0005516913697680932,0.0,28000,28000,28000,28000,28000,28000,28000,28000,28000,28000,28000
GET,/api/cart/cart/anonymous-373,2,0,25223.804770000017,30893.261876499993,25223.804770000017,36562.71898299997,195.0,0.0005516913697680932,0.0,37000,37000,37000,37000,37000,37000,37000,37000,37000,37000,37000
GET,/api/cart/cart/anonymous-374,2,0,11000.0,23714.461739,10873.84836600006,36555.07511199994,182.0,0.0005516913697680932,0.0,37000,37000,37000,37000,37000,37000,37000,37000,37000,37000,37000
GET,/api/cart/cart/anonymous-375,2,0,32262.728015999983,32264.5527725,32262.728015999983,32266.377529000012,199.5,0.0005516913697680932,0.0,32000,32000,32000,32000,32000,32000,32000,32000,32000,32000,32000
GET,/api/cart/cart/anonymous-376,2,0,25174.528911999914,26559.34803049996,25174.528911999914,27944.167149000008,214.0,0.0005516913697680932,0.0,28000,28000,28000,28000,28000,28000,28000,28000,28000,28000,28000
GET,/api/cart/cart/anonymous-377,2,0,19218.981810999936,27886.582207999993,19218.981810999936,36554.18260500005,205.0,0.0005516913697680932,0.0,37000,37000,37000,37000,37000,37000,37000,37000,37000,37000,37000
GET,/api/cart/cart/anonymous-378,2,0,17000.0,20885.601246999955,16576.066482999977,25195.13601099993,200.5,0.0005516913697680932,0.0,25000,25000,25000,25000,25000,25000,25000,25000,25000,25000,25000
GET,/api/cart/cart/anonymous-379,2,0,19360.47737800004,22297.744275000012,19360.47737800004,25235.011171999984,180.0,0.0005516913697680932,0.0,25000,25000,25000,25000,25000,25000,25000,25000,25000,25000,25000
GET,/api/cart/cart/anonymous-38,3,1,29,18934.334573666776,10.23663200004421,56764.105599000235,141.0,0.0008275370546521397,0.0002758456848840466,29,29,57000,57000,57000,57000,57000,57000,57000,57000,57000
GET,/api/cart/cart/anonymous-380,2,0,19208.924618000085,25726.133622000078,19208.924618000085,32243.34262600007,153.5,0.0005516913697680932,0.0,32000,32000,32000,32000,32000,32000,32000,32000,32000,32000,32000
GET,/api/cart/cart/anonymous-381,2,0,24000.0,28368.450083499967,23601.806953999927,33135.09321300001,214.5,0.0005516913697680932,0.0,33000,33000,33000,33000,33000,33000,33000,33000,33000,33000,33000
GET,/api/cart/cart/anonymous-382,2,0,19000.0,25425.033994999976,18624.16719700002,32225.900792999935,163.0,0.0005516913697680932,0.0,32000,32000,32000,32000,32000,32000,32000,32000,32000,32000,32000
GET,/api/cart/cart/anonymous-383,2,0,19248.83107900007,21426.082473500057,19248.83107900007,23603.33386800005,223.5,0.0005516913697680932,0.0,24000,24000,24000,24000,24000,24000,24000,24000,24000,24000,24000
GET,/api/cart/cart/anonymous-384,2,0,32000.0,34310.19257899999,31974.79475,36645.590407999975,211.0,0.0005516913697680932,0.0,37000,37000,37000,37000,37000,37000,37000,37000,37000,37000,37000
GET,/api/cart/cart/anonymous-385,2,0,25215.28418599996,26615.07383550003,25215.28418599996,28014.863485000093,211.5,0.0005516913697680932,0.0,28000,28000,28000,28000,28000,28000,28000,28000,28000,28000,28000
GET,/api/cart/cart/anonymous-386,2,0,19421.714406000094,25862.484831000074,19421.714406000094,32303.255256000055,221.5,0.0005516913697680932,0.0,32000,32000,32000,32000,32000,32000,32000,32000,32000,32000,32000
GET,/api/cart/cart/anonymous-387,2,0,19429.72438100003,22300.934637500006,19429.72438100003,25172.144893999983,189.0,0.0005516913697680932,0.0,25000,25000,25000,25000,25000,25000,25000,25000,25000,25000,25000
GET,/api/cart/cart/anonymous-388,2,0,11000.0,17212.029115000063,10872.112650000076,23551.94558000005,191.0,0.0005516913697680932,0.0,24000,24000,24000,24000,24000,24000,24000,24000,24000,24000,24000
GET,/api/cart/cart/anonymous-389,2,0,19000.0,19163.612403999992,18915.941363,19411.28344499998,208.5,0.0005516913697680932,0.0,19000,19000,19000,19000,19000,19000,19000,19000,19000,19000,19000
GET,/api/cart/cart/anonymous-39,3,0,30,13775.504850000043,7.936224999980368,41288.921232000124,257.3333333333333,0.0008275370546521397,0.0,30,30,41000,41000,41000,41000,41000,41000,41000,41000,41000
GET,/api/cart/cart/anonymous-390,2,0,19410.898008000004,22312.854696499984,19410.898008000004,25214.81138499996,210.0,0.0005516913697680932,0.0,25000,25000,25000,25000,25000,25000,25000,25000,25000,25000,25000
GET,/api/cart/cart/anonymous-391,2,0,19211.274322999998,19306.04723649998,19211.274322999998,19400.82014999996,165.0,0.0005516913697680932,0.0,19000,19000,19000,19000,19000,19000,19000,19000,19000,19000,19000
GET,/api/cart/cart/anonymous-392,2,0,19142.38869099995,27863.555585499966,19142.38869099995,36584.72247999998,212.5,0.0005516913697680932,0.0,37000,37000,37000,37000,37000,37000,37000,37000,37000,37000,37000
GET,/api/cart/cart/anonymous-393,2,0,25213.64457499999,29571.275109,25213.64457499999,33928.905643000006,198.0,0.0005516913697680932,0.0,34000,34000,34000,34000,34000,34000,34000,34000,34000,34000,34000
GET,/api/cart/cart/anonymous-394,2,0,23404.985210000064,27689.48462650002,23404.985210000064,31973.984042999975,210.5,0.0005516913697680932,0.0,32000,32000,32000,32000,32000,32000,32000,32000,32000,32000,32000
GET,/api/cart/cart/anonymous-395,2,0,27300.225921999983,30620.214979500022,27300.225921999983,33940.20403700006,225.5,0.0005516913697680932,0.0,34000,34000,34000,34000,34000,34000,34000,34000,34000,34000,34000
GET,/api/cart/cart/anonymous-396,2,0,27278.799831000015,27622.827292500064,27278.799831000015,27966.85475400011,197.0,0.0005516913697680932,0.0,28000,28000,28000,28000,28000,28000,28000,28000,28000,28000,28000
GET,/api/cart/cart/anonymous-397,2,0,19000.0,25541.34058450001,18819.597464000028,32263.083704999986,203.0,0.0005516913697680932,0.0,32000,32000,32000,32000,32000,32000,32000,32000,32000,32000,32000
GET,/api/cart/cart/anonymous-398,2,0,19278.532547000053,25757.119403499986,19278.532547000053,32235.706259999915,191.5,0.0005516913697680932,0.0,32000,32000,32000,32000,32000,32000,32000,32000,32000,32000,32000
GET,/api/cart/cart/anonymous-399,2,0,17000.0,21054.420391000007,16885.540719999994,25223.30006200002,180.0,0.0005516913697680932,0.0,25000,25000,25000,25000,25000,25000,25000,25000,25000,25000,25000
GET,/api/cart/cart/anonymous-4,4,0,22,23217.267108749977,18.99585999996134,73254.0503099999,168.0,0.0011033827395361864,0.0,20000,20000,73000,73000,73000,73000,73000,73000,73000,73000,73000
GET,/api/cart/cart/anonymous-40,3,0,25,16296.750400666724,8.542526999974598,48856.341295000224,268.6666666666667,0.0008275370546521397,0.0,25,25,49000,49000,49000,49000,49000,49000,49000,49000,49000
GET,/api/cart/cart/anonymous-400,2,0,19308.710295999957,27524.42588149995,19308.710295999957,35740.14146699994,209.5,0.0005516913697680932,0.0,36000,36000,36000,36000,36000,36000,36000,36000,36000,36000,36000
GET,/api/cart/cart/anonymous-401,2,0,32155.76971400003,34360.43700900001,32155.76971400003,36565.104303999986,215.5,0.0005516913697680932,0.0,37000,37000,37000,37000,37000,37000,37000,37000,37000,37000,37000
GET,/api/cart/cart/anonymous-402,2,0,19339.78437999997,23305.494070499946,19339.78437999997,27271.203760999924,207.5,0.0005516913697680932,0.0,27000,27000,27000,27000,27000,27000,27000,27000,27000,27000,27000
GET,/api/cart/cart/anonymous-403,2,0,24000.0,33698.32001700001,23532.318000000032,43864.322034,203.5,0.0005516913697680932,0.0,44000,44000,44000,44000,44000,44000,44000,44000,44000,44000,44000
GET,/api/cart/cart/anonymous-404,2,0,24000.0,24381.546662999936,23560.268453999925,25202.82487199995,217.5,0.0005516913697680932,0.0,25000,25000,25000,25000,25000,25000,25000,25000,25000,25000,25000
GET,/api/cart/cart/anonymous-405,2,0,32305.42997900011,33096.76859300004,32305.42997900011,33888.107206999965,211.5,0.0005516913697680932,0.0,34000,34000,34000,34000,34000,34000,34000,34000,34000,34000,34000
GET,/api/cart/cart/anonymous-406,2,0,33000.0,33067.86677249994,32859.19235799997,33276.54118699991,212.0,0.0005516913697680932,0.0,33000,33000,33000,33000,33000,33000,33000,33000,33000,33000,33000
GET,/api/cart/cart/anonymous-407,2,0,20000.0,23496.353188999987,19712.256332000037,27280.45004599994,175.0,0.0005516913697680932,0.0,27000,27000,27000,27000,27000,27000,27000,27000,27000,27000,27000
GET,/api/cart/cart/anonymous-408,2,0,32335.652120999952,38089.08922949996,32335.652120999952,43842.52633799997,194.5,0.0005516913697680932,0.0,44000,44000,44000,44000,44000,44000,44000,44000,44000,44000,44000
GET,/api/cart/cart/anonymous-409,2,0,19226.434979000034,27548.353314999986,19226.434979000034,35870.27165099994,187.0,0.0005516913697680932,0.0,36000,36000,36000,36000,36000,36000,36000,36000,36000,36000,36000
GET,/api/cart/cart/anonymous-41,2,0,11,13.9950940000233,10.864734000051612,17.12545399999499,210.5,0.0005516913697680932,0.0,17,17,17,17,17,17,17,17,17,17,17
GET,/api/cart/cart/anonymous-410,2,0,20000.0,23505.082969499992,19720.319608000067,27289.84633099992,210.5,0.0005516913697680932,0.0,27000,27000,27000,27000,27000,27000,27000,27000,27000,27000,27000
GET,/api/cart/cart/anonymous-411,2,0,19270.747243999947,23277.29127700002,19270.747243999947,27283.835310000086,162.5,0.0005516913697680932,0.0,27000,27000,27000,27000,27000,27000,27000,27000,27000,27000,27000
GET,/api/cart/cart/anonymous-412,2,0,19250.27018000003,23618.257324000013,19250.27018000003,27986.244467999997,216.0,0.0005516913697680932,0.0,28000,28000,28000,28000,28000,28000,28000,28000,28000,28000,28000
GET,/api/cart/cart/anonymous-413,2,0,28000.0,30196.195971500005,27986.072927999998,32406.31901500001,192.0,0.0005516913697680932,0.0,32000,32000,32000,32000,32000,32000,32000,32000,32000,32000,32000
GET,/api/cart/cart/anonymous-414,2,0,28000.0,27961.445454,27787.62176500004,28135.26914299996,191.0,0.0005516913697680932,0.0,28000,28000,28000,28000,28000,28000,28000,28000,28000,28000,28000
GET,/api/cart/cart/anonymous-415,2,0,27297.632900999928,29752.293920499993,27297.632900999928,32206.95494000006,206.0,0.0005516913697680932,0.0,32000,32000,32000,32000,32000,32000,32000,32000,32000,32000,32000
GET,/api/cart/cart/anonymous-416,2,0,20000.0,25937.791156000003,19712.18653400001,32163.395777999995,216.5,0.0005516913697680932,0.0,32000,32000,32000,32000,32000,32000,32000,32000,32000,32000,32000
GET,/api/cart/cart/anonymous-417,2,0,24000.0,29667.613381999952,23665.62119399998,35669.60556999993,224.5,0.0005516913697680932,0.0,36000,36000,36000,36000,36000,36000,36000,36000,36000,36000,36000
GET,/api/cart/cart/anonymous-418,2,0,24194.076784000004,30011.649595999985,24194.076784000004,35829.222407999965,224.0,0.0005516913697680932,0.0,36000,36000,36000,36000,36000,36000,36000,36000,36000,36000,36000
GET,/api/cart/cart/anonymous-419,2,0,24000.0,25474.074078499994,23657.514519000073,27290.63363799992,187.5,0.0005516913697680932,0.0,27000,27000,27000,27000,27000,27000,27000,27000,27000,27000,27000
GET,/api/cart/cart/anonymous-42,2,0,11.468636000017796,30.126794500006326,11.468636000017796,48.78495299999486,167.5,0.0005516913697680932,0.0,49,49,49,49,49,49,49,49,49,49,49
GET,/api/cart/cart/anonymous-420,2,0,12000.0,21841.752362500018,11931.49937999999,31752.00534500004,229.0,0.0005516913697680932,0.0,32000,32000,32000,32000,32000,32000,32000,32000,32000,32000,32000
GET,/api/cart/cart/anonymous-421,2,0,32034.019725000006,34308.72754650005,32034.019725000006,36583.43536800009,200.5,0.0005516913697680932,0.0,37000,37000,37000,37000,37000,37000,37000,37000,37000,37000,37000
GET,/api/cart/cart/anonymous-422,2,0,32000.0,32110.186743999973,31985.024842000028,32235.34864599992,165.0,0.0005516913697680932,0.0,32000,32000,32000,32000,32000,32000,32000,32000,32000,32000,32000
GET,/api/cart/cart/anonymous-423,2,0,34000.0,34892.71184249998,33912.034192999956,35873.389492,201.0,0.0005516913697680932,0.0,36000,36000,36000,36000,36000,36000,36000,36000,36000,36000,36000
GET,/api/cart/cart/anonymous-424,2,0,24223.49595100002,30028.08949550001,24223.49595100002,35832.68304,199.0,0.0005516913697680932,0.0,36000,36000,36000,36000,36000,36000,36000,36000,36000,36000,36000
GET,/api/cart/cart/anonymous-425,2,0,24203.83227299999,26015.2745245,24203.83227299999,27826.716776000012,195.0,0.0005516913697680932,0.0,28000,28000,28000,28000,28000,28000,28000,28000,28000,28000,28000
GET,/api/cart/cart/anonymous-426,2,0,32224.97485700001,33977.862122500024,32224.97485700001,35730.74938800005,212.5,0.0005516913697680932,0.0,36000,36000,36000,36000,36000,36000,36000,36000,36000,36000,36000
GET,/api/cart/cart/anonymous-427,2,0,27287.402308999957,29704.633377499988,27287.402308999957,32121.864446000018,210.5,0.0005516913697680932,0.0,32000,32000,32000,32000,32000,32000,32000,32000,32000,32000,32000
GET,/api/cart/cart/anonymous-428,2,0,12000.0,19603.430041000025,11935.65321999995,27271.2068620001,170.0,0.0005516913697680932,0.0,27000,27000,27000,27000,27000,27000,27000,27000,27000,27000,27000
GET,/api/cart/cart/anonymous-429,2,0,22000.0,32766.84232350004,21663.03446000006,43870.65018700002,206.0,0.0005516913697680932,0.0,44000,44000,44000,44000,44000,44000,44000,44000,44000,44000,44000
GET,/api/cart/cart/anonymous-43,3,0,29,16271.531470333284,20.19366400003264,48764.95055399982,226.33333333333334,0.0008275370546521397,0.0,29,29,49000,49000,49000,49000,49000,49000,49000,49000,49000
GET,/api/cart/cart/anonymous-430,2,0,27289.420023999923,30424.383617999978,27289.420023999923,33559.34721200004,161.5,0.0005516913697680932,0.0,34000,34000,34000,34000,34000,34000,34000,34000,34000,34000,34000
GET,/api/cart/cart/anonymous-431,2,0,12000.0,21997.105537499978,11971.029842999997,32023.181231999955,217.5,0.0005516913697680932,0.0,32000,32000,32000,32000,32000,32000,32000,32000,32000,32000,32000
GET,/api/cart/cart/anonymous-432,2,0,33549.078122999956,33532.73394049995,33516.38975799995,33549.078122999956,200.0,0.0005516913697680932,0.0,34000,34000,34000,34000,34000,34000,34000,34000,34000,34000,34000
GET,/api/cart/cart/anonymous-433,2,0,34000.0,34894.66065649998,33968.90977600003,35820.41153699993,158.5,0.0005516913697680932,0.0,36000,36000,36000,36000,36000,36000,36000,36000,36000,36000,36000
GET,/api/cart/cart/anonymous-434,2,0,12000.0,22733.65243149999,11945.004005999977,33522.300857,217.5,0.0005516913697680932,0.0,34000,34000,34000,34000,34000,34000,34000,34000,34000,34000,34000
GET,/api/cart/cart/anonymous-435,2,0,12000.0,23480.286672500028,11902.883720999966,35057.68962400009,208.0,0.0005516913697680932,0.0,35000,35000,35000,35000,35000,35000,35000,35000,35000,35000,35000
GET,/api/cart/cart/anonymous-436,2,0,32199.49631999998,32224.751096499975,32199.49631999998,32250.005872999966,173.5,0.0005516913697680932,0.0,32000,32000,32000,32000,32000,32000,32000,32000,32000,32000,32000
GET,/api/cart/cart/anonymous-437,2,0,34000.0,34885.67618100001,33920.865177,35850.48718500002,196.0,0.0005516913697680932,0.0,36000,36000,36000,36000,36000,36000,36000,36000,36000,36000,36000
GET,/api/cart/cart/anonymous-438,2,0,24000.0,27714.411612999982,23656.549110000014,31772.27411599995,202.5,0.0005516913697680932,0.0,32000,32000,32000,32000,32000,32000,32000,32000,32000,32000,32000
GET,/api/cart/cart/anonymous-439,2,1,12000.0,55977.28609449996,11943.734492999965,100010.83769599996,107.0,0.0005516913697680932,0.0002758456848840466,100000,100000,100000,100000,100000,100000,100000,100000,100000,100000,100000
GET,/api/cart/cart/anonymous-44,3,0,10,16309.583768666698,8.60582699999668,48910.00844700011,252.0,0.0008275370546521397,0.0,10,10,49000,49000,49000,49000,49000,49000,49000,49000,49000
GET,/api/cart/cart/anonymous-440,2,0,24000.0,28508.693227500033,23535.10063099998,33482.285824000086,214.5,0.0005516913697680932,0.0,33000,33000,33000,33000,33000,33000,33000,33000,33000,33000,33000
GET,/api/cart/cart/anonymous-441,2,0,12000.0,23871.74697049994,11923.817510999925,35819.676429999956,207.0,0.0005516913697680932,0.0,36000,36000,36000,36000,36000,36000,36000,36000,36000,36000,36000
GET,/api/cart/cart/anonymous-442,2,0,33469.1778639999,33519.14408049993,33469.1778639999,33569.11029699995,203.5,0.0005516913697680932,0.0,34000,34000,34000,34000,34000,34000,34000,34000,34000,34000,34000
GET,/api/cart/cart/anonymous-443,2,0,33479.00894999998,35017.76363800002,33479.00894999998,36556.51832600006,210.5,0.0005516913697680932,0.0,37000,37000,37000,37000,37000,37000,37000,37000,37000,37000,37000
GET,/api/cart/cart/anonymous-444,2,0,23383.10113600005,29606.668976000037,23383.10113600005,35830.236816000026,144.0,0.0005516913697680932,0.0,36000,36000,36000,36000,36000,36000,36000,36000,36000,36000,36000
GET,/api/cart/cart/anonymous-445,2,0,23395.095646000074,29627.373954000006,23395.095646000074,35859.65226199994,204.0,0.0005516913697680932,0.0,36000,36000,36000,36000,36000,36000,36000,36000,36000,36000,36000
GET,/api/cart/cart/anonymous-446,2,0,24000.0,29731.740225500005,23642.683712000005,35820.796739000005,197.5,0.0005516913697680932,0.0,36000,36000,36000,36000,36000,36000,36000,36000,36000,36000,36000
GET,/api/cart/cart/anonymous-447,2,0,32316.503350999938,34082.75876299996,32316.503350999938,35849.01417499998,196.0,0.0005516913697680932,0.0,36000,36000,36000,36000,36000,36000,36000,36000,36000,36000,36000
GET,/api/cart/cart/anonymous-448,2,0,36000.0,36203.30460600002,35850.39088400004,36556.218328,156.5,0.0005516913697680932,0.0,37000,37000,37000,37000,37000,37000,37000,37000,37000,37000,37000
GET,/api/cart/cart/anonymous-449,2,0,32223.31584400001,34036.18226000003,32223.31584400001,35849.04867600005,206.0,0.0005516913697680932,0.0,36000,36000,36000,36000,36000,36000,36000,36000,36000,36000,36000
GET,/api/cart/cart/anonymous-45,4,0,29,16538.042974999997,10.88523499998928,43563.93097499995,260.5,0.0011033827395361864,0.0,23000,23000,44000,44000,44000,44000,44000,44000,44000,44000,44000
GET,/api/cart/cart/anonymous-450,2,0,33184.37363999999,34518.63562350001,33184.37363999999,35852.89760700004,216.0,0.0005516913697680932,0.0,36000,36000,36000,36000,36000,36000,36000,36000,36000,36000,36000
GET,/api/cart/cart/anonymous-451,2,0,32211.123515000054,32277.16704700003,32211.123515000054,32343.210579000013,211.0,0.0005516913697680932,0.0,32000,32000,32000,32000,32000,32000,32000,32000,32000,32000,32000
GET,/api/cart/cart/anonymous-452,2,0,32219.745287000023,32698.42238000001,32219.745287000023,33177.099472999995,133.5,0.0005516913697680932,0.0,33000,33000,33000,33000,33000,33000,33000,33000,33000,33000,33000
GET,/api/cart/cart/anonymous-453,2,0,32154.010692000043,34003.6699515,32154.010692000043,35853.32921099996,203.5,0.0005516913697680932,0.0,36000,36000,36000,36000,36000,36000,36000,36000,36000,36000,36000
GET,/api/cart/cart/anonymous-454,2,0,36000.0,36236.74785199995,35829.12320699995,36644.372496999946,213.5,0.0005516913697680932,0.0,37000,37000,37000,37000,37000,37000,37000,37000,37000,37000,37000
GET,/api/cart/cart/anonymous-455,2,0,33469.65436899995,35003.202859,33469.65436899995,36536.75134900004,214.0,0.0005516913697680932,0.0,37000,37000,37000,37000,37000,37000,37000,37000,37000,37000,37000
GET,/api/cart/cart/anonymous-456,2,0,14000.0,23600.649424500036,13923.978955000053,33277.319894000015,178.0,0.0005516913697680932,0.0,33000,33000,33000,33000,33000,33000,33000,33000,33000,33000,33000
GET,/api/cart/cart/anonymous-457,2,0,32207.898288000026,33964.73655050005,32207.898288000026,35721.57481300007,230.0,0.0005516913697680932,0.0,36000,36000,36000,36000,36000,36000,36000,36000,36000,36000,36000
GET,/api/cart/cart/anonymous-458,2,0,32344.06499500005,34102.43103400001,32344.06499500005,35860.79707299996,214.5,0.0005516913697680932,0.0,36000,36000,36000,36000,36000,36000,36000,36000,36000,36000,36000
GET,/api/cart/cart/anonymous-459,2,0,22000.0,27030.464288500014,21842.307524000033,32218.62105299999,206.5,0.0005516913697680932,0.0,32000,32000,32000,32000,32000,32000,32000,32000,32000,32000,32000
GET,/api/cart/cart/anonymous-46,4,0,36,29021.019427750074,15.438948999985769,67268.13250400027,201.0,0.0011033827395361864,0.0,49000,49000,67000,67000,67000,67000,67000,67000,67000,67000,67000
GET,/api/cart/cart/anonymous-460,2,0,22000.0,27385.87213850002,21844.839845000024,32926.90443200002,182.0,0.0005516913697680932,0.0,33000,33000,33000,33000,33000,33000,33000,33000,33000,33000,33000
GET,/api/cart/cart/anonymous-461,2,1,35027.84206800004,80086.34953949996,35027.84206800004,125144.85701099988,197.5,0.0005516913697680932,0.0002758456848840466,125000,125000,125000,125000,125000,125000,125000,125000,125000,125000,125000
GET,/api/cart/cart/anonymous-462,2,0,33335.756095999954,34647.28405699998,33335.756095999954,35958.812018000004,198.5,0.0005516913697680932,0.0,36000,36000,36000,36000,36000,36000,36000,36000,36000,36000,36000
GET,/api/cart/cart/anonymous-463,2,0,21281.739754999988,27415.783292500008,21281.739754999988,33549.82683000003,145.5,0.0005516913697680932,0.0,34000,34000,34000,34000,34000,34000,34000,34000,34000,34000,34000
GET,/api/cart/cart/anonymous-464,2,0,34000.0,42862.90473400004,33898.235594000085,51827.573873999994,222.5,0.0005516913697680932,0.0,52000,52000,52000,52000,52000,52000,52000,52000,52000,52000,52000
GET,/api/cart/cart/anonymous-465,2,0,32292.022798000064,42064.59237350004,32292.022798000064,51837.16194900001,209.0,0.0005516913697680932,0.0,52000,52000,52000,52000,52000,52000,52000,52000,52000,52000,52000
GET,/api/cart/cart/anonymous-466,2,0,27303.27596699999,30591.79689949997,27303.27596699999,33880.31783199994,201.5,0.0005516913697680932,0.0,34000,34000,34000,34000,34000,34000,34000,34000,34000,34000,34000
GET,/api/cart/cart/anonymous-467,2,0,27283.875609999996,30582.774678500016,27283.875609999996,33881.67374700004,200.0,0.0005516913697680932,0.0,34000,34000,34000,34000,34000,34000,34000,34000,34000,34000,34000
GET,/api/cart/cart/anonymous-468,2,0,30041.820994999965,31095.825688499986,30041.820994999965,32149.830382000004,149.5,0.0005516913697680932,0.0,32000,32000,32000,32000,32000,32000,32000,32000,32000,32000,32000
GET,/api/cart/cart/anonymous-469,2,0,27303.65487000006,30590.981642500024,27303.65487000006,33878.30841499999,216.5,0.0005516913697680932,0.0,34000,34000,34000,34000,34000,34000,34000,34000,34000,34000,34000
GET,/api/cart/cart/anonymous-47,4,0,42,22968.19887324982,19.24895999997034,48766.07966899974,217.0,0.0011033827395361864,0.0,43000,43000,49000,49000,49000,49000,49000,49000,49000,49000,49000
GET,/api/cart/cart/anonymous-470,2,0,22000.0,36763.2156135,21690.955491000066,51835.47573599992,184.5,0.0005516913697680932,0.0,52000,52000,52000,52000,52000,52000,52000,52000,52000,52000,52000
GET,/api/cart/cart/anonymous-471,2,0,27232.068096000035,64348.897039,27232.068096000035,101465.72598199997,207.5,0.0005516913697680932,0.0,101000,101000,101000,101000,101000,101000,101000,101000,101000,101000,101000
GET,/api/cart/cart/anonymous-472,2,0,27282.39460100008,28672.309780000036,27282.39460100008,30062.224958999992,202.0,0.0005516913697680932,0.0,30000,30000,30000,30000,30000,30000,30000,30000,30000,30000,30000
GET,/api/cart/cart/anonymous-473,2,0,28000.0,29935.52931849996,27756.713357999957,32114.345278999965,210.0,0.0005516913697680932,0.0,32000,32000,32000,32000,32000,32000,32000,32000,32000,32000,32000
GET,/api/cart/cart/anonymous-474,2,0,22000.0,24704.022412500024,21670.973126000034,27737.07169900001,207.5,0.0005516913697680932,0.0,28000,28000,28000,28000,28000,28000,28000,28000,28000,28000,28000
GET,/api/cart/cart/anonymous-475,2,0,27445.05398900003,29856.803861500055,27445.05398900003,32268.55373400008,201.5,0.0005516913697680932,0.0,32000,32000,32000,32000,32000,32000,32000,32000,32000,32000,32000
GET,/api/cart/cart/anonymous-476,2,0,28000.0,28968.847091000043,27877.116637000086,30060.577545,170.5,0.0005516913697680932,0.0,30000,30000,30000,30000,30000,30000,30000,30000,30000,30000,30000
GET,/api/cart/cart/anonymous-477,2,0,32037.198448000025,32962.8608795,32037.198448000025,33888.52331099997,211.5,0.0005516913697680932,0.0,34000,34000,34000,34000,34000,34000,34000,34000,34000,34000,34000
GET,/api/cart/cart/anonymous-478,2,0,34000.0,79382.69957849996,33589.864863,125175.53429399992,211.0,0.0005516913697680932,0.0,125000,125000,125000,125000,125000,125000,125000,125000,125000,125000,125000
GET,/api/cart/cart/anonymous-479,2,0,32218.941878999998,32244.028209500015,32218.941878999998,32269.11454000003,216.0,0.0005516913697680932,0.0,32000,32000,32000,32000,32000,32000,32000,32000,32000,32000,32000
GET,/api/cart/cart/anonymous-48,4,0,58,21291.801489999983,29.321791999961988,43058.09748499996,250.0,0.0011033827395361864,0.0,42000,42000,43000,43000,43000,43000,43000,43000,43000,43000,43000
GET,/api/cart/cart/anonymous-480,2,0,35034.792627,80106.88873700003,35034.792627,125178.98484700004,215.0,0.0005516913697680932,0.0,125000,125000,125000,125000,125000,125000,125000,125000,125000,125000,125000
GET,/api/cart/cart/anonymous-481,2,0,33172.94003799998,67353.42806249997,33172.94003799998,101533.91608699996,214.5,0.0005516913697680932,0.0,102000,102000,102000,102000,102000,102000,102000,102000,102000,102000,102000
GET,/api/cart/cart/anonymous-482,2,0,28000.0,30819.458009500013,27747.783786000015,33891.13223300001,143.0,0.0005516913697680932,0.0,34000,34000,34000,34000,34000,34000,34000,34000,34000,34000,34000
GET,/api/cart/cart/anonymous-483,2,0,27242.68748299994,30572.380651999993,27242.68748299994,33902.07382100004,202.5,0.0005516913697680932,0.0,34000,34000,34000,34000,34000,34000,34000,34000,34000,34000,34000
GET,/api/cart/cart/anonymous-484,2,0,28000.0,31387.2604755,27726.05440899997,35048.46654200003,176.0,0.0005516913697680932,0.0,35000,35000,35000,35000,35000,35000,35000,35000,35000,35000,35000
GET,/api/cart/cart/anonymous-485,2,0,32158.638992999953,32172.872275999965,32158.638992999953,32187.105558999974,191.0,0.0005516913697680932,0.0,32000,32000,32000,32000,32000,32000,32000,32000,32000,32000,32000
GET,/api/cart/cart/anonymous-486,2,0,32046.630224999943,32085.788848999982,32046.630224999943,32124.947473000022,203.0,0.0005516913697680932,0.0,32000,32000,32000,32000,32000,32000,32000,32000,32000,32000,32000
GET,/api/cart/cart/anonymous-487,2,0,14000.0,23519.837055500033,13905.264104000025,33134.41000700004,196.0,0.0005516913697680932,0.0,33000,33000,33000,33000,33000,33000,33000,33000,33000,33000,33000
GET,/api/cart/cart/anonymous-488,2,0,32209.858704,32874.614623000016,32209.858704,33539.370542000026,168.0,0.0005516913697680932,0.0,34000,34000,34000,34000,34000,34000,34000,34000,34000,34000,34000
GET,/api/cart/cart/anonymous-489,2,0,27324.454839000056,30606.623322500014,27324.454839000056,33888.79180599997,201.0,0.0005516913697680932,0.0,34000,34000,34000,34000,34000,34000,34000,34000,34000,34000,34000
GET,/api/cart/cart/anonymous-49,3,0,65,18362.10283333327,31.358199000010245,54989.68119499978,209.0,0.0008275370546521397,0.0,65,65,55000,55000,55000,55000,55000,55000,55000,55000,55000
GET,/api/cart/cart/anonymous-490,2,0,32188.320169000006,32203.372771999966,32188.320169000006,32218.425374999926,208.5,0.0005516913697680932,0.0,32000,32000,32000,32000,32000,32000,32000,32000,32000,32000,32000
GET,/api/cart/cart/anonymous-491,2,0,32218.65255399996,33045.424907499975,32218.65255399996,33872.197260999994,199.5,0.0005516913697680932,0.0,34000,34000,34000,34000,34000,34000,34000,34000,34000,34000,34000
GET,/api/cart/cart/anonymous-492,2,0,28000.0,64689.28748000007,27844.611060000032,101533.96390000012,197.0,0.0005516913697680932,0.0,102000,102000,102000,102000,102000,102000,102000,102000,102000,102000,102000
GET,/api/cart/cart/anonymous-493,2,0,22000.0,42212.734440000015,21845.437049999986,62580.03183000005,194.5,0.0005516913697680932,0.0,63000,63000,63000,63000,63000,63000,63000,63000,63000,63000,63000
GET,/api/cart/cart/anonymous-494,2,0,34000.0,34661.1172845,33501.76683300003,35820.467735999955,211.0,0.0005516913697680932,0.0,36000,36000,36000,36000,36000,36000,36000,36000,36000,36000,36000
GET,/api/cart/cart/anonymous-495,2,0,28000.0,76466.94557399991,27785.565780999947,125148.32536699987,183.0,0.0005516913697680932,0.0,125000,125000,125000,125000,125000,125000,125000,125000,125000,125000,125000
GET,/api/cart/cart/anonymous-496,2,0,32491.078669000104,33200.062722000046,32491.078669000104,33909.04677499998,193.0,0.0005516913697680932,0.0,34000,34000,34000,34000,34000,34000,34000,34000,34000,34000,34000
GET,/api/cart/cart/anonymous-497,2,0,14000.0,23737.21864500004,13924.792561999993,33549.64472800009,204.0,0.0005516913697680932,0.0,34000,34000,34000,34000,34000,34000,34000,34000,34000,34000,34000
GET,/api/cart/cart/anonymous-498,2,0,34000.0,67712.01494349998,33899.082002,101524.94788499996,206.5,0.0005516913697680932,0.0,102000,102000,102000,102000,102000,102000,102000,102000,102000,102000,102000
GET,/api/cart/cart/anonymous-499,2,0,28000.0,30027.933792499993,27875.545224999994,32180.32235999999,202.5,0.0005516913697680932,0.0,32000,32000,32000,32000,32000,32000,32000,32000,32000,32000,32000
GET,/api/cart/cart/anonymous-5,2,0,15.46264900002825,26.992135000000417,15.46264900002825,38.52162099997258,214.0,0.0005516913697680932,0.0,39,39,39,39,39,39,39,39,39,39,39
GET,/api/cart/cart/anonymous-50,3,0,84,14056.103592333367,38.20432000003393,42045.820192000065,240.66666666666666,0.0008275370546521397,0.0,84,84,42000,42000,42000,42000,42000,42000,42000,42000,42000
GET,/api/cart/cart/anonymous-500,2,0,14000.0,23911.03402250002,13930.526009000005,33891.542036000035,125.5,0.0005516913697680932,0.0,34000,34000,34000,34000,34000,34000,34000,34000,34000,34000,34000
GET,/api/cart/cart/anonymous-501,2,1,14000.0,57448.52396049993,13923.493151999992,100973.55476899986,98.0,0.0005516913697680932,0.0002758456848840466,101000,101000,101000,101000,101000,101000,101000,101000,101000,101000,101000
GET,/api/cart/cart/anonymous-502,2,1,33258.06182999998,79217.64917549996,33258.06182999998,125177.23652099994,183.0,0.0005516913697680932,0.0002758456848840466,125000,125000,125000,125000,125000,125000,125000,125000,125000,125000,125000
GET,/api/cart/cart/anonymous-503,2,0,28000.0,45559.9912065,27947.016892999956,63172.96552000005,187.5,0.0005516913697680932,0.0,63000,63000,63000,63000,63000,63000,63000,63000,63000,63000,63000
GET,/api/cart/cart/anonymous-504,2,0,32068.087503000017,32631.07646200001,32068.087503000017,33194.06542100001,206.0,0.0005516913697680932,0.0,33000,33000,33000,33000,33000,33000,33000,33000,33000,33000,33000
GET,/api/cart/cart/anonymous-505,2,0,36000.0,48603.95206999999,35891.45522299998,61316.448917,215.0,0.0005516913697680932,0.0,61000,61000,61000,61000,61000,61000,61000,61000,61000,61000,61000
GET,/api/cart/cart/anonymous-506,2,1,30044.6007139999,229818.5859544999,30044.6007139999,429592.5711949999,198.0,0.0005516913697680932,0.0002758456848840466,430000,430000,430000,430000,430000,430000,430000,430000,430000,430000,430000
GET,/api/cart/cart/anonymous-507,2,0,27192.37865499997,39509.62326149994,27192.37865499997,51826.86786799991,202.5,0.0005516913697680932,0.0,52000,52000,52000,52000,52000,52000,52000,52000,52000,52000,52000
GET,/api/cart/cart/anonymous-508,2,0,36000.0,48501.5519575,35679.00385200005,61324.10006299995,129.5,0.0005516913697680932,0.0,61000,61000,61000,61000,61000,61000,61000,61000,61000,61000,61000
GET,/api/cart/cart/anonymous-509,2,0,27454.584167000008,27585.562364499994,27454.584167000008,27716.540561999976,154.5,0.0005516913697680932,0.0,28000,28000,28000,28000,28000,28000,28000,28000,28000,28000,28000
GET,/api/cart/cart/anonymous-51,2,0,9.313528999996379,16.9865035000214,9.313528999996379,24.65947800004642,201.0,0.0005516913697680932,0.0,25,25,25,25,25,25,25,25,25,25,25
GET,/api/cart/cart/anonymous-510,2,0,33194.51482500006,232720.71032050007,33194.51482500006,432246.9058160001,151.5,0.0005516913697680932,0.0,432000,432000,432000,432000,432000,432000,432000,432000,432000,432000,432000
GET,/api/cart/cart/anonymous-511,2,0,27335.06091600009,64424.91185350008,27335.06091600009,101514.76279100007,167.0,0.0005516913697680932,0.0,102000,102000,102000,102000,102000,102000,102000,102000,102000,102000,102000
GET,/api/cart/cart/anonymous-512,2,0,27291.830376000005,30237.15449849999,27291.830376000005,33182.47862099997,206.5,0.0005516913697680932,0.0,33000,33000,33000,33000,33000,33000,33000,33000,33000,33000,33000
GET,/api/cart/cart/anonymous-513,2,0,33133.62790000008,79139.72006350002,33133.62790000008,125145.81222699996,216.5,0.0005516913697680932,0.0,125000,125000,125000,125000,125000,125000,125000,125000,125000,125000,125000
GET,/api/cart/cart/anonymous-514,2,0,14000.0,24926.10106249998,13922.583945000042,35929.61817999992,200.5,0.0005516913697680932,0.0,36000,36000,36000,36000,36000,36000,36000,36000,36000,36000,36000
GET,/api/cart/cart/anonymous-515,2,0,33173.74264400007,42504.831991500054,33173.74264400007,51835.92133900004,203.5,0.0005516913697680932,0.0,52000,52000,52000,52000,52000,52000,52000,52000,52000,52000,52000
GET,/api/cart/cart/anonymous-516,2,0,32146.54295499997,32656.91902349999,32146.54295499997,33167.295092000015,209.5,0.0005516913697680932,0.0,33000,33000,33000,33000,33000,33000,33000,33000,33000,33000,33000
GET,/api/cart/cart/anonymous-517,2,0,27231.536492000032,27233.19654599999,27231.536492000032,27234.856599999945,186.0,0.0005516913697680932,0.0,27000,27000,27000,27000,27000,27000,27000,27000,27000,27000,27000
GET,/api/cart/cart/anonymous-518,2,0,27243.534689999935,27589.941949499975,27243.534689999935,27936.349209000015,202.5,0.0005516913697680932,0.0,28000,28000,28000,28000,28000,28000,28000,28000,28000,28000,28000
GET,/api/cart/cart/anonymous-519,2,0,33166.84998700009,67344.18299050003,33166.84998700009,101521.51599399997,222.5,0.0005516913697680932,0.0,102000,102000,102000,102000,102000,102000,102000,102000,102000,102000,102000
GET,/api/cart/cart/anonymous-52,2,0,10.396732999993219,16.086150999996107,10.396732999993219,21.775568999998995,207.0,0.0005516913697680932,0.0,22,22,22,22,22,22,22,22,22,22,22
GET,/api/cart/cart/anonymous-520,2,0,28000.0,28949.945839000007,27868.219866000003,30031.671812000015,165.5,0.0005516913697680932,0.0,30000,30000,30000,30000,30000,30000,30000,30000,30000,30000,30000
GET,/api/cart/cart/anonymous-521,2,1,30053.42908500006,77614.01168200007,30053.42908500006,125174.59427900007,192.0,0.0005516913697680932,0.0002758456848840466,125000,125000,125000,125000,125000,125000,125000,125000,125000,125000,125000
GET,/api/cart/cart/anonymous-522,2,0,36000.0,48646.637269,35929.99118299997,61363.28335500002,174.5,0.0005516913697680932,0.0,61000,61000,61000,61000,61000,61000,61000,61000,61000,61000,61000
GET,/api/cart/cart/anonymous-523,2,0,14000.0,20829.14752199997,13812.351261000003,27845.943782999937,205.0,0.0005516913697680932,0.0,28000,28000,28000,28000,28000,28000,28000,28000,28000,28000,28000
GET,/api/cart/cart/anonymous-524,2,0,36000.0,89814.81258099995,35721.908815999996,143907.7163459999,217.5,0.0005516913697680932,0.0,144000,144000,144000,144000,144000,144000,144000,144000,144000,144000,144000
GET,/api/cart/cart/anonymous-525,2,0,26000.0,323183.68873950007,25637.87745700006,620729.500022,299.0,0.0005516913697680932,0.0,621000,621000,621000,621000,621000,621000,621000,621000,621000,621000,621000
GET,/api/cart/cart/anonymous-526,2,1,28000.0,355529.573316,27844.65025999998,683214.496372,191.5,0.0005516913697680932,0.0002758456848840466,683000,683000,683000,683000,683000,683000,683000,683000,683000,683000,683000
GET,/api/cart/cart/anonymous-527,2,0,101471.52605199994,113323.97232999995,101471.52605199994,125176.41860799995,203.5,0.0005516913697680932,0.0,125000,125000,125000,125000,125000,125000,125000,125000,125000,125000,125000
GET,/api/cart/cart/anonymous-528,2,0,14000.0,471496.9872535001,13810.574747000031,929183.3997600002,112.0,0.0005516913697680932,0.0,929000,929000,929000,929000,929000,929000,929000,929000,929000,929000,929000
GET,/api/cart/cart/anonymous-529,2,0,27283.869710999967,31155.126633499945,27283.869710999967,35026.38355599993,187.5,0.0005516913697680932,0.0,35000,35000,35000,35000,35000,35000,35000,35000,35000,35000,35000
GET,/api/cart/cart/anonymous-53,3,0,30,18356.929009333366,18.093356999997923,55022.918777000086,264.6666666666667,0.0008275370546521397,0.0,30,30,55000,55000,55000,55000,55000,55000,55000,55000,55000
GET,/api/cart/cart/anonymous-530,2,0,22000.0,24804.493981500003,21843.48853400002,27765.49942899999,210.5,0.0005516913697680932,0.0,28000,28000,28000,28000,28000,28000,28000,28000,28000,28000,28000
GET,/api/cart/cart/anonymous-531,2,0,27324.67724100002,45239.01925949997,27324.67724100002,63153.361277999924,206.0,0.0005516913697680932,0.0,63000,63000,63000,63000,63000,63000,63000,63000,63000,63000,63000
GET,/api/cart/cart/anonymous-532,2,0,28000.0,333219.26627900003,27714.610216999972,638723.922341,217.5,0.0005516913697680932,0.0,639000,639000,639000,639000,639000,639000,639000,639000,639000,639000,639000
GET,/api/cart/cart/anonymous-533,2,0,27264.600856000015,44822.40918450003,27264.600856000015,62380.21751300005,156.0,0.0005516913697680932,0.0,62000,62000,62000,62000,62000,62000,62000,62000,62000,62000,62000
GET,/api/cart/cart/anonymous-534,2,1,22000.0,82800.85478849997,21681.590314000005,143920.11926299994,192.5,0.0005516913697680932,0.0002758456848840466,144000,144000,144000,144000,144000,144000,144000,144000,144000,144000,144000
GET,/api/cart/cart/anonymous-535,2,1,28000.0,383601.6600075001,27835.671487000014,739367.6485280001,194.5,0.0005516913697680932,0.0002758456848840466,739000,739000,739000,739000,739000,739000,739000,739000,739000,739000,739000
GET,/api/cart/cart/anonymous-536,2,0,28000.0,64573.78614449999,27726.49841499992,101421.07387400005,191.0,0.0005516913697680932,0.0,101000,101000,101000,101000,101000,101000,101000,101000,101000,101000,101000
GET,/api/cart/cart/anonymous-537,2,1,13241.456161000087,222982.074168,13241.456161000087,432722.6921749999,190.0,0.0005516913697680932,0.0002758456848840466,433000,433000,433000,433000,433000,433000,433000,433000,433000,433000,433000
GET,/api/cart/cart/anonymous-538,2,1,28000.0,32151.868557499994,27796.19796600002,36507.53914899997,201.0,0.0005516913697680932,0.0002758456848840466,37000,37000,37000,37000,37000,37000,37000,37000,37000,37000,37000
GET,/api/cart/cart/anonymous-539,2,0,78057.49723899999,89790.46990299998,78057.49723899999,101523.44256699996,226.0,0.0005516913697680932,0.0,102000,102000,102000,102000,102000,102000,102000,102000,102000,102000,102000
GET,/api/cart/cart/anonymous-54,3,0,48,18356.617000333357,13.02734099999725,55009.17591000006,181.33333333333334,0.0008275370546521397,0.0,48,48,55000,55000,55000,55000,55000,55000,55000,55000,55000
GET,/api/cart/cart/anonymous-540,2,0,27403.479185000037,64469.478658000015,27403.479185000037,101535.478131,192.0,0.0005516913697680932,0.0,102000,102000,102000,102000,102000,102000,102000,102000,102000,102000,102000
GET,/api/cart/cart/anonymous-541,2,0,32207.687530000043,88062.91888650003,32207.687530000043,143918.150243,207.0,0.0005516913697680932,0.0,144000,144000,144000,144000,144000,144000,144000,144000,144000,144000,144000
GET,/api/cart/cart/anonymous-542,2,0,32171.79073200009,78659.23983650008,32171.79073200009,125146.68894100009,205.5,0.0005516913697680932,0.0,125000,125000,125000,125000,125000,125000,125000,125000,125000,125000,125000
GET,/api/cart/cart/anonymous-543,2,0,61337.39417800007,61864.878060000025,61337.39417800007,62392.36194199998,212.0,0.0005516913697680932,0.0,62000,62000,62000,62000,62000,62000,62000,62000,62000,62000,62000
GET,/api/cart/cart/anonymous-544,2,0,101414.21669299995,400944.20365300006,101414.21669299995,700474.1906130002,221.0,0.0005516913697680932,0.0,700000,700000,700000,700000,700000,700000,700000,700000,700000,700000,700000
GET,/api/cart/cart/anonymous-545,2,1,32178.675891000014,66576.17523449994,32178.675891000014,100973.67457799987,89.5,0.0005516913697680932,0.0002758456848840466,101000,101000,101000,101000,101000,101000,101000,101000,101000,101000,101000
GET,/api/cart/cart/anonymous-546,2,0,63154.133690999966,91488.8264955,63154.133690999966,119823.51930000004,200.0,0.0005516913697680932,0.0,120000,120000,120000,120000,120000,120000,120000,120000,120000,120000,120000
GET,/api/cart/cart/anonymous-547,2,1,28000.0,487349.4571025,27786.79419100001,946912.120014,187.5,0.0005516913697680932,0.0002758456848840466,947000,947000,947000,947000,947000,947000,947000,947000,947000,947000,947000
GET,/api/cart/cart/anonymous-548,2,1,28000.0,363210.01530200004,27845.802970000022,698574.227634,193.5,0.0005516913697680932,0.0002758456848840466,699000,699000,699000,699000,699000,699000,699000,699000,699000,699000,699000
GET,/api/cart/cart/anonymous-549,2,1,433000.0,509655.58585000003,432722.07707500004,586589.094625,186.0,0.0005516913697680932,0.0002758456848840466,587000,587000,587000,587000,587000,587000,587000,587000,587000,587000,587000
GET,/api/cart/cart/anonymous-55,4,0,92,27532.767315250014,11.329036000006454,55023.081678999915,227.75,0.0011033827395361864,0.0,55000,55000,55000,55000,55000,55000,55000,55000,55000,55000,55000
GET,/api/cart/cart/anonymous-550,2,0,32187.387461999948,66855.02015150001,32187.387461999948,101522.65284100008,209.0,0.0005516913697680932,0.0,102000,102000,102000,102000,102000,102000,102000,102000,102000,102000,102000
GET,/api/cart/cart/anonymous-551,2,1,1095184.008033,1190515.1039224998,1095184.008033,1285846.199812,191.0,0.0005516913697680932,0.0002758456848840466,1286000,1286000,1286000,1286000,1286000,1286000,1286000,1286000,1286000,1286000,1286000
GET,/api/cart/cart/anonymous-552,2,0,28000.0,45081.16097349995,27583.641317,62578.68062999989,198.5,0.0005516913697680932,0.0,63000,63000,63000,63000,63000,63000,63000,63000,63000,63000,63000
GET,/api/cart/cart/anonymous-553,2,1,63113.51442400007,390551.50492399995,63113.51442400007,717989.4954239998,151.5,0.0005516913697680932,0.0002758456848840466,718000,718000,718000,718000,718000,718000,718000,718000,718000,718000,718000
GET,/api/cart/cart/anonymous-554,2,1,101482.55323099988,524196.45230749995,101482.55323099988,946910.351384,195.5,0.0005516913697680932,0.0002758456848840466,947000,947000,947000,947000,947000,947000,947000,947000,947000,947000,947000
GET,/api/cart/cart/anonymous-555,2,1,28000.0,478357.19739800005,27545.43830600005,929168.95649,198.0,0.0005516913697680932,0.0002758456848840466,929000,929000,929000,929000,929000,929000,929000,929000,929000,929000,929000
GET,/api/cart/cart/anonymous-556,2,0,28000.0,47441.07379150006,27956.460968999978,66925.68661400014,201.0,0.0005516913697680932,0.0,67000,67000,67000,67000,67000,67000,67000,67000,67000,67000,67000
GET,/api/cart/cart/anonymous-557,2,2,101000.0,523937.89553900005,100973.76298699988,946902.0280910002,91.0,0.0005516913697680932,0.0005516913697680932,947000,947000,947000,947000,947000,947000,947000,947000,947000,947000,947000
GET,/api/cart/cart/anonymous-558,2,2,100010.43896999999,100491.66704600003,100010.43896999999,100972.89512200007,0.0,0.0005516913697680932,0.0005516913697680932,101000,101000,101000,101000,101000,101000,101000,101000,101000,101000,101000
GET,/api/cart/cart/anonymous-559,2,0,63000.0,82241.94498800006,62951.86091100004,101532.02906500007,218.5,0.0005516913697680932,0.0,102000,102000,102000,102000,102000,102000,102000,102000,102000,102000,102000
GET,/api/cart/cart/anonymous-56,3,0,110.0,14571.068184000049,51.17036100000405,43553.702049000094,194.66666666666666,0.0008275370546521397,0.0,110,110,44000,44000,44000,44000,44000,44000,44000,44000,44000
GET,/api/cart/cart/anonymous-560,2,1,1180000.0,1284346.0330785,1179898.12124,1388793.9449170001,62.5,0.0005516913697680932,0.0002758456848840466,1389000,1389000,1389000,1389000,1389000,1389000,1389000,1389000,1389000,1389000,1389000
GET,/api/cart/cart/anonymous-561,2,0,28000.0,38044.573611999964,27954.27415000006,48134.87307399987,255.0,0.0005516913697680932,0.0,48000,48000,48000,48000,48000,48000,48000,48000,48000,48000,48000
GET,/api/cart/cart/anonymous-562,2,0,28000.0,73850.26879399999,27886.451100000046,119814.08648799993,199.0,0.0005516913697680932,0.0,120000,120000,120000,120000,120000,120000,120000,120000,120000,120000,120000
GET,/api/cart/cart/anonymous-563,2,1,78395.47285900004,408887.2646355001,78395.47285900004,739379.0564120001,180.5,0.0005516913697680932,0.0002758456848840466,739000,739000,739000,739000,739000,739000,739000,739000,739000,739000,739000
GET,/api/cart/cart/anonymous-564,2,2,37000.0,399791.1283265,36508.31076300005,763073.94589,182.0,0.0005516913697680932,0.0005516913697680932,763000,763000,763000,763000,763000,763000,763000,763000,763000,763000,763000
GET,/api/cart/cart/anonymous-565,2,1,16325.989784000058,39358.13053800001,16325.989784000058,62390.27129199997,202.5,0.0005516913697680932,0.0002758456848840466,62000,62000,62000,62000,62000,62000,62000,62000,62000,62000,62000
GET,/api/cart/cart/anonymous-566,2,1,120000.0,263666.6152885,119772.57977299996,407560.65080400003,196.0,0.0005516913697680932,0.0002758456848840466,408000,408000,408000,408000,408000,408000,408000,408000,408000,408000,408000
GET,/api/cart/cart/anonymous-567,2,0,62399.488792000055,91111.77549400003,62399.488792000055,119824.062196,199.0,0.0005516913697680932,0.0,120000,120000,120000,120000,120000,120000,120000,120000,120000,120000,120000
GET,/api/cart/cart/anonymous-568,2,0,22000.0,73530.35359349997,21896.24027600007,125164.46691099986,195.5,0.0005516913697680932,0.0,125000,125000,125000,125000,125000,125000,125000,125000,125000,125000,125000
GET,/api/cart/cart/anonymous-569,2,2,66059.48268599992,84221.05891849997,66059.48268599992,102382.63515100004,182.0,0.0005516913697680932,0.0005516913697680932,102000,102000,102000,102000,102000,102000,102000,102000,102000,102000,102000
GET,/api/cart/cart/anonymous-57,2,0,43.006836000017756,51.906264000024294,43.006836000017756,60.80569200003083,204.5,0.0005516913697680932,0.0,61,61,61,61,61,61,61,61,61,61,61
GET,/api/cart/cart/anonymous-570,2,0,27180.82536099996,51425.62968749997,27180.82536099996,75670.43401399997,208.0,0.0005516913697680932,0.0,76000,76000,76000,76000,76000,76000,76000,76000,76000,76000,76000
GET,/api/cart/cart/anonymous-571,2,0,83415.5695200002,352071.2151995002,83415.5695200002,620726.8608790002,193.5,0.0005516913697680932,0.0,621000,621000,621000,621000,621000,621000,621000,621000,621000,621000,621000
GET,/api/cart/cart/anonymous-572,2,1,17067.975767999997,22141.23225100002,17067.975767999997,27214.488734000042,205.5,0.0005516913697680932,0.0002758456848840466,27000,27000,27000,27000,27000,27000,27000,27000,27000,27000,27000
GET,/api/cart/cart/anonymous-573,2,1,62392.32605699999,390175.95190499997,62392.32605699999,717959.577753,191.0,0.0005516913697680932,0.0002758456848840466,718000,718000,718000,718000,718000,718000,718000,718000,718000,718000,718000
GET,/api/cart/cart/anonymous-574,2,1,24000.0,36205.39364699993,23842.624268000007,48568.163025999864,204.0,0.0005516913697680932,0.0002758456848840466,49000,49000,49000,49000,49000,49000,49000,49000,49000,49000,49000
GET,/api/cart/cart/anonymous-575,2,1,23000.0,42553.37851050007,22706.978243000092,62399.77877800004,143.0,0.0005516913697680932,0.0002758456848840466,62000,62000,62000,62000,62000,62000,62000,62000,62000,62000,62000
GET,/api/cart/cart/anonymous-576,2,0,754.4903919999797,51114.43923049996,754.4903919999797,101474.38806899994,169.0,0.0005516913697680932,0.0,101000,101000,101000,101000,101000,101000,101000,101000,101000,101000,101000
GET,/api/cart/cart/anonymous-577,2,0,25275.072407999913,26255.012953999936,25275.072407999913,27234.95349999996,213.0,0.0005516913697680932,0.0,27000,27000,27000,27000,27000,27000,27000,27000,27000,27000,27000
GET,/api/cart/cart/anonymous-578,2,0,28000.0,229937.802309,27655.441813000038,432220.16280499997,153.5,0.0005516913697680932,0.0,432000,432000,432000,432000,432000,432000,432000,432000,432000,432000,432000
GET,/api/cart/cart/anonymous-579,2,0,23330.261578999853,42869.095351499935,23330.261578999853,62407.92912400002,269.0,0.0005516913697680932,0.0,62000,62000,62000,62000,62000,62000,62000,62000,62000,62000,62000
GET,/api/cart/cart/anonymous-58,2,0,142.43504899997106,174.03234849996352,142.43504899997106,205.62964799995598,204.5,0.0005516913697680932,0.0,210,210,210,210,210,210,210,210,210,210,210
GET,/api/cart/cart/anonymous-580,2,1,63164.60865600004,82718.76427299998,63164.60865600004,102272.91988999992,151.5,0.0005516913697680932,0.0002758456848840466,102000,102000,102000,102000,102000,102000,102000,102000,102000,102000,102000
GET,/api/cart/cart/anonymous-581,2,0,63144.212919999976,621522.3960574999,63144.212919999976,1179900.5791949998,210.0,0.0005516913697680932,0.0,1180000,1180000,1180000,1180000,1180000,1180000,1180000,1180000,1180000,1180000,1180000
GET,/api/cart/cart/anonymous-582,2,0,101473.23877999997,400973.655288,101473.23877999997,700474.071796,211.0,0.0005516913697680932,0.0,700000,700000,700000,700000,700000,700000,700000,700000,700000,700000,700000
GET,/api/cart/cart/anonymous-583,2,0,101042.7436020002,101910.35787550005,101042.7436020002,102777.97214899988,171.0,0.0005516913697680932,0.0,103000,103000,103000,103000,103000,103000,103000,103000,103000,103000,103000
GET,/api/cart/cart/anonymous-584,2,1,67000.0,84174.96141849995,66926.827839,101423.0949979999,205.5,0.0005516913697680932,0.0002758456848840466,101000,101000,101000,101000,101000,101000,101000,101000,101000,101000,101000
GET,/api/cart/cart/anonymous-585,2,0,62399.42808299998,91112.10045099995,62399.42808299998,119824.77281899992,184.0,0.0005516913697680932,0.0,120000,120000,120000,120000,120000,120000,120000,120000,120000,120000,120000
GET,/api/cart/cart/anonymous-586,2,1,21165.141953999864,24496.789591499917,21165.141953999864,27828.437228999974,190.0,0.0005516913697680932,0.0002758456848840466,28000,28000,28000,28000,28000,28000,28000,28000,28000,28000,28000
GET,/api/cart/cart/anonymous-587,2,0,101474.12767999992,401179.22138049995,101474.12767999992,700884.315081,215.0,0.0005516913697680932,0.0,701000,701000,701000,701000,701000,701000,701000,701000,701000,701000,701000
GET,/api/cart/cart/anonymous-588,2,1,28000.0,459234.59470449993,27816.63633400001,890652.5530749998,203.5,0.0005516913697680932,0.0002758456848840466,891000,891000,891000,891000,891000,891000,891000,891000,891000,891000,891000
GET,/api/cart/cart/anonymous-589,2,1,71339.395577,74868.05975549998,71339.395577,78396.72393399997,190.0,0.0005516913697680932,0.0002758456848840466,78000,78000,78000,78000,78000,78000,78000,78000,78000,78000,78000
GET,/api/cart/cart/anonymous-59,3,0,46,10464.320095000025,11.685635999981514,31335.57160400005,198.66666666666666,0.0008275370546521397,0.0,46,46,31000,31000,31000,31000,31000,31000,31000,31000,31000
GET,/api/cart/cart/anonymous-590,2,1,20101.82446800036,60572.118732500145,20101.82446800036,101042.41299699993,64.5,0.0005516913697680932,0.0002758456848840466,101000,101000,101000,101000,101000,101000,101000,101000,101000,101000,101000
GET,/api/cart/cart/anonymous-591,2,1,102286.08408599996,344443.1394885,102286.08408599996,586600.194891,191.5,0.0005516913697680932,0.0002758456848840466,587000,587000,587000,587000,587000,587000,587000,587000,587000,587000,587000
GET,/api/cart/cart/anonymous-592,2,1,929177.7969880002,1171523.575311,929177.7969880002,1413869.3536339998,145.0,0.0005516913697680932,0.0002758456848840466,1414000,1414000,1414000,1414000,1414000,1414000,1414000,1414000,1414000,1414000,1414000
GET,/api/cart/cart/anonymous-593,2,1,78000.0,101426.35364749987,77660.99418999988,125191.71310499984,145.0,0.0005516913697680932,0.0002758456848840466,125000,125000,125000,125000,125000,125000,125000,125000,125000,125000,125000
GET,/api/cart/cart/anonymous-594,2,2,16319.480896999949,713516.9107779999,16319.480896999949,1410714.3406589997,98.0,0.0005516913697680932,0.0005516913697680932,1411000,1411000,1411000,1411000,1411000,1411000,1411000,1411000,1411000,1411000,1411000
GET,/api/cart/cart/anonymous-595,2,1,99000.0,99978.13586450001,98983.240798,100973.03093100004,112.5,0.0005516913697680932,0.0002758456848840466,101000,101000,101000,101000,101000,101000,101000,101000,101000,101000,101000
GET,/api/cart/cart/anonymous-596,2,0,22000.0,66203.23912449999,21894.21194900001,110512.26629999996,168.0,0.0005516913697680932,0.0,111000,111000,111000,111000,111000,111000,111000,111000,111000,111000,111000
GET,/api/cart/cart/anonymous-597,2,1,21396.446608999897,303997.7503965,21396.446608999897,586599.0541840001,189.0,0.0005516913697680932,0.0002758456848840466,587000,587000,587000,587000,587000,587000,587000,587000,587000,587000,587000
GET,/api/cart/cart/anonymous-598,2,0,18328.810888000135,59875.891779000085,18328.810888000135,101422.97267000003,216.0,0.0005516913697680932,0.0,101000,101000,101000,101000,101000,101000,101000,101000,101000,101000,101000
GET,/api/cart/cart/anonymous-599,2,2,48119.06183699989,55049.46516999985,48119.06183699989,61979.86850299981,182.0,0.0005516913697680932,0.0005516913697680932,62000,62000,62000,62000,62000,62000,62000,62000,62000,62000,62000
GET,/api/cart/cart/anonymous-6,3,0,20,10543.67213333332,19.65186199998925,31591.18317499997,249.66666666666666,0.0008275370546521397,0.0,20,20,32000,32000,32000,32000,32000,32000,32000,32000,32000
GET,/api/cart/cart/anonymous-60,2,0,62,83.96051449997799,61.51289399997495,106.40813499998103,220.0,0.0005516913697680932,0.0,110,110,110,110,110,110,110,110,110,110,110
GET,/api/cart/cart/anonymous-600,2,0,21320.18578899988,28941.535910499966,21320.18578899988,36562.88603200005,180.0,0.0005516913697680932,0.0,37000,37000,37000,37000,37000,37000,37000,37000,37000,37000,37000
GET,/api/cart/cart/anonymous-601,2,1,24183.672550999745,305392.0263314999,24183.672550999745,586600.380112,230.5,0.0005516913697680932,0.0002758456848840466,587000,587000,587000,587000,587000,587000,587000,587000,587000,587000,587000
GET,/api/cart/cart/anonymous-602,2,2,23235.97040100003,41253.94596500007,23235.97040100003,59271.92152900011,182.0,0.0005516913697680932,0.0005516913697680932,59000,59000,59000,59000,59000,59000,59000,59000,59000,59000,59000
GET,/api/cart/cart/anonymous-603,2,2,22000.0,33166.70700199995,21845.069860999956,44488.34414299995,182.0,0.0005516913697680932,0.0005516913697680932,44000,44000,44000,44000,44000,44000,44000,44000,44000,44000,44000
GET,/api/cart/cart/anonymous-604,2,1,22000.0,792219.2719820001,21895.498666000094,1562543.045298,110.0,0.0005516913697680932,0.0002758456848840466,1563000,1563000,1563000,1563000,1563000,1563000,1563000,1563000,1563000,1563000,1563000
GET,/api/cart/cart/anonymous-605,2,1,24251.934768999945,305421.476955,24251.934768999945,586591.0191410001,235.0,0.0005516913697680932,0.0002758456848840466,587000,587000,587000,587000,587000,587000,587000,587000,587000,587000,587000
GET,/api/cart/cart/anonymous-606,2,1,19263.28331600007,41125.22975749994,19263.28331600007,62987.176198999805,159.5,0.0005516913697680932,0.0002758456848840466,63000,63000,63000,63000,63000,63000,63000,63000,63000,63000,63000
GET,/api/cart/cart/anonymous-607,2,0,26000.0,44848.56356099987,25637.8904579999,64059.23666399985,162.0,0.0005516913697680932,0.0,64000,64000,64000,64000,64000,64000,64000,64000,64000,64000,64000
GET,/api/cart/cart/anonymous-608,2,1,49000.0,77789.3634715,48605.057767999824,106973.66917500016,193.5,0.0005516913697680932,0.0002758456848840466,107000,107000,107000,107000,107000,107000,107000,107000,107000,107000,107000
GET,/api/cart/cart/anonymous-609,2,1,1438.7942910002494,294022.53901600017,1438.7942910002494,586606.2837410001,144.0,0.0005516913697680932,0.0002758456848840466,587000,587000,587000,587000,587000,587000,587000,587000,587000,587000,587000
GET,/api/cart/cart/anonymous-61,2,0,20,31.513399000004938,19.577661000028,43.449136999981874,213.0,0.0005516913697680932,0.0,43,43,43,43,43,43,43,43,43,43,43
GET,/api/cart/cart/anonymous-610,2,0,794.4562210000186,18341.207514499954,794.4562210000186,35887.958807999894,112.5,0.0005516913697680932,0.0,36000,36000,36000,36000,36000,36000,36000,36000,36000,36000,36000
GET,/api/cart/cart/anonymous-611,2,1,170068.75896300017,378332.9200530001,170068.75896300017,586597.081143,157.0,0.0005516913697680932,0.0002758456848840466,587000,587000,587000,587000,587000,587000,587000,587000,587000,587000,587000
GET,/api/cart/cart/anonymous-612,2,1,22000.0,22611.16973949993,21884.967525999855,23337.371953,202.5,0.0005516913697680932,0.0002758456848840466,23000,23000,23000,23000,23000,23000,23000,23000,23000,23000,23000
GET,/api/cart/cart/anonymous-613,2,1,44000.0,75348.71755800009,43672.71955299998,107024.7155630002,205.5,0.0005516913697680932,0.0002758456848840466,107000,107000,107000,107000,107000,107000,107000,107000,107000,107000,107000
GET,/api/cart/cart/anonymous-614,2,0,22000.0,23982.36640549999,21868.51991499998,26096.212895999997,139.5,0.0005516913697680932,0.0,26000,26000,26000,26000,26000,26000,26000,26000,26000,26000,26000
GET,/api/cart/cart/anonymous-615,2,2,540000.0,1037630.18912,539878.4082269999,1535381.970013,98.0,0.0005516913697680932,0.0005516913697680932,1535000,1535000,1535000,1535000,1535000,1535000,1535000,1535000,1535000,1535000,1535000
GET,/api/cart/cart/anonymous-616,2,1,24260.168055000122,62646.501992500016,24260.168055000122,101032.83592999991,151.5,0.0005516913697680932,0.0002758456848840466,101000,101000,101000,101000,101000,101000,101000,101000,101000,101000,101000
GET,/api/cart/cart/anonymous-617,2,1,101031.80961099998,101903.8643775,101031.80961099998,102775.919144,199.0,0.0005516913697680932,0.0002758456848840466,103000,103000,103000,103000,103000,103000,103000,103000,103000,103000,103000
GET,/api/cart/cart/anonymous-618,2,1,30000.0,816787.6695564999,29506.155047999982,1604069.184065,77.5,0.0005516913697680932,0.0002758456848840466,1604000,1604000,1604000,1604000,1604000,1604000,1604000,1604000,1604000,1604000,1604000
GET,/api/cart/cart/anonymous-619,2,1,463.0084469999929,270176.27465949993,463.0084469999929,539889.5408719999,192.0,0.0005516913697680932,0.0002758456848840466,540000,540000,540000,540000,540000,540000,540000,540000,540000,540000,540000
GET,/api/cart/cart/anonymous-62,4,0,400.0,19974.07877774994,50.38645899998073,51929.77262399973,199.25,0.0011033827395361864,0.0,28000,28000,52000,52000,52000,52000,52000,52000,52000,52000,52000
GET,/api/cart/cart/anonymous-620,2,1,34238.44035299998,860672.5012765,34238.44035299998,1687106.5622,110.5,0.0005516913697680932,0.0002758456848840466,1687000,1687000,1687000,1687000,1687000,1687000,1687000,1687000,1687000,1687000,1687000
GET,/api/cart/cart/anonymous-621,2,2,504000.0,1081434.361432,503895.1193390001,1658973.603525,91.0,0.0005516913697680932,0.0005516913697680932,1659000,1659000,1659000,1659000,1659000,1659000,1659000,1659000,1659000,1659000,1659000
GET,/api/cart/cart/anonymous-622,2,0,120000.0,755115.964972,119893.731496,1390338.198448,112.5,0.0005516913697680932,0.0,1390000,1390000,1390000,1390000,1390000,1390000,1390000,1390000,1390000,1390000,1390000
GET,/api/cart/cart/anonymous-623,2,1,39000.0,43449.35572899987,38769.72051099983,48128.99094699992,199.5,0.0005516913697680932,0.0002758456848840466,48000,48000,48000,48000,48000,48000,48000,48000,48000,48000,48000
GET,/api/cart/cart/anonymous-624,2,1,20331.506138999885,41416.754607499795,20331.506138999885,62502.00307599971,157.0,0.0005516913697680932,0.0002758456848840466,63000,63000,63000,63000,63000,63000,63000,63000,63000,63000,63000
GET,/api/cart/cart/anonymous-625,2,0,20003.87556900023,61386.69844100008,20003.87556900023,102769.52131299993,113.5,0.0005516913697680932,0.0,103000,103000,103000,103000,103000,103000,103000,103000,103000,103000,103000
GET,/api/cart/cart/anonymous-626,2,0,504000.0,999843.738907,503894.20582100016,1495793.271993,201.0,0.0005516913697680932,0.0,1496000,1496000,1496000,1496000,1496000,1496000,1496000,1496000,1496000,1496000,1496000
GET,/api/cart/cart/anonymous-627,2,0,1555343.849771,1593699.5379005,1555343.849771,1632055.2260299998,165.0,0.0005516913697680932,0.0,1632000,1632000,1632000,1632000,1632000,1632000,1632000,1632000,1632000,1632000,1632000
GET,/api/cart/cart/anonymous-628,2,0,18211.532486000124,41906.86420550014,18211.532486000124,65602.19592500015,129.0,0.0005516913697680932,0.0,66000,66000,66000,66000,66000,66000,66000,66000,66000,66000,66000
GET,/api/cart/cart/anonymous-629,2,0,20192.561394000222,42901.21858650014,20192.561394000222,65609.87577900005,243.0,0.0005516913697680932,0.0,66000,66000,66000,66000,66000,66000,66000,66000,66000,66000,66000
GET,/api/cart/cart/anonymous-63,3,0,69,9583.590502999907,63.97200200001407,28617.470087999664,145.66666666666666,0.0008275370546521397,0.0,69,69,29000,29000,29000,29000,29000,29000,29000,29000,29000
GET,/api/cart/cart/anonymous-630,1,1,1412051.2856030003,1412051.2856030003,1412051.2856030003,1412051.2856030003,14.0,0.0002758456848840466,0.0002758456848840466,1412000,1412000,1412000,1412000,1412000,1412000,1412000,1412000,1412000,1412000,1412000
GET,/api/cart/cart/anonymous-631,2,0,20110.452942999927,41875.58129499984,20110.452942999927,63640.70964699976,205.0,0.0005516913697680932,0.0,64000,64000,64000,64000,64000,64000,64000,64000,64000,64000,64000
GET,/api/cart/cart/anonymous-632,2,2,27000.0,497536.37978699984,26595.31042599974,968477.449148,98.0,0.0005516913697680932,0.0005516913697680932,968000,968000,968000,968000,968000,968000,968000,968000,968000,968000,968000
GET,/api/cart/cart/anonymous-633,2,0,19000.0,41332.16949649977,18615.086772999803,64049.25221999975,161.5,0.0005516913697680932,0.0,64000,64000,64000,64000,64000,64000,64000,64000,64000,64000,64000
GET,/api/cart/cart/anonymous-634,2,2,25000.0,63682.5498275,24608.44088099998,102756.65877400001,182.0,0.0005516913697680932,0.0005516913697680932,103000,103000,103000,103000,103000,103000,103000,103000,103000,103000,103000
GET,/api/cart/cart/anonymous-635,2,1,99000.0,522943.54755400005,98975.92041000008,946911.174698,158.0,0.0005516913697680932,0.0002758456848840466,947000,947000,947000,947000,947000,947000,947000,947000,947000,947000,947000
GET,/api/cart/cart/anonymous-636,2,1,17165.76579299999,25702.578078499984,17165.76579299999,34239.39036399998,147.0,0.0005516913697680932,0.0002758456848840466,34000,34000,34000,34000,34000,34000,34000,34000,34000,34000,34000
GET,/api/cart/cart/anonymous-637,2,2,39000.0,503651.3321715001,38827.167040999935,968475.4973020002,182.0,0.0005516913697680932,0.0005516913697680932,968000,968000,968000,968000,968000,968000,968000,968000,968000,968000,968000
GET,/api/cart/cart/anonymous-638,2,1,23000.0,52759.22114949992,22656.51882499992,82861.92347399992,195.5,0.0005516913697680932,0.0002758456848840466,83000,83000,83000,83000,83000,83000,83000,83000,83000,83000,83000
GET,/api/cart/cart/anonymous-639,2,1,45000.0,486910.35761750006,44944.36495600007,928876.350279,191.0,0.0005516913697680932,0.0002758456848840466,929000,929000,929000,929000,929000,929000,929000,929000,929000,929000,929000
GET,/api/cart/cart/anonymous-64,3,0,110.0,9211.456288333256,19.60006200005182,27504.69215599969,192.33333333333334,0.0008275370546521397,0.0,110,110,28000,28000,28000,28000,28000,28000,28000,28000,28000
GET,/api/cart/cart/anonymous-640,2,0,21420.272562000035,31291.752481000116,21420.272562000035,41163.2324000002,175.0,0.0005516913697680932,0.0,41000,41000,41000,41000,41000,41000,41000,41000,41000,41000,41000
GET,/api/cart/cart/anonymous-641,2,0,38108.00220400006,68541.5238825001,38108.00220400006,98975.04556100012,211.5,0.0005516913697680932,0.0,99000,99000,99000,99000,99000,99000,99000,99000,99000,99000,99000
GET,/api/cart/cart/anonymous-642,2,2,17164.90788200008,473019.6843660001,17164.90788200008,928874.4608500001,182.0,0.0005516913697680932,0.0005516913697680932,929000,929000,929000,929000,929000,929000,929000,929000,929000,929000,929000
GET,/api/cart/cart/anonymous-643,2,2,46393.36353800013,53850.32901600005,46393.36353800013,61307.29449399996,182.0,0.0005516913697680932,0.0005516913697680932,61000,61000,61000,61000,61000,61000,61000,61000,61000,61000,61000
GET,/api/cart/cart/anonymous-644,2,0,18052.254495999932,22143.16981249999,18052.254495999932,26234.08512900005,264.0,0.0005516913697680932,0.0,26000,26000,26000,26000,26000,26000,26000,26000,26000,26000,26000
GET,/api/cart/cart/anonymous-645,2,0,71328.39116799983,730060.7007835,71328.39116799983,1388793.010399,137.0,0.0005516913697680932,0.0,1389000,1389000,1389000,1389000,1389000,1389000,1389000,1389000,1389000,1389000,1389000
GET,/api/cart/cart/anonymous-646,2,0,63463.74056900004,674663.5430685,63463.74056900004,1285863.3455679999,264.5,0.0005516913697680932,0.0,1286000,1286000,1286000,1286000,1286000,1286000,1286000,1286000,1286000,1286000,1286000
GET,/api/cart/cart/anonymous-647,2,2,17087.819903000083,703431.8829849999,17087.819903000083,1389775.9460669998,98.0,0.0005516913697680932,0.0005516913697680932,1390000,1390000,1390000,1390000,1390000,1390000,1390000,1390000,1390000,1390000,1390000
GET,/api/cart/cart/anonymous-648,2,0,36000.0,37689.54063000001,35848.91421100019,39530.16704899983,213.0,0.0005516913697680932,0.0,40000,40000,40000,40000,40000,40000,40000,40000,40000,40000,40000
GET,/api/cart/cart/anonymous-649,2,2,67000.0,814687.587088,66833.96819799987,1562541.205978,98.0,0.0005516913697680932,0.0005516913697680932,1563000,1563000,1563000,1563000,1563000,1563000,1563000,1563000,1563000,1563000,1563000
GET,/api/cart/cart/anonymous-65,3,0,93,15327.797889666575,17.972056000019165,45872.78631999971,213.33333333333334,0.0008275370546521397,0.0,93,93,46000,46000,46000,46000,46000,46000,46000,46000,46000
GET,/api/cart/cart/anonymous-650,2,1,122000.0,703784.3230375001,121714.70032500019,1285853.9457500002,62.5,0.0005516913697680932,0.0002758456848840466,1286000,1286000,1286000,1286000,1286000,1286000,1286000,1286000,1286000,1286000,1286000
GET,/api/cart/cart/anonymous-651,2,1,22000.0,653880.7925440001,21905.49359500005,1285856.091493,108.5,0.0005516913697680932,0.0002758456848840466,1286000,1286000,1286000,1286000,1286000,1286000,1286000,1286000,1286000,1286000,1286000
GET,/api/cart/cart/anonymous-652,2,2,17173.687396000103,482033.2128865,17173.687396000103,946892.7383769999,182.0,0.0005516913697680932,0.0005516913697680932,947000,947000,947000,947000,947000,947000,947000,947000,947000,947000,947000
GET,/api/cart/cart/anonymous-653,2,0,19000.0,33186.787429000105,18668.706732999908,47704.8681250003,178.0,0.0005516913697680932,0.0,48000,48000,48000,48000,48000,48000,48000,48000,48000,48000,48000
GET,/api/cart/cart/anonymous-654,2,1,110401.18564199997,770248.9608495,110401.18564199997,1430096.736057,73.0,0.0005516913697680932,0.0002758456848840466,1430000,1430000,1430000,1430000,1430000,1430000,1430000,1430000,1430000,1430000,1430000
GET,/api/cart/cart/anonymous-655,2,1,20101.915968999947,22132.1587745,20101.915968999947,24162.40158000005,194.0,0.0005516913697680932,0.0002758456848840466,24000,24000,24000,24000,24000,24000,24000,24000,24000,24000,24000
GET,/api/cart/cart/anonymous-656,2,0,464.2847609998171,50758.22657549986,464.2847609998171,101052.1683899999,149.5,0.0005516913697680932,0.0,101000,101000,101000,101000,101000,101000,101000,101000,101000,101000,101000
GET,/api/cart/cart/anonymous-657,2,0,27061.188183000013,656458.1313780001,27061.188183000013,1285855.0745730002,124.0,0.0005516913697680932,0.0,1286000,1286000,1286000,1286000,1286000,1286000,1286000,1286000,1286000,1286000,1286000
GET,/api/cart/cart/anonymous-658,2,1,107000.0,748371.3801254999,106972.40046100001,1389770.35979,144.0,0.0005516913697680932,0.0002758456848840466,1390000,1390000,1390000,1390000,1390000,1390000,1390000,1390000,1390000,1390000,1390000
GET,/api/cart/cart/anonymous-659,1,1,1390345.880768,1390345.880768,1390345.880768,1390345.880768,14.0,0.0002758456848840466,0.0002758456848840466,1390000,1390000,1390000,1390000,1390000,1390000,1390000,1390000,1390000,1390000,1390000
GET,/api/cart/cart/anonymous-66,2,0,18.2282570000325,49.867207000033886,18.2282570000325,81.50615700003527,160.5,0.0005516913697680932,0.0,82,82,82,82,82,82,82,82,82,82,82
GET,/api/cart/cart/anonymous-660,2,1,19000.0,59888.19704549997,18724.386801000037,101052.00728999989,189.0,0.0005516913697680932,0.0002758456848840466,101000,101000,101000,101000,101000,101000,101000,101000,101000,101000,101000
GET,/api/cart/cart/anonymous-661,2,1,470.61633300018,23579.786077999983,470.61633300018,46688.955822999786,68.5,0.0005516913697680932,0.0002758456848840466,47000,47000,47000,47000,47000,47000,47000,47000,47000,47000,47000
GET,/api/cart/cart/anonymous-662,2,1,44020.03367299994,46308.5168849999,44020.03367299994,48597.000096999865,192.5,0.0005516913697680932,0.0002758456848840466,49000,49000,49000,49000,49000,49000,49000,49000,49000,49000,49000
GET,/api/cart/cart/anonymous-663,2,0,19000.0,825436.0108075002,18653.30124400043,1632218.720371,153.5,0.0005516913697680932,0.0,1632000,1632000,1632000,1632000,1632000,1632000,1632000,1632000,1632000,1632000,1632000
GET,/api/cart/cart/anonymous-664,2,1,68161.63774100004,87563.16981200007,68161.63774100004,106964.70188300009,190.5,0.0005516913697680932,0.0002758456848840466,107000,107000,107000,107000,107000,107000,107000,107000,107000,107000,107000
GET,/api/cart/cart/anonymous-665,2,1,40000.0,821675.6534239999,39741.22271600004,1603610.0841319999,98.0,0.0005516913697680932,0.0002758456848840466,1604000,1604000,1604000,1604000,1604000,1604000,1604000,1604000,1604000,1604000,1604000
GET,/api/cart/cart/anonymous-666,2,2,1564000.0,1597885.641088,1563706.416316,1632064.86586,14.0,0.0005516913697680932,0.0005516913697680932,1632000,1632000,1632000,1632000,1632000,1632000,1632000,1632000,1632000,1632000,1632000
GET,/api/cart/cart/anonymous-667,2,2,38003.058667000005,53006.123257499894,38003.058667000005,68009.18784799978,182.0,0.0005516913697680932,0.0005516913697680932,68000,68000,68000,68000,68000,68000,68000,68000,68000,68000,68000
GET,/api/cart/cart/anonymous-668,2,1,44012.68585699995,51274.55000550003,44012.68585699995,58536.414154000115,151.5,0.0005516913697680932,0.0002758456848840466,59000,59000,59000,59000,59000,59000,59000,59000,59000,59000,59000
GET,/api/cart/cart/anonymous-669,2,0,26116.14279899982,36919.17733749972,26116.14279899982,47722.21187599962,219.5,0.0005516913697680932,0.0,48000,48000,48000,48000,48000,48000,48000,48000,48000,48000,48000
GET,/api/cart/cart/anonymous-67,3,0,85,17610.681998000055,29.24879200003261,52717.7428330001,192.0,0.0008275370546521397,0.0,85,85,53000,53000,53000,53000,53000,53000,53000,53000,53000
GET,/api/cart/cart/anonymous-670,2,1,36453.489711000206,57032.46649350013,36453.489711000206,77611.44327600005,199.0,0.0005516913697680932,0.0002758456848840466,78000,78000,78000,78000,78000,78000,78000,78000,78000,78000,78000
GET,/api/cart/cart/anonymous-671,2,1,34212.786563999995,39117.272382999996,34212.786563999995,44021.758202,157.0,0.0005516913697680932,0.0002758456848840466,44000,44000,44000,44000,44000,44000,44000,44000,44000,44000,44000
GET,/api/cart/cart/anonymous-672,2,0,19000.0,33219.70216349996,18716.100335999727,47723.3039910002,218.5,0.0005516913697680932,0.0,48000,48000,48000,48000,48000,48000,48000,48000,48000,48000,48000
GET,/api/cart/cart/anonymous-673,2,1,26097.565831999873,853749.7422359999,26097.565831999873,1681401.91864,74.0,0.0005516913697680932,0.0002758456848840466,1681000,1681000,1681000,1681000,1681000,1681000,1681000,1681000,1681000,1681000,1681000
GET,/api/cart/cart/anonymous-674,2,1,56000.0,833053.9203515,55858.79294100005,1610249.047762,102.5,0.0005516913697680932,0.0002758456848840466,1610000,1610000,1610000,1610000,1610000,1610000,1610000,1610000,1610000,1610000,1610000
GET,/api/cart/cart/anonymous-675,2,1,34211.46914999986,39552.96808999992,34211.46914999986,44894.467029999985,203.5,0.0005516913697680932,0.0002758456848840466,45000,45000,45000,45000,45000,45000,45000,45000,45000,45000,45000
GET,/api/cart/cart/anonymous-676,2,0,56000.0,55960.04392850022,55849.08753100035,56071.0003260001,202.0,0.0005516913697680932,0.0,56000,56000,56000,56000,56000,56000,56000,56000,56000,56000,56000
GET,/api/cart/cart/anonymous-677,2,1,23324.363145999996,779353.6541350001,23324.363145999996,1535382.945124,153.0,0.0005516913697680932,0.0002758456848840466,1535000,1535000,1535000,1535000,1535000,1535000,1535000,1535000,1535000,1535000,1535000
GET,/api/cart/cart/anonymous-678,2,1,62000.0,84366.15888949996,61757.42549200004,106974.89228699988,204.0,0.0005516913697680932,0.0002758456848840466,107000,107000,107000,107000,107000,107000,107000,107000,107000,107000,107000
GET,/api/cart/cart/anonymous-679,2,0,45000.0,49910.75651600011,44882.58090700015,54938.932125000065,162.5,0.0005516913697680932,0.0,55000,55000,55000,55000,55000,55000,55000,55000,55000,55000,55000
GET,/api/cart/cart/anonymous-68,3,0,44,12735.751599666668,8.889927999973679,38153.91653100005,182.66666666666666,0.0008275370546521397,0.0,44,44,38000,38000,38000,38000,38000,38000,38000,38000,38000
GET,/api/cart/cart/anonymous-680,2,1,463.8512559999981,20370.20367800005,463.8512559999981,40276.5561000001,75.5,0.0005516913697680932,0.0002758456848840466,40000,40000,40000,40000,40000,40000,40000,40000,40000,40000,40000
GET,/api/cart/cart/anonymous-681,2,1,49000.0,54940.74838550011,48576.27889900004,61305.21787200018,145.5,0.0005516913697680932,0.0002758456848840466,61000,61000,61000,61000,61000,61000,61000,61000,61000,61000,61000
GET,/api/cart/cart/anonymous-682,2,0,42415.65425299996,48678.77680499999,42415.65425299996,54941.89935700001,213.5,0.0005516913697680932,0.0,55000,55000,55000,55000,55000,55000,55000,55000,55000,55000,55000
GET,/api/cart/cart/anonymous-683,2,2,19000.0,790603.7506639999,18653.077050999855,1562554.424277,98.0,0.0005516913697680932,0.0005516913697680932,1563000,1563000,1563000,1563000,1563000,1563000,1563000,1563000,1563000,1563000,1563000
GET,/api/cart/cart/anonymous-684,2,0,45000.0,45192.528143999996,44946.58957999991,45438.46670800008,165.0,0.0005516913697680932,0.0,45000,45000,45000,45000,45000,45000,45000,45000,45000,45000,45000
GET,/api/cart/cart/anonymous-685,2,0,37060.98283200004,42823.67612250005,37060.98283200004,48586.36941300006,199.0,0.0005516913697680932,0.0,49000,49000,49000,49000,49000,49000,49000,49000,49000,49000,49000
GET,/api/cart/cart/anonymous-686,2,0,56088.83225799991,62678.20074449992,56088.83225799991,69267.56923099993,348.0,0.0005516913697680932,0.0,69000,69000,69000,69000,69000,69000,69000,69000,69000,69000,69000
GET,/api/cart/cart/anonymous-687,2,0,27000.0,68545.37593999998,26687.57443200002,110403.17744799994,148.5,0.0005516913697680932,0.0,110000,110000,110000,110000,110000,110000,110000,110000,110000,110000,110000
GET,/api/cart/cart/anonymous-688,2,1,55000.0,829559.5660905001,54939.562432000006,1604179.5697490002,145.0,0.0005516913697680932,0.0002758456848840466,1604000,1604000,1604000,1604000,1604000,1604000,1604000,1604000,1604000,1604000,1604000
GET,/api/cart/cart/anonymous-689,2,1,25000.0,27624.736635500085,24631.076220000068,30618.3970510001,200.5,0.0005516913697680932,0.0002758456848840466,31000,31000,31000,31000,31000,31000,31000,31000,31000,31000,31000
GET,/api/cart/cart/anonymous-69,4,0,20,26607.813447250024,8.934027999998762,75045.75380699999,161.5,0.0011033827395361864,0.0,31000,31000,75000,75000,75000,75000,75000,75000,75000,75000,75000
GET,/api/cart/cart/anonymous-690,1,0,48577.86114700002,48577.86114700002,48577.86114700002,48577.86114700002,217.0,0.0002758456848840466,0.0,49000,49000,49000,49000,49000,49000,49000,49000,49000,49000,49000
GET,/api/cart/cart/anonymous-691,2,1,25000.0,33089.54963949998,24629.750606000016,41549.34867299994,197.5,0.0005516913697680932,0.0002758456848840466,42000,42000,42000,42000,42000,42000,42000,42000,42000,42000,42000
GET,/api/cart/cart/anonymous-692,2,2,43196.05484199997,757278.5821469999,43196.05484199997,1471361.109452,98.0,0.0005516913697680932,0.0005516913697680932,1471000,1471000,1471000,1471000,1471000,1471000,1471000,1471000,1471000,1471000,1471000
GET,/api/cart/cart/anonymous-693,2,0,58417.70394800028,63264.25498200013,58417.70394800028,68110.80601599997,234.0,0.0005516913697680932,0.0,68000,68000,68000,68000,68000,68000,68000,68000,68000,68000,68000
GET,/api/cart/cart/anonymous-694,1,1,1584466.382258,1584466.382258,1584466.382258,1584466.382258,14.0,0.0002758456848840466,0.0002758456848840466,1584000,1584000,1584000,1584000,1584000,1584000,1584000,1584000,1584000,1584000,1584000
GET,/api/cart/cart/anonymous-695,2,0,763.2085080001616,19868.027500500033,763.2085080001616,38972.8464929999,167.0,0.0005516913697680932,0.0,39000,39000,39000,39000,39000,39000,39000,39000,39000,39000,39000
GET,/api/cart/cart/anonymous-696,2,0,36000.0,68318.91136850003,35799.444452999975,100838.3782840001,119.0,0.0005516913697680932,0.0,101000,101000,101000,101000,101000,101000,101000,101000,101000,101000,101000
GET,/api/cart/cart/anonymous-697,2,0,820.0,55656.677005000005,818.9368220000688,110494.41718799995,173.5,0.0005516913697680932,0.0,110000,110000,110000,110000,110000,110000,110000,110000,110000,110000,110000
GET,/api/cart/cart/anonymous-698,2,2,56185.49071899997,62101.56372450001,56185.49071899997,68017.63673000006,182.0,0.0005516913697680932,0.0005516913697680932,68000,68000,68000,68000,68000,68000,68000,68000,68000,68000,68000
GET,/api/cart/cart/anonymous-699,2,1,19000.0,777053.9446325,18717.493963999914,1535390.395301,102.0,0.0005516913697680932,0.0002758456848840466,1535000,1535000,1535000,1535000,1535000,1535000,1535000,1535000,1535000,1535000,1535000
GET,/api/cart/cart/anonymous-7,4,0,19,19549.31400249984,16.6875520000076,51101.71793299969,181.25,0.0011033827395361864,0.0,27000,27000,51000,51000,51000,51000,51000,51000,51000,51000,51000
GET,/api/cart/cart/anonymous-70,3,0,49,12753.021946999885,47.23314899996467,38163.28413899965,187.33333333333334,0.0008275370546521397,0.0,49,49,38000,38000,38000,38000,38000,38000,38000,38000,38000
GET,/api/cart/cart/anonymous-700,2,0,26127.853979000065,73785.6908325,26127.853979000065,121443.52768599993,229.0,0.0005516913697680932,0.0,121000,121000,121000,121000,121000,121000,121000,121000,121000,121000,121000
GET,/api/cart/cart/anonymous-701,2,0,54060.483635999844,79244.60599250006,54060.483635999844,104428.72834900027,150.5,0.0005516913697680932,0.0,104000,104000,104000,104000,104000,104000,104000,104000,104000,104000,104000
GET,/api/cart/cart/anonymous-702,2,0,21315.739927000097,34520.223217500075,21315.739927000097,47724.706508000054,115.0,0.0005516913697680932,0.0,48000,48000,48000,48000,48000,48000,48000,48000,48000,48000,48000
GET,/api/cart/cart/anonymous-703,2,0,39000.0,43327.98322799999,38933.06776899999,47722.89868699999,227.5,0.0005516913697680932,0.0,48000,48000,48000,48000,48000,48000,48000,48000,48000,48000,48000
GET,/api/cart/cart/anonymous-704,2,0,1348.2246689995918,41034.61969599971,1348.2246689995918,80721.01472299983,113.5,0.0005516913697680932,0.0,81000,81000,81000,81000,81000,81000,81000,81000,81000,81000,81000
GET,/api/cart/cart/anonymous-705,1,1,105735.99811899998,105735.99811899998,105735.99811899998,105735.99811899998,0.0,0.0002758456848840466,0.0002758456848840466,106000,106000,106000,106000,106000,106000,106000,106000,106000,106000,106000
GET,/api/cart/cart/anonymous-706,2,2,61168.996463999974,69025.19880650005,61168.996463999974,76881.40114900011,91.0,0.0005516913697680932,0.0005516913697680932,77000,77000,77000,77000,77000,77000,77000,77000,77000,77000,77000
GET,/api/cart/cart/anonymous-707,2,2,25213.506469000095,47662.04139600006,25213.506469000095,70110.57632300003,98.0,0.0005516913697680932,0.0005516913697680932,70000,70000,70000,70000,70000,70000,70000,70000,70000,70000,70000
GET,/api/cart/cart/anonymous-708,2,0,18246.208253000077,20827.721785500104,18246.208253000077,23409.23531800013,233.5,0.0005516913697680932,0.0,23000,23000,23000,23000,23000,23000,23000,23000,23000,23000,23000
GET,/api/cart/cart/anonymous-709,2,0,49000.0,55697.007881500096,48836.43474700011,62557.581016000084,178.5,0.0005516913697680932,0.0,63000,63000,63000,63000,63000,63000,63000,63000,63000,63000,63000
GET,/api/cart/cart/anonymous-71,4,0,78,30700.870267750022,10.894435000011526,65615.62116400001,192.25,0.0011033827395361864,0.0,57000,57000,66000,66000,66000,66000,66000,66000,66000,66000,66000
GET,/api/cart/cart/anonymous-710,1,0,51781.157435999834,51781.157435999834,51781.157435999834,51781.157435999834,137.0,0.0002758456848840466,0.0,52000,52000,52000,52000,52000,52000,52000,52000,52000,52000,52000
GET,/api/cart/cart/anonymous-711,2,0,1142.4009350000688,13635.23205900003,1142.4009350000688,26128.063182999995,251.0,0.0005516913697680932,0.0,26000,26000,26000,26000,26000,26000,26000,26000,26000,26000,26000
GET,/api/cart/cart/anonymous-712,2,0,24324.514898000416,29815.447106000192,24324.514898000416,35306.37931399997,125.5,0.0005516913697680932,0.0,35000,35000,35000,35000,35000,35000,35000,35000,35000,35000,35000
GET,/api/cart/cart/anonymous-713,2,0,23000.0,39216.378572500165,22582.408299000235,55850.34884600009,144.0,0.0005516913697680932,0.0,56000,56000,56000,56000,56000,56000,56000,56000,56000,56000,56000
GET,/api/cart/cart/anonymous-714,2,0,410.0,31218.520594499976,406.7128589999811,62030.328329999975,212.5,0.0005516913697680932,0.0,62000,62000,62000,62000,62000,62000,62000,62000,62000,62000,62000
GET,/api/cart/cart/anonymous-715,1,1,63677.01424300003,63677.01424300003,63677.01424300003,63677.01424300003,0.0,0.0002758456848840466,0.0002758456848840466,64000,64000,64000,64000,64000,64000,64000,64000,64000,64000,64000
GET,/api/cart/cart/anonymous-716,2,1,56000.0,86123.07302549982,55866.367426999655,116379.77862399998,144.0,0.0005516913697680932,0.0002758456848840466,116000,116000,116000,116000,116000,116000,116000,116000,116000,116000,116000
GET,/api/cart/cart/anonymous-717,2,1,24220.235629999934,32692.134570999995,24220.235629999934,41164.03351200006,146.5,0.0005516913697680932,0.0002758456848840466,41000,41000,41000,41000,41000,41000,41000,41000,41000,41000,41000
GET,/api/cart/cart/anonymous-718,2,1,25313.90382299992,43957.133867500146,25313.90382299992,62600.36391200038,192.0,0.0005516913697680932,0.0002758456848840466,63000,63000,63000,63000,63000,63000,63000,63000,63000,63000,63000
GET,/api/cart/cart/anonymous-719,2,1,27069.503794999946,63755.29447350005,27069.503794999946,100441.08515200015,100.0,0.0005516913697680932,0.0002758456848840466,100000,100000,100000,100000,100000,100000,100000,100000,100000,100000,100000
GET,/api/cart/cart/anonymous-72,3,0,92,15319.527791666662,11.613237000005938,45854.76754699994,224.66666666666666,0.0008275370546521397,0.0,92,92,46000,46000,46000,46000,46000,46000,46000,46000,46000
GET,/api/cart/cart/anonymous-720,2,1,23000.0,37402.767658999896,22649.12444799984,52156.41086999995,157.0,0.0005516913697680932,0.0002758456848840466,52000,52000,52000,52000,52000,52000,52000,52000,52000,52000,52000
GET,/api/cart/cart/anonymous-721,2,2,25000.0,53903.795705499986,24629.788006000126,83177.80340499985,98.0,0.0005516913697680932,0.0005516913697680932,83000,83000,83000,83000,83000,83000,83000,83000,83000,83000,83000
GET,/api/cart/cart/anonymous-722,2,1,714.2970610000248,14117.849307500022,714.2970610000248,27521.401554000022,159.5,0.0005516913697680932,0.0002758456848840466,28000,28000,28000,28000,28000,28000,28000,28000,28000,28000,28000
GET,/api/cart/cart/anonymous-723,1,1,56183.86490099988,56183.86490099988,56183.86490099988,56183.86490099988,182.0,0.0002758456848840466,0.0002758456848840466,56000,56000,56000,56000,56000,56000,56000,56000,56000,56000,56000
GET,/api/cart/cart/anonymous-724,2,0,17107.371491999857,29502.854705999882,17107.371491999857,41898.3379199999,198.0,0.0005516913697680932,0.0,42000,42000,42000,42000,42000,42000,42000,42000,42000,42000,42000
GET,/api/cart/cart/anonymous-725,1,0,665.1024010000128,665.1024010000128,665.1024010000128,665.1024010000128,230.0,0.0002758456848840466,0.0,670,670,670,670,670,670,670,670,670,670,670
GET,/api/cart/cart/anonymous-726,2,1,22000.0,34778.457785499995,21606.52634799999,47950.389223000006,160.0,0.0005516913697680932,0.0002758456848840466,48000,48000,48000,48000,48000,48000,48000,48000,48000,48000,48000
GET,/api/cart/cart/anonymous-727,1,1,19275.940351999907,19275.940351999907,19275.940351999907,19275.940351999907,182.0,0.0002758456848840466,0.0002758456848840466,19000,19000,19000,19000,19000,19000,19000,19000,19000,19000,19000
GET,/api/cart/cart/anonymous-728,2,0,1400.0,9438.629749500024,1356.4562900000965,17520.80320899995,157.5,0.0005516913697680932,0.0,18000,18000,18000,18000,18000,18000,18000,18000,18000,18000,18000
GET,/api/cart/cart/anonymous-729,2,1,19000.0,46080.2320785001,18862.283712000135,73298.18044500006,118.0,0.0005516913697680932,0.0002758456848840466,73000,73000,73000,73000,73000,73000,73000,73000,73000,73000,73000
GET,/api/cart/cart/anonymous-73,4,0,31,20594.882333250025,15.573349000021608,52306.82570299996,263.25,0.0011033827395361864,0.0,30000,30000,52000,52000,52000,52000,52000,52000,52000,52000,52000
GET,/api/cart/cart/anonymous-730,2,2,36000.0,45997.87166599992,35812.798439999824,56182.94489200002,182.0,0.0005516913697680932,0.0005516913697680932,56000,56000,56000,56000,56000,56000,56000,56000,56000,56000,56000
GET,/api/cart/cart/anonymous-731,2,1,36155.98558900001,38202.111371999985,36155.98558900001,40248.237154999966,195.5,0.0005516913697680932,0.0002758456848840466,40000,40000,40000,40000,40000,40000,40000,40000,40000,40000,40000
GET,/api/cart/cart/anonymous-732,2,1,21152.357207000023,815196.7802140001,21152.357207000023,1609241.2032210003,115.5,0.0005516913697680932,0.0002758456848840466,1609000,1609000,1609000,1609000,1609000,1609000,1609000,1609000,1609000,1609000,1609000
GET,/api/cart/cart/anonymous-733,1,0,38103.627655000084,38103.627655000084,38103.627655000084,38103.627655000084,129.0,0.0002758456848840466,0.0,38000,38000,38000,38000,38000,38000,38000,38000,38000,38000,38000
GET,/api/cart/cart/anonymous-734,1,1,19275.058542999886,19275.058542999886,19275.058542999886,19275.058542999886,182.0,0.0002758456848840466,0.0002758456848840466,19000,19000,19000,19000,19000,19000,19000,19000,19000,19000,19000
GET,/api/cart/cart/anonymous-735,1,1,69137.27865600004,69137.27865600004,69137.27865600004,69137.27865600004,182.0,0.0002758456848840466,0.0002758456848840466,69000,69000,69000,69000,69000,69000,69000,69000,69000,69000,69000
GET,/api/cart/cart/anonymous-736,2,1,20000.0,45669.835273999866,19992.438891999882,71347.23165599984,119.5,0.0005516913697680932,0.0002758456848840466,71000,71000,71000,71000,71000,71000,71000,71000,71000,71000,71000
GET,/api/cart/cart/anonymous-737,2,0,20193.35530699982,25793.86142049975,20193.35530699982,31394.367533999684,172.0,0.0005516913697680932,0.0,31000,31000,31000,31000,31000,31000,31000,31000,31000,31000,31000
GET,/api/cart/cart/anonymous-738,2,0,25474.90727200011,31673.001971999955,25474.90727200011,37871.096671999796,197.5,0.0005516913697680932,0.0,38000,38000,38000,38000,38000,38000,38000,38000,38000,38000,38000
GET,/api/cart/cart/anonymous-739,2,0,22000.0,24709.61247150012,21889.30178800001,27529.923155000233,226.0,0.0005516913697680932,0.0,28000,28000,28000,28000,28000,28000,28000,28000,28000,28000,28000
GET,/api/cart/cart/anonymous-74,3,0,120.0,17488.35074866679,23.74917499997764,52323.86340100038,226.66666666666666,0.0008275370546521397,0.0,120,120,52000,52000,52000,52000,52000,52000,52000,52000,52000
GET,/api/cart/cart/anonymous-740,2,0,29255.065448000096,30311.021679500074,29255.065448000096,31366.97791100005,165.0,0.0005516913697680932,0.0,31000,31000,31000,31000,31000,31000,31000,31000,31000,31000,31000
GET,/api/cart/cart/anonymous-741,1,0,43481.348773999795,43481.348773999795,43481.348773999795,43481.348773999795,106.0,0.0002758456848840466,0.0,43000,43000,43000,43000,43000,43000,43000,43000,43000,43000,43000
GET,/api/cart/cart/anonymous-742,1,0,19703.425071000085,19703.425071000085,19703.425071000085,19703.425071000085,108.0,0.0002758456848840466,0.0,20000,20000,20000,20000,20000,20000,20000,20000,20000,20000,20000
GET,/api/cart/cart/anonymous-743,1,0,104368.45020200008,104368.45020200008,104368.45020200008,104368.45020200008,129.0,0.0002758456848840466,0.0,104000,104000,104000,104000,104000,104000,104000,104000,104000,104000,104000
GET,/api/cart/cart/anonymous-744,2,1,48038.13882099985,56390.2534115,48038.13882099985,64742.36800200015,75.5,0.0005516913697680932,0.0002758456848840466,65000,65000,65000,65000,65000,65000,65000,65000,65000,65000,65000
GET,/api/cart/cart/anonymous-745,1,1,75867.09832799988,75867.09832799988,75867.09832799988,75867.09832799988,0.0,0.0002758456848840466,0.0002758456848840466,76000,76000,76000,76000,76000,76000,76000,76000,76000,76000,76000
GET,/api/cart/cart/anonymous-746,1,0,41909.709939000095,41909.709939000095,41909.709939000095,41909.709939000095,109.0,0.0002758456848840466,0.0,42000,42000,42000,42000,42000,42000,42000,42000,42000,42000,42000
GET,/api/cart/cart/anonymous-747,2,0,43000.0,43197.362806000005,42911.6605170002,43483.0650949998,198.0,0.0005516913697680932,0.0,43000,43000,43000,43000,43000,43000,43000,43000,43000,43000,43000
GET,/api/cart/cart/anonymous-748,1,1,62485.51029000009,62485.51029000009,62485.51029000009,62485.51029000009,182.0,0.0002758456848840466,0.0002758456848840466,62000,62000,62000,62000,62000,62000,62000,62000,62000,62000,62000
GET,/api/cart/cart/anonymous-749,1,0,40249.522169999866,40249.522169999866,40249.522169999866,40249.522169999866,104.0,0.0002758456848840466,0.0,40000,40000,40000,40000,40000,40000,40000,40000,40000,40000,40000
GET,/api/cart/cart/anonymous-75,3,0,28,17547.934150333294,15.116347999992286,52600.7970149999,228.66666666666666,0.0008275370546521397,0.0,28,28,53000,53000,53000,53000,53000,53000,53000,53000,53000
GET,/api/cart/cart/anonymous-750,1,0,43483.002795000175,43483.002795000175,43483.002795000175,43483.002795000175,132.0,0.0002758456848840466,0.0,43000,43000,43000,43000,43000,43000,43000,43000,43000,43000,43000
GET,/api/cart/cart/anonymous-751,1,0,28377.972602999762,28377.972602999762,28377.972602999762,28377.972602999762,179.0,0.0002758456848840466,0.0,28000,28000,28000,28000,28000,28000,28000,28000,28000,28000,28000
GET,/api/cart/cart/anonymous-752,2,0,49388.79581100037,57555.00323900014,49388.79581100037,65721.21066699992,152.0,0.0005516913697680932,0.0,66000,66000,66000,66000,66000,66000,66000,66000,66000,66000,66000
GET,/api/cart/cart/anonymous-753,1,0,2149.3241719999787,2149.3241719999787,2149.3241719999787,2149.3241719999787,124.0,0.0002758456848840466,0.0,2100,2100,2100,2100,2100,2100,2100,2100,2100,2100,2100
GET,/api/cart/cart/anonymous-754,2,1,19000.0,67508.97274800001,18691.395156999988,116326.55033900005,153.0,0.0005516913697680932,0.0002758456848840466,116000,116000,116000,116000,116000,116000,116000,116000,116000,116000,116000
GET,/api/cart/cart/anonymous-755,1,0,65663.30203500002,65663.30203500002,65663.30203500002,65663.30203500002,108.0,0.0002758456848840466,0.0,66000,66000,66000,66000,66000,66000,66000,66000,66000,66000,66000
GET,/api/cart/cart/anonymous-756,2,0,26098.124524000013,32516.01565100009,26098.124524000013,38933.906778000164,160.0,0.0005516913697680932,0.0,39000,39000,39000,39000,39000,39000,39000,39000,39000,39000,39000
GET,/api/cart/cart/anonymous-757,2,2,116357.33490999996,875354.6773619999,116357.33490999996,1634352.0198139998,98.0,0.0005516913697680932,0.0005516913697680932,1634000,1634000,1634000,1634000,1634000,1634000,1634000,1634000,1634000,1634000,1634000
GET,/api/cart/cart/anonymous-758,1,0,35759.49852500025,35759.49852500025,35759.49852500025,35759.49852500025,184.0,0.0002758456848840466,0.0,36000,36000,36000,36000,36000,36000,36000,36000,36000,36000,36000
GET,/api/cart/cart/anonymous-759,1,0,51516.96985399985,51516.96985399985,51516.96985399985,51516.96985399985,226.0,0.0002758456848840466,0.0,52000,52000,52000,52000,52000,52000,52000,52000,52000,52000,52000
GET,/api/cart/cart/anonymous-76,2,0,17.3636540000075,22.4719205000099,17.3636540000075,27.5801870000123,210.0,0.0005516913697680932,0.0,28,28,28,28,28,28,28,28,28,28,28
GET,/api/cart/cart/anonymous-761,2,0,29257.313478000015,38464.60361599998,29257.313478000015,47671.89375399994,165.5,0.0005516913697680932,0.0,48000,48000,48000,48000,48000,48000,48000,48000,48000,48000,48000
GET,/api/cart/cart/anonymous-762,1,0,61143.61279400009,61143.61279400009,61143.61279400009,61143.61279400009,129.0,0.0002758456848840466,0.0,61000,61000,61000,61000,61000,61000,61000,61000,61000,61000,61000
GET,/api/cart/cart/anonymous-763,2,0,24222.819265,73123.3815385001,24222.819265,122023.9438120002,169.0,0.0005516913697680932,0.0,122000,122000,122000,122000,122000,122000,122000,122000,122000,122000,122000
GET,/api/cart/cart/anonymous-764,2,0,22133.86271799982,32802.46628250006,22133.86271799982,43471.06984700031,241.0,0.0005516913697680932,0.0,43000,43000,43000,43000,43000,43000,43000,43000,43000,43000,43000
GET,/api/cart/cart/anonymous-765,1,0,62031.51854700013,62031.51854700013,62031.51854700013,62031.51854700013,106.0,0.0002758456848840466,0.0,62000,62000,62000,62000,62000,62000,62000,62000,62000,62000,62000
GET,/api/cart/cart/anonymous-766,1,1,43168.88725700005,43168.88725700005,43168.88725700005,43168.88725700005,182.0,0.0002758456848840466,0.0002758456848840466,43000,43000,43000,43000,43000,43000,43000,43000,43000,43000,43000
GET,/api/cart/cart/anonymous-767,2,0,75000.0,888686.122077,74637.98919300007,1702734.2549609998,161.5,0.0005516913697680932,0.0,1703000,1703000,1703000,1703000,1703000,1703000,1703000,1703000,1703000,1703000,1703000
GET,/api/cart/cart/anonymous-768,2,0,31000.0,42061.49466800003,30562.526724000236,53560.462611999814,177.0,0.0005516913697680932,0.0,54000,54000,54000,54000,54000,54000,54000,54000,54000,54000,54000
GET,/api/cart/cart/anonymous-769,1,0,56079.717738,56079.717738,56079.717738,56079.717738,137.0,0.0002758456848840466,0.0,56000,56000,56000,56000,56000,56000,56000,56000,56000,56000,56000
GET,/api/cart/cart/anonymous-77,2,0,10.186331999989306,26.919434999996383,10.186331999989306,43.65253800000346,172.0,0.0005516913697680932,0.0,44,44,44,44,44,44,44,44,44,44,44
GET,/api/cart/cart/anonymous-770,2,0,23177.704191999965,35972.325835499985,23177.704191999965,48766.94747900001,222.0,0.0005516913697680932,0.0,49000,49000,49000,49000,49000,49000,49000,49000,49000,49000,49000
GET,/api/cart/cart/anonymous-771,1,0,45087.598252999895,45087.598252999895,45087.598252999895,45087.598252999895,108.0,0.0002758456848840466,0.0,45000,45000,45000,45000,45000,45000,45000,45000,45000,45000,45000
GET,/api/cart/cart/anonymous-772,1,1,131216.93093499972,131216.93093499972,131216.93093499972,131216.93093499972,14.0,0.0002758456848840466,0.0002758456848840466,131000,131000,131000,131000,131000,131000,131000,131000,131000,131000,131000
GET,/api/cart/cart/anonymous-773,2,2,59281.45343200004,64671.855939499896,59281.45343200004,70062.25844699975,98.0,0.0005516913697680932,0.0005516913697680932,70000,70000,70000,70000,70000,70000,70000,70000,70000,70000,70000
GET,/api/cart/cart/anonymous-774,2,0,43057.12247300016,43773.33806400008,43057.12247300016,44489.55365500001,159.0,0.0005516913697680932,0.0,44000,44000,44000,44000,44000,44000,44000,44000,44000,44000,44000
GET,/api/cart/cart/anonymous-775,2,2,25000.0,73246.41924450008,24608.329280000136,121884.50920900004,91.0,0.0005516913697680932,0.0005516913697680932,122000,122000,122000,122000,122000,122000,122000,122000,122000,122000,122000
GET,/api/cart/cart/anonymous-776,1,0,89991.60624500018,89991.60624500018,89991.60624500018,89991.60624500018,292.0,0.0002758456848840466,0.0,90000,90000,90000,90000,90000,90000,90000,90000,90000,90000,90000
GET,/api/cart/cart/anonymous-777,2,1,22269.166525999935,45817.477344999934,22269.166525999935,69365.78816399993,75.5,0.0005516913697680932,0.0002758456848840466,69000,69000,69000,69000,69000,69000,69000,69000,69000,69000,69000
GET,/api/cart/cart/anonymous-778,1,0,30561.485388000165,30561.485388000165,30561.485388000165,30561.485388000165,193.0,0.0002758456848840466,0.0,31000,31000,31000,31000,31000,31000,31000,31000,31000,31000,31000
GET,/api/cart/cart/anonymous-779,2,1,94002.8513110001,100017.82705000005,94002.8513110001,106032.80278900001,291.0,0.0005516913697680932,0.0002758456848840466,106000,106000,106000,106000,106000,106000,106000,106000,106000,106000,106000
GET,/api/cart/cart/anonymous-78,4,1,10,28339.86458025001,9.380128999964654,75084.18585299978,149.5,0.0011033827395361864,0.0002758456848840466,38000,38000,75000,75000,75000,75000,75000,75000,75000,75000,75000
GET,/api/cart/cart/anonymous-780,2,1,42015.96512600008,49927.682024000096,42015.96512600008,57839.3989220001,343.5,0.0005516913697680932,0.0002758456848840466,58000,58000,58000,58000,58000,58000,58000,58000,58000,58000,58000
GET,/api/cart/cart/anonymous-781,2,1,29000.0,38754.0560949999,28619.149007000033,48888.96318299976,150.5,0.0005516913697680932,0.0002758456848840466,49000,49000,49000,49000,49000,49000,49000,49000,49000,49000,49000
GET,/api/cart/cart/anonymous-782,2,0,19000.0,31081.24295449988,18868.59517899984,43293.89072999993,109.5,0.0005516913697680932,0.0,43000,43000,43000,43000,43000,43000,43000,43000,43000,43000,43000
GET,/api/cart/cart/anonymous-783,2,2,36000.0,52458.9124565,35765.042634000114,69152.78227899989,98.0,0.0005516913697680932,0.0005516913697680932,69000,69000,69000,69000,69000,69000,69000,69000,69000,69000,69000
GET,/api/cart/cart/anonymous-784,2,0,21152.194206000102,23313.760042000125,21152.194206000102,25475.32587800015,173.5,0.0005516913697680932,0.0,25000,25000,25000,25000,25000,25000,25000,25000,25000,25000,25000
GET,/api/cart/cart/anonymous-785,2,1,21225.921699999846,33599.9564215,21225.921699999846,45973.99114300015,191.0,0.0005516913697680932,0.0002758456848840466,46000,46000,46000,46000,46000,46000,46000,46000,46000,46000,46000
GET,/api/cart/cart/anonymous-786,2,0,44491.31127400005,51432.89551850012,44491.31127400005,58374.479763000185,217.0,0.0005516913697680932,0.0,58000,58000,58000,58000,58000,58000,58000,58000,58000,58000,58000
GET,/api/cart/cart/anonymous-788,2,1,23337.453353,43709.3948334998,23337.453353,64081.3363139996,201.5,0.0005516913697680932,0.0002758456848840466,64000,64000,64000,64000,64000,64000,64000,64000,64000,64000,64000
GET,/api/cart/cart/anonymous-789,1,0,27080.619867999758,27080.619867999758,27080.619867999758,27080.619867999758,230.0,0.0002758456848840466,0.0,27000,27000,27000,27000,27000,27000,27000,27000,27000,27000,27000
GET,/api/cart/cart/anonymous-79,2,0,16.47885199997745,27.501236500000914,16.47885199997745,38.52362100002438,208.5,0.0005516913697680932,0.0,39,39,39,39,39,39,39,39,39,39,39
GET,/api/cart/cart/anonymous-790,2,1,43169.76666899995,59118.75701499991,43169.76666899995,75067.74736099987,182.0,0.0005516913697680932,0.0002758456848840466,75000,75000,75000,75000,75000,75000,75000,75000,75000,75000,75000
GET,/api/cart/cart/anonymous-791,2,0,53000.0,808357.4805935002,52577.159073000075,1564137.8021140003,203.0,0.0005516913697680932,0.0,1564000,1564000,1564000,1564000,1564000,1564000,1564000,1564000,1564000,1564000,1564000
GET,/api/cart/cart/anonymous-792,1,0,506.6962319997401,506.6962319997401,506.6962319997401,506.6962319997401,138.0,0.0002758456848840466,0.0,510,510,510,510,510,510,510,510,510,510,510
GET,/api/cart/cart/anonymous-793,1,0,1564297.5826820002,1564297.5826820002,1564297.5826820002,1564297.5826820002,130.0,0.0002758456848840466,0.0,1564000,1564000,1564000,1564000,1564000,1564000,1564000,1564000,1564000,1564000,1564000
GET,/api/cart/cart/anonymous-794,2,0,44000.0,49331.86114400007,43966.46819900024,54697.2540889999,180.0,0.0005516913697680932,0.0,55000,55000,55000,55000,55000,55000,55000,55000,55000,55000,55000
GET,/api/cart/cart/anonymous-795,2,2,40000.0,47200.86983800001,39853.90506600015,54547.83460999988,247.0,0.0005516913697680932,0.0005516913697680932,55000,55000,55000,55000,55000,55000,55000,55000,55000,55000,55000
GET,/api/cart/cart/anonymous-796,2,1,55000.0,860605.737245,54706.6678839999,1666504.806606,115.5,0.0005516913697680932,0.0002758456848840466,1667000,1667000,1667000,1667000,1667000,1667000,1667000,1667000,1667000,1667000,1667000
GET,/api/cart/cart/anonymous-797,2,1,18253.377633000127,67298.55759400004,18253.377633000127,116343.73755499996,60.0,0.0005516913697680932,0.0002758456848840466,116000,116000,116000,116000,116000,116000,116000,116000,116000,116000,116000
GET,/api/cart/cart/anonymous-798,2,1,29493.67184899984,34679.36932099996,29493.67184899984,39865.06679300009,191.0,0.0005516913697680932,0.0002758456848840466,40000,40000,40000,40000,40000,40000,40000,40000,40000,40000,40000
GET,/api/cart/cart/anonymous-799,1,1,861.1653039999965,861.1653039999965,861.1653039999965,861.1653039999965,182.0,0.0002758456848840466,0.0002758456848840466,860,860,860,860,860,860,860,860,860,860,860
GET,/api/cart/cart/anonymous-8,3,1,27,16312.879313999983,12.373938999985512,48898.78761699992,140.33333333333334,0.0008275370546521397,0.0002758456848840466,27,27,49000,49000,49000,49000,49000,49000,49000,49000,49000
GET,/api/cart/cart/anonymous-80,3,1,30,12768.999002666666,27.979388000005656,38248.795124000026,125.66666666666667,0.0008275370546521397,0.0002758456848840466,30,30,38000,38000,38000,38000,38000,38000,38000,38000,38000
GET,/api/cart/cart/anonymous-800,2,1,19000.0,79827.3524839999,18642.879443999846,141011.82552399996,146.5,0.0005516913697680932,0.0002758456848840466,141000,141000,141000,141000,141000,141000,141000,141000,141000,141000,141000
GET,/api/cart/cart/anonymous-801,2,1,31000.0,856077.868091,30579.127837000215,1681576.6083449998,61.0,0.0005516913697680932,0.0002758456848840466,1682000,1682000,1682000,1682000,1682000,1682000,1682000,1682000,1682000,1682000,1682000
GET,/api/cart/cart/anonymous-802,2,1,20000.0,61308.200472500175,19641.819652000322,102974.58129300002,234.5,0.0005516913697680932,0.0002758456848840466,103000,103000,103000,103000,103000,103000,103000,103000,103000,103000,103000
GET,/api/cart/cart/anonymous-803,2,0,350.0,51696.96076249989,347.7505040000324,103046.17102099974,133.0,0.0005516913697680932,0.0,103000,103000,103000,103000,103000,103000,103000,103000,103000,103000,103000
GET,/api/cart/cart/anonymous-804,2,1,20000.0,839367.0652240001,19658.1401630001,1659075.990285,159.5,0.0005516913697680932,0.0002758456848840466,1659000,1659000,1659000,1659000,1659000,1659000,1659000,1659000,1659000,1659000,1659000
GET,/api/cart/cart/anonymous-805,2,0,19000.0,72031.75163250012,18603.59956299999,125459.90370200024,253.0,0.0005516913697680932,0.0,125000,125000,125000,125000,125000,125000,125000,125000,125000,125000,125000
GET,/api/cart/cart/anonymous-806,2,1,19000.0,72097.43603399988,18723.956993999764,125470.915074,194.0,0.0005516913697680932,0.0002758456848840466,125000,125000,125000,125000,125000,125000,125000,125000,125000,125000,125000
GET,/api/cart/cart/anonymous-808,1,0,18644.468912999855,18644.468912999855,18644.468912999855,18644.468912999855,222.0,0.0002758456848840466,0.0,19000,19000,19000,19000,19000,19000,19000,19000,19000,19000,19000
GET,/api/cart/cart/anonymous-809,1,1,97331.26360699999,97331.26360699999,97331.26360699999,97331.26360699999,14.0,0.0002758456848840466,0.0002758456848840466,97000,97000,97000,97000,97000,97000,97000,97000,97000,97000,97000
GET,/api/cart/cart/anonymous-81,3,0,26,21883.665699000045,18.503359000021646,65606.33455600009,211.33333333333334,0.0008275370546521397,0.0,26,26,66000,66000,66000,66000,66000,66000,66000,66000,66000
GET,/api/cart/cart/anonymous-810,1,1,1637170.9170070002,1637170.9170070002,1637170.9170070002,1637170.9170070002,14.0,0.0002758456848840466,0.0002758456848840466,1637000,1637000,1637000,1637000,1637000,1637000,1637000,1637000,1637000,1637000,1637000
GET,/api/cart/cart/anonymous-811,1,1,69350.49841199999,69350.49841199999,69350.49841199999,69350.49841199999,182.0,0.0002758456848840466,0.0002758456848840466,69000,69000,69000,69000,69000,69000,69000,69000,69000,69000,69000
GET,/api/cart/cart/anonymous-812,2,0,24213.522121000096,40040.82463450004,24213.522121000096,55868.127147999985,177.0,0.0005516913697680932,0.0,56000,56000,56000,56000,56000,56000,56000,56000,56000,56000,56000
GET,/api/cart/cart/anonymous-813,2,0,36000.0,45888.901078500116,35828.97140100022,55948.83075600001,159.0,0.0005516913697680932,0.0,56000,56000,56000,56000,56000,56000,56000,56000,56000,56000,56000
GET,/api/cart/cart/anonymous-814,1,1,21606.140544000027,21606.140544000027,21606.140544000027,21606.140544000027,182.0,0.0002758456848840466,0.0002758456848840466,22000,22000,22000,22000,22000,22000,22000,22000,22000,22000,22000
GET,/api/cart/cart/anonymous-815,1,0,877.352176000386,877.352176000386,877.352176000386,877.352176000386,179.0,0.0002758456848840466,0.0,880,880,880,880,880,880,880,880,880,880,880
GET,/api/cart/cart/anonymous-816,2,0,513.984414999868,28362.207951999837,513.984414999868,56210.431488999806,165.0,0.0005516913697680932,0.0,56000,56000,56000,56000,56000,56000,56000,56000,56000,56000,56000
GET,/api/cart/cart/anonymous-817,2,1,31000.0,39101.34328849995,30923.219157999938,47279.46741899996,198.0,0.0005516913697680932,0.0002758456848840466,47000,47000,47000,47000,47000,47000,47000,47000,47000,47000,47000
GET,/api/cart/cart/anonymous-819,2,0,19000.0,21001.945410499957,18774.139355999978,23229.751464999936,126.5,0.0005516913697680932,0.0,23000,23000,23000,23000,23000,23000,23000,23000,23000,23000,23000
GET,/api/cart/cart/anonymous-82,2,0,14,20.406214499985253,13.987244999952964,26.825184000017543,214.5,0.0005516913697680932,0.0,27,27,27,27,27,27,27,27,27,27,27
GET,/api/cart/cart/anonymous-820,2,0,29000.0,38476.017870000076,28990.70769400032,47961.328045999835,126.5,0.0005516913697680932,0.0,48000,48000,48000,48000,48000,48000,48000,48000,48000,48000,48000
GET,/api/cart/cart/anonymous-825,1,0,20181.948229000227,20181.948229000227,20181.948229000227,20181.948229000227,125.0,0.0002758456848840466,0.0,20000,20000,20000,20000,20000,20000,20000,20000,20000,20000,20000
GET,/api/cart/cart/anonymous-826,1,0,26456.789446999665,26456.789446999665,26456.789446999665,26456.789446999665,210.0,0.0002758456848840466,0.0,26000,26000,26000,26000,26000,26000,26000,26000,26000,26000,26000
GET,/api/cart/cart/anonymous-829,2,0,20244.53748699989,36092.409518000066,20244.53748699989,51940.28154900025,216.5,0.0005516913697680932,0.0,52000,52000,52000,52000,52000,52000,52000,52000,52000,52000,52000
GET,/api/cart/cart/anonymous-83,3,0,27,47018.44464933337,18.809159999989333,141010.02090400015,226.0,0.0008275370546521397,0.0,27,27,141000,141000,141000,141000,141000,141000,141000,141000,141000
GET,/api/cart/cart/anonymous-830,1,0,1457046.8327529998,1457046.8327529998,1457046.8327529998,1457046.8327529998,111.0,0.0002758456848840466,0.0,1457000,1457000,1457000,1457000,1457000,1457000,1457000,1457000,1457000,1457000,1457000
GET,/api/cart/cart/anonymous-831,1,0,51119.886309999856,51119.886309999856,51119.886309999856,51119.886309999856,205.0,0.0002758456848840466,0.0,51000,51000,51000,51000,51000,51000,51000,51000,51000,51000,51000
GET,/api/cart/cart/anonymous-834,2,1,48000.0,108990.04757499995,47952.46682600009,170027.62832399982,144.0,0.0005516913697680932,0.0002758456848840466,170000,170000,170000,170000,170000,170000,170000,170000,170000,170000,170000
GET,/api/cart/cart/anonymous-835,1,0,23984.091347999765,23984.091347999765,23984.091347999765,23984.091347999765,193.0,0.0002758456848840466,0.0,24000,24000,24000,24000,24000,24000,24000,24000,24000,24000,24000
GET,/api/cart/cart/anonymous-836,1,0,42005.71120099994,42005.71120099994,42005.71120099994,42005.71120099994,138.0,0.0002758456848840466,0.0,42000,42000,42000,42000,42000,42000,42000,42000,42000,42000,42000
GET,/api/cart/cart/anonymous-838,1,0,427.3178769999504,427.3178769999504,427.3178769999504,427.3178769999504,201.0,0.0002758456848840466,0.0,430,430,430,430,430,430,430,430,430,430,430
GET,/api/cart/cart/anonymous-839,1,0,27020.622840000215,27020.622840000215,27020.622840000215,27020.622840000215,121.0,0.0002758456848840466,0.0,27000,27000,27000,27000,27000,27000,27000,27000,27000,27000,27000
GET,/api/cart/cart/anonymous-84,2,0,10,10.32283249998045,9.873631000004934,10.772033999955966,205.0,0.0005516913697680932,0.0,11,11,11,11,11,11,11,11,11,11,11
GET,/api/cart/cart/anonymous-840,1,0,20831.435478000003,20831.435478000003,20831.435478000003,20831.435478000003,214.0,0.0002758456848840466,0.0,21000,21000,21000,21000,21000,21000,21000,21000,21000,21000,21000
GET,/api/cart/cart/anonymous-842,1,0,56961.07623500029,56961.07623500029,56961.07623500029,56961.07623500029,124.0,0.0002758456848840466,0.0,57000,57000,57000,57000,57000,57000,57000,57000,57000,57000,57000
GET,/api/cart/cart/anonymous-843,1,0,51740.35947699986,51740.35947699986,51740.35947699986,51740.35947699986,219.0,0.0002758456848840466,0.0,52000,52000,52000,52000,52000,52000,52000,52000,52000,52000,52000
GET,/api/cart/cart/anonymous-844,1,0,51517.412161999804,51517.412161999804,51517.412161999804,51517.412161999804,137.0,0.0002758456848840466,0.0,52000,52000,52000,52000,52000,52000,52000,52000,52000,52000,52000
GET,/api/cart/cart/anonymous-845,1,0,51108.739942000284,51108.739942000284,51108.739942000284,51108.739942000284,202.0,0.0002758456848840466,0.0,51000,51000,51000,51000,51000,51000,51000,51000,51000,51000,51000
GET,/api/cart/cart/anonymous-848,2,1,51000.0,54576.51908300011,50767.91851100006,58385.119655000155,60.5,0.0005516913697680932,0.0002758456848840466,58000,58000,58000,58000,58000,58000,58000,58000,58000,58000,58000
GET,/api/cart/cart/anonymous-849,1,0,24253.596572000333,24253.596572000333,24253.596572000333,24253.596572000333,109.0,0.0002758456848840466,0.0,24000,24000,24000,24000,24000,24000,24000,24000,24000,24000,24000
GET,/api/cart/cart/anonymous-85,3,0,24,34336.56883999994,20.758666000006087,102964.53007699983,157.0,0.0008275370546521397,0.0,24,24,103000,103000,103000,103000,103000,103000,103000,103000,103000
GET,/api/cart/cart/anonymous-850,2,0,48139.30274499989,49452.417163000064,48139.30274499989,50765.531581000236,166.5,0.0005516913697680932,0.0,51000,51000,51000,51000,51000,51000,51000,51000,51000,51000,51000
GET,/api/cart/cart/anonymous-852,1,0,49368.128847999746,49368.128847999746,49368.128847999746,49368.128847999746,210.0,0.0002758456848840466,0.0,49000,49000,49000,49000,49000,49000,49000,49000,49000,49000,49000
GET,/api/cart/cart/anonymous-853,1,0,67287.96155100007,67287.96155100007,67287.96155100007,67287.96155100007,182.0,0.0002758456848840466,0.0,67000,67000,67000,67000,67000,67000,67000,67000,67000,67000,67000
GET,/api/cart/cart/anonymous-855,1,1,52026.512166999964,52026.512166999964,52026.512166999964,52026.512166999964,14.0,0.0002758456848840466,0.0002758456848840466,52000,52000,52000,52000,52000,52000,52000,52000,52000,52000,52000
GET,/api/cart/cart/anonymous-856,2,0,21000.0,35148.457119500104,20841.300802000205,49455.61343700001,336.0,0.0005516913697680932,0.0,49000,49000,49000,49000,49000,49000,49000,49000,49000,49000,49000
GET,/api/cart/cart/anonymous-857,1,0,56968.37933300003,56968.37933300003,56968.37933300003,56968.37933300003,225.0,0.0002758456848840466,0.0,57000,57000,57000,57000,57000,57000,57000,57000,57000,57000,57000
GET,/api/cart/cart/anonymous-86,2,0,17.29615400000739,21.1039165000102,17.29615400000739,24.91167900001301,206.5,0.0005516913697680932,0.0,25,25,25,25,25,25,25,25,25,25,25
GET,/api/cart/cart/anonymous-860,2,0,23000.0,23395.011110000043,22547.11598699987,24242.906233000213,154.0,0.0005516913697680932,0.0,24000,24000,24000,24000,24000,24000,24000,24000,24000,24000,24000
GET,/api/cart/cart/anonymous-864,1,0,22697.196901000098,22697.196901000098,22697.196901000098,22697.196901000098,191.0,0.0002758456848840466,0.0,23000,23000,23000,23000,23000,23000,23000,23000,23000,23000,23000
GET,/api/cart/cart/anonymous-865,2,1,19000.0,43000.92444850008,18752.2436239999,67249.60527300027,192.5,0.0005516913697680932,0.0002758456848840466,67000,67000,67000,67000,67000,67000,67000,67000,67000,67000,67000
GET,/api/cart/cart/anonymous-867,2,0,19000.0,29798.598565999895,18870.742901999845,40726.454229999945,244.0,0.0005516913697680932,0.0,41000,41000,41000,41000,41000,41000,41000,41000,41000,41000,41000
GET,/api/cart/cart/anonymous-868,1,0,48856.89920100004,48856.89920100004,48856.89920100004,48856.89920100004,202.0,0.0002758456848840466,0.0,49000,49000,49000,49000,49000,49000,49000,49000,49000,49000,49000
GET,/api/cart/cart/anonymous-87,3,1,120.0,22415.562990333343,30.641197000022657,67097.28579900002,139.0,0.0008275370546521397,0.0002758456848840466,120,120,67000,67000,67000,67000,67000,67000,67000,67000,67000
GET,/api/cart/cart/anonymous-870,2,1,49000.0,59452.78778700003,48832.59539699975,70072.98017700031,121.5,0.0005516913697680932,0.0002758456848840466,70000,70000,70000,70000,70000,70000,70000,70000,70000,70000,70000
GET,/api/cart/cart/anonymous-871,1,1,121861.59961300017,121861.59961300017,121861.59961300017,121861.59961300017,0.0,0.0002758456848840466,0.0002758456848840466,122000,122000,122000,122000,122000,122000,122000,122000,122000,122000,122000
GET,/api/cart/cart/anonymous-872,2,0,40342.106466999896,41694.49170750011,40342.106466999896,43046.87694800032,203.0,0.0005516913697680932,0.0,43000,43000,43000,43000,43000,43000,43000,43000,43000,43000,43000
GET,/api/cart/cart/anonymous-873,1,0,43046.38834199977,43046.38834199977,43046.38834199977,43046.38834199977,109.0,0.0002758456848840466,0.0,43000,43000,43000,43000,43000,43000,43000,43000,43000,43000,43000
GET,/api/cart/cart/anonymous-874,2,0,22000.0,32514.544968499988,21517.556506000117,43511.53343099986,215.5,0.0005516913697680932,0.0,44000,44000,44000,44000,44000,44000,44000,44000,44000,44000,44000
GET,/api/cart/cart/anonymous-875,2,1,22268.99572299999,22471.686466999927,22268.99572299999,22674.377210999864,157.0,0.0005516913697680932,0.0002758456848840466,23000,23000,23000,23000,23000,23000,23000,23000,23000,23000,23000
GET,/api/cart/cart/anonymous-876,2,1,24193.114404000196,56130.9268535,24193.114404000196,88068.7393029998,182.0,0.0005516913697680932,0.0002758456848840466,88000,88000,88000,88000,88000,88000,88000,88000,88000,88000,88000
GET,/api/cart/cart/anonymous-877,2,1,31405.596665999838,68727.34372349987,31405.596665999838,106049.0907809999,69.0,0.0005516913697680932,0.0002758456848840466,106000,106000,106000,106000,106000,106000,106000,106000,106000,106000,106000
GET,/api/cart/cart/anonymous-878,1,0,109811.37785200008,109811.37785200008,109811.37785200008,109811.37785200008,141.0,0.0002758456848840466,0.0,110000,110000,110000,110000,110000,110000,110000,110000,110000,110000,110000
GET,/api/cart/cart/anonymous-879,2,1,24154.79110000001,66983.507131,24154.79110000001,109812.22316200001,180.5,0.0005516913697680932,0.0002758456848840466,110000,110000,110000,110000,110000,110000,110000,110000,110000,110000,110000
GET,/api/cart/cart/anonymous-88,3,1,17,22320.05803600007,10.557633000018996,66932.3479210002,141.66666666666666,0.0008275370546521397,0.0002758456848840466,17,17,67000,67000,67000,67000,67000,67000,67000,67000,67000
GET,/api/cart/cart/anonymous-880,1,0,45864.21455800018,45864.21455800018,45864.21455800018,45864.21455800018,137.0,0.0002758456848840466,0.0,46000,46000,46000,46000,46000,46000,46000,46000,46000,46000,46000
GET,/api/cart/cart/anonymous-881,1,0,51932.17945300012,51932.17945300012,51932.17945300012,51932.17945300012,200.0,0.0002758456848840466,0.0,52000,52000,52000,52000,52000,52000,52000,52000,52000,52000,52000
GET,/api/cart/cart/anonymous-882,1,0,57100.48344100005,57100.48344100005,57100.48344100005,57100.48344100005,209.0,0.0002758456848840466,0.0,57000,57000,57000,57000,57000,57000,57000,57000,57000,57000,57000
GET,/api/cart/cart/anonymous-884,1,0,45864.193157000045,45864.193157000045,45864.193157000045,45864.193157000045,202.0,0.0002758456848840466,0.0,46000,46000,46000,46000,46000,46000,46000,46000,46000,46000,46000
GET,/api/cart/cart/anonymous-885,2,0,46000.0,53816.050679,45865.91717800002,61766.18417999998,171.0,0.0005516913697680932,0.0,62000,62000,62000,62000,62000,62000,62000,62000,62000,62000,62000
GET,/api/cart/cart/anonymous-886,1,1,1562542.1838889997,1562542.1838889997,1562542.1838889997,1562542.1838889997,14.0,0.0002758456848840466,0.0002758456848840466,1563000,1563000,1563000,1563000,1563000,1563000,1563000,1563000,1563000,1563000,1563000
GET,/api/cart/cart/anonymous-887,1,0,38154.19363400042,38154.19363400042,38154.19363400042,38154.19363400042,221.0,0.0002758456848840466,0.0,38000,38000,38000,38000,38000,38000,38000,38000,38000,38000,38000
GET,/api/cart/cart/anonymous-89,2,0,17.389355000034357,23.627274500029216,17.389355000034357,29.865194000024076,197.5,0.0005516913697680932,0.0,30,30,30,30,30,30,30,30,30,30,30
GET,/api/cart/cart/anonymous-890,1,1,79878.85761600023,79878.85761600023,79878.85761600023,79878.85761600023,14.0,0.0002758456848840466,0.0002758456848840466,80000,80000,80000,80000,80000,80000,80000,80000,80000,80000,80000
GET,/api/cart/cart/anonymous-891,2,0,47000.0,61235.724592500104,46609.57516199983,75861.87402300039,158.0,0.0005516913697680932,0.0,76000,76000,76000,76000,76000,76000,76000,76000,76000,76000,76000
GET,/api/cart/cart/anonymous-892,1,0,39307.86358499995,39307.86358499995,39307.86358499995,39307.86358499995,121.0,0.0002758456848840466,0.0,39000,39000,39000,39000,39000,39000,39000,39000,39000,39000,39000
GET,/api/cart/cart/anonymous-893,2,0,67114.11819100022,71095.16457500012,67114.11819100022,75076.21095900003,200.0,0.0005516913697680932,0.0,75000,75000,75000,75000,75000,75000,75000,75000,75000,75000,75000
GET,/api/cart/cart/anonymous-894,2,0,30026.835192999897,44518.36526849991,30026.835192999897,59009.89534399992,168.0,0.0005516913697680932,0.0,59000,59000,59000,59000,59000,59000,59000,59000,59000,59000,59000
GET,/api/cart/cart/anonymous-895,1,0,23078.36117800002,23078.36117800002,23078.36117800002,23078.36117800002,129.0,0.0002758456848840466,0.0,23000,23000,23000,23000,23000,23000,23000,23000,23000,23000,23000
GET,/api/cart/cart/anonymous-896,1,0,52586.23747999991,52586.23747999991,52586.23747999991,52586.23747999991,129.0,0.0002758456848840466,0.0,53000,53000,53000,53000,53000,53000,53000,53000,53000,53000,53000
GET,/api/cart/cart/anonymous-897,1,0,46332.22122500024,46332.22122500024,46332.22122500024,46332.22122500024,137.0,0.0002758456848840466,0.0,46000,46000,46000,46000,46000,46000,46000,46000,46000,46000,46000
GET,/api/cart/cart/anonymous-898,1,1,79896.65629800015,79896.65629800015,79896.65629800015,79896.65629800015,14.0,0.0002758456848840466,0.0002758456848840466,80000,80000,80000,80000,80000,80000,80000,80000,80000,80000,80000
GET,/api/cart/cart/anonymous-899,2,2,38249.971836999975,89631.38768649992,38249.971836999975,141012.80353599988,7.0,0.0005516913697680932,0.0005516913697680932,141000,141000,141000,141000,141000,141000,141000,141000,141000,141000,141000
GET,/api/cart/cart/anonymous-9,3,0,49,8125.493933666689,27.900688000045193,24299.09115700002,195.33333333333334,0.0008275370546521397,0.0,49,49,24000,24000,24000,24000,24000,24000,24000,24000,24000
GET,/api/cart/cart/anonymous-90,2,0,9.355830000004062,23.39412399999219,9.355830000004062,37.432417999980316,206.0,0.0005516913697680932,0.0,37,37,37,37,37,37,37,37,37,37,37
GET,/api/cart/cart/anonymous-900,1,0,29030.4153510001,29030.4153510001,29030.4153510001,29030.4153510001,129.0,0.0002758456848840466,0.0,29000,29000,29000,29000,29000,29000,29000,29000,29000,29000,29000
GET,/api/cart/cart/anonymous-901,1,1,78958.27597100014,78958.27597100014,78958.27597100014,78958.27597100014,14.0,0.0002758456848840466,0.0002758456848840466,79000,79000,79000,79000,79000,79000,79000,79000,79000,79000,79000
GET,/api/cart/cart/anonymous-902,2,1,75097.44050700011,80607.50528100017,75097.44050700011,86117.57005500022,112.5,0.0005516913697680932,0.0002758456848840466,86000,86000,86000,86000,86000,86000,86000,86000,86000,86000,86000
GET,/api/cart/cart/anonymous-903,1,0,47267.47538699965,47267.47538699965,47267.47538699965,47267.47538699965,111.0,0.0002758456848840466,0.0,47000,47000,47000,47000,47000,47000,47000,47000,47000,47000,47000
GET,/api/cart/cart/anonymous-904,2,0,1220.401925999795,19676.128848499957,1220.401925999795,38131.85577100012,212.5,0.0005516913697680932,0.0,38000,38000,38000,38000,38000,38000,38000,38000,38000,38000,38000
GET,/api/cart/cart/anonymous-905,1,0,58992.159249,58992.159249,58992.159249,58992.159249,111.0,0.0002758456848840466,0.0,59000,59000,59000,59000,59000,59000,59000,59000,59000,59000,59000
GET,/api/cart/cart/anonymous-906,1,1,140898.9776039998,140898.9776039998,140898.9776039998,140898.9776039998,14.0,0.0002758456848840466,0.0002758456848840466,141000,141000,141000,141000,141000,141000,141000,141000,141000,141000,141000
GET,/api/cart/cart/anonymous-907,1,0,29513.56666499987,29513.56666499987,29513.56666499987,29513.56666499987,230.0,0.0002758456848840466,0.0,30000,30000,30000,30000,30000,30000,30000,30000,30000,30000,30000
GET,/api/cart/cart/anonymous-908,1,0,18625.694396999734,18625.694396999734,18625.694396999734,18625.694396999734,132.0,0.0002758456848840466,0.0,19000,19000,19000,19000,19000,19000,19000,19000,19000,19000,19000
GET,/api/cart/cart/anonymous-91,2,0,36.490314999980455,43.41338699998687,36.490314999980455,50.33645899999328,205.0,0.0005516913697680932,0.0,50,50,50,50,50,50,50,50,50,50,50
GET,/api/cart/cart/anonymous-911,1,0,20037.01355000021,20037.01355000021,20037.01355000021,20037.01355000021,199.0,0.0002758456848840466,0.0,20000,20000,20000,20000,20000,20000,20000,20000,20000,20000,20000
GET,/api/cart/cart/anonymous-912,1,0,39541.3288689997,39541.3288689997,39541.3288689997,39541.3288689997,137.0,0.0002758456848840466,0.0,40000,40000,40000,40000,40000,40000,40000,40000,40000,40000,40000
GET,/api/cart/cart/anonymous-913,1,0,47267.48228799988,47267.48228799988,47267.48228799988,47267.48228799988,111.0,0.0002758456848840466,0.0,47000,47000,47000,47000,47000,47000,47000,47000,47000,47000,47000
GET,/api/cart/cart/anonymous-914,1,0,422.8144909998264,422.8144909998264,422.8144909998264,422.8144909998264,137.0,0.0002758456848840466,0.0,420,420,420,420,420,420,420,420,420,420,420
GET,/api/cart/cart/anonymous-915,1,0,362.7495099999578,362.7495099999578,362.7495099999578,362.7495099999578,121.0,0.0002758456848840466,0.0,360,360,360,360,360,360,360,360,360,360,360
GET,/api/cart/cart/anonymous-916,1,1,29777.601291999872,29777.601291999872,29777.601291999872,29777.601291999872,14.0,0.0002758456848840466,0.0002758456848840466,30000,30000,30000,30000,30000,30000,30000,30000,30000,30000,30000
GET,/api/cart/cart/anonymous-918,1,0,114091.0232719998,114091.0232719998,114091.0232719998,114091.0232719998,219.0,0.0002758456848840466,0.0,114000,114000,114000,114000,114000,114000,114000,114000,114000,114000,114000
GET,/api/cart/cart/anonymous-919,2,1,29000.0,45561.863683999945,28501.84721300002,62621.880154999875,71.5,0.0005516913697680932,0.0002758456848840466,63000,63000,63000,63000,63000,63000,63000,63000,63000,63000,63000
GET,/api/cart/cart/anonymous-92,2,0,9.261029000015242,15.715699500020719,9.261029000015242,22.170370000026196,208.5,0.0005516913697680932,0.0,22,22,22,22,22,22,22,22,22,22,22
GET,/api/cart/cart/anonymous-921,1,1,19658.035161000043,19658.035161000043,19658.035161000043,19658.035161000043,182.0,0.0002758456848840466,0.0002758456848840466,20000,20000,20000,20000,20000,20000,20000,20000,20000,20000,20000
GET,/api/cart/cart/anonymous-922,1,0,28338.744965999922,28338.744965999922,28338.744965999922,28338.744965999922,124.0,0.0002758456848840466,0.0,28000,28000,28000,28000,28000,28000,28000,28000,28000,28000,28000
GET,/api/cart/cart/anonymous-923,1,0,527.6148780003496,527.6148780003496,527.6148780003496,527.6148780003496,229.0,0.0002758456848840466,0.0,530,530,530,530,530,530,530,530,530,530,530
GET,/api/cart/cart/anonymous-925,2,1,470.0,829736.6826020002,467.91210200035493,1659005.453102,141.0,0.0005516913697680932,0.0002758456848840466,1659000,1659000,1659000,1659000,1659000,1659000,1659000,1659000,1659000,1659000,1659000
GET,/api/cart/cart/anonymous-927,1,0,18808.892377999655,18808.892377999655,18808.892377999655,18808.892377999655,209.0,0.0002758456848840466,0.0,19000,19000,19000,19000,19000,19000,19000,19000,19000,19000,19000
GET,/api/cart/cart/anonymous-928,2,0,531.0981600000559,14331.325735500059,531.0981600000559,28131.55331100006,185.5,0.0005516913697680932,0.0,28000,28000,28000,28000,28000,28000,28000,28000,28000,28000,28000
GET,/api/cart/cart/anonymous-93,2,0,16.362951999951747,24.919978999975,16.362951999951747,33.477005999998255,161.0,0.0005516913697680932,0.0,33,33,33,33,33,33,33,33,33,33,33
GET,/api/cart/cart/anonymous-930,1,1,62633.28117600031,62633.28117600031,62633.28117600031,62633.28117600031,14.0,0.0002758456848840466,0.0002758456848840466,63000,63000,63000,63000,63000,63000,63000,63000,63000,63000,63000
GET,/api/cart/cart/anonymous-931,1,0,18699.532913999974,18699.532913999974,18699.532913999974,18699.532913999974,219.0,0.0002758456848840466,0.0,19000,19000,19000,19000,19000,19000,19000,19000,19000,19000,19000
GET,/api/cart/cart/anonymous-932,1,0,89756.71038300016,89756.71038300016,89756.71038300016,89756.71038300016,209.0,0.0002758456848840466,0.0,90000,90000,90000,90000,90000,90000,90000,90000,90000,90000,90000
GET,/api/cart/cart/anonymous-933,1,0,1584474.184449,1584474.184449,1584474.184449,1584474.184449,229.0,0.0002758456848840466,0.0,1584000,1584000,1584000,1584000,1584000,1584000,1584000,1584000,1584000,1584000,1584000
GET,/api/cart/cart/anonymous-936,1,0,46223.43361900039,46223.43361900039,46223.43361900039,46223.43361900039,137.0,0.0002758456848840466,0.0,46000,46000,46000,46000,46000,46000,46000,46000,46000,46000,46000
GET,/api/cart/cart/anonymous-938,1,0,55949.62616400016,55949.62616400016,55949.62616400016,55949.62616400016,184.0,0.0002758456848840466,0.0,56000,56000,56000,56000,56000,56000,56000,56000,56000,56000,56000
GET,/api/cart/cart/anonymous-94,2,0,10.33693200002972,22.860222000019803,10.33693200002972,35.38351200000989,187.0,0.0005516913697680932,0.0,35,35,35,35,35,35,35,35,35,35,35
GET,/api/cart/cart/anonymous-940,1,0,56033.66713700007,56033.66713700007,56033.66713700007,56033.66713700007,121.0,0.0002758456848840466,0.0,56000,56000,56000,56000,56000,56000,56000,56000,56000,56000,56000
GET,/api/cart/cart/anonymous-941,2,0,23177.282385000126,39528.47998149991,23177.282385000126,55879.6775779997,195.5,0.0005516913697680932,0.0,56000,56000,56000,56000,56000,56000,56000,56000,56000,56000,56000
GET,/api/cart/cart/anonymous-942,1,0,48028.56391199975,48028.56391199975,48028.56391199975,48028.56391199975,137.0,0.0002758456848840466,0.0,48000,48000,48000,48000,48000,48000,48000,48000,48000,48000,48000
GET,/api/cart/cart/anonymous-943,1,0,30932.023357000162,30932.023357000162,30932.023357000162,30932.023357000162,111.0,0.0002758456848840466,0.0,31000,31000,31000,31000,31000,31000,31000,31000,31000,31000,31000
GET,/api/cart/cart/anonymous-949,2,1,28495.85035400014,41864.63962950006,28495.85035400014,55233.42890499998,69.0,0.0005516913697680932,0.0002758456848840466,55000,55000,55000,55000,55000,55000,55000,55000,55000,55000,55000
GET,/api/cart/cart/anonymous-95,2,0,21.322768000004544,35.776313000013715,21.322768000004544,50.22985800002289,216.0,0.0005516913697680932,0.0,50,50,50,50,50,50,50,50,50,50,50
GET,/api/cart/cart/anonymous-96,2,0,37.475018000009186,41.25108000002342,37.475018000009186,45.02714200003766,218.5,0.0005516913697680932,0.0,45,45,45,45,45,45,45,45,45,45,45
GET,/api/cart/cart/anonymous-961,1,0,41489.60008800031,41489.60008800031,41489.60008800031,41489.60008800031,199.0,0.0002758456848840466,0.0,41000,41000,41000,41000,41000,41000,41000,41000,41000,41000,41000
GET,/api/cart/cart/anonymous-963,1,1,63669.11942800016,63669.11942800016,63669.11942800016,63669.11942800016,0.0,0.0002758456848840466,0.0002758456848840466,64000,64000,64000,64000,64000,64000,64000,64000,64000,64000,64000
GET,/api/cart/cart/anonymous-964,1,0,47791.98831999974,47791.98831999974,47791.98831999974,47791.98831999974,215.0,0.0002758456848840466,0.0,48000,48000,48000,48000,48000,48000,48000,48000,48000,48000,48000
GET,/api/cart/cart/anonymous-966,1,0,101075.02309499978,101075.02309499978,101075.02309499978,101075.02309499978,109.0,0.0002758456848840466,0.0,101000,101000,101000,101000,101000,101000,101000,101000,101000,101000,101000
GET,/api/cart/cart/anonymous-967,1,0,26317.338242000005,26317.338242000005,26317.338242000005,26317.338242000005,223.0,0.0002758456848840466,0.0,26000,26000,26000,26000,26000,26000,26000,26000,26000,26000,26000
GET,/api/cart/cart/anonymous-969,1,0,80702.92386499977,80702.92386499977,80702.92386499977,80702.92386499977,191.0,0.0002758456848840466,0.0,81000,81000,81000,81000,81000,81000,81000,81000,81000,81000,81000
GET,/api/cart/cart/anonymous-97,2,0,30.38919599998735,36.635915999994495,30.38919599998735,42.88263600000164,204.5,0.0005516913697680932,0.0,43,43,43,43,43,43,43,43,43,43,43
GET,/api/cart/cart/anonymous-974,1,0,48630.56460200005,48630.56460200005,48630.56460200005,48630.56460200005,199.0,0.0002758456848840466,0.0,49000,49000,49000,49000,49000,49000,49000,49000,49000,49000,49000
GET,/api/cart/cart/anonymous-976,1,0,73246.79691099982,73246.79691099982,73246.79691099982,73246.79691099982,108.0,0.0002758456848840466,0.0,73000,73000,73000,73000,73000,73000,73000,73000,73000,73000,73000
GET,/api/cart/cart/anonymous-977,1,0,80701.96695200002,80701.96695200002,80701.96695200002,80701.96695200002,130.0,0.0002758456848840466,0.0,81000,81000,81000,81000,81000,81000,81000,81000,81000,81000,81000
GET,/api/cart/cart/anonymous-978,1,0,80703.12876800017,80703.12876800017,80703.12876800017,80703.12876800017,109.0,0.0002758456848840466,0.0,81000,81000,81000,81000,81000,81000,81000,81000,81000,81000,81000
GET,/api/cart/cart/anonymous-98,2,0,10,19.72606200001792,9.832031000030383,29.620093000005454,151.0,0.0005516913697680932,0.0,30,30,30,30,30,30,30,30,30,30,30
GET,/api/cart/cart/anonymous-980,1,0,26836.475907000022,26836.475907000022,26836.475907000022,26836.475907000022,124.0,0.0002758456848840466,0.0,27000,27000,27000,27000,27000,27000,27000,27000,27000,27000,27000
GET,/api/cart/cart/anonymous-983,1,0,26920.146220000333,26920.146220000333,26920.146220000333,26920.146220000333,190.0,0.0002758456848840466,0.0,27000,27000,27000,27000,27000,27000,27000,27000,27000,27000,27000
GET,/api/cart/cart/anonymous-986,1,0,866.3206279998121,866.3206279998121,866.3206279998121,866.3206279998121,138.0,0.0002758456848840466,0.0,870,870,870,870,870,870,870,870,870,870,870
GET,/api/cart/cart/anonymous-99,2,0,22,24.858778999970355,21.632868999972743,28.084688999967966,202.5,0.0005516913697680932,0.0,28,28,28,28,28,28,28,28,28,28,28
GET,/api/cart/cart/anonymous-990,1,0,52129.9678219998,52129.9678219998,52129.9678219998,52129.9678219998,121.0,0.0002758456848840466,0.0,52000,52000,52000,52000,52000,52000,52000,52000,52000,52000,52000
GET,/api/cart/cart/anonymous-993,1,0,28379.122717999962,28379.122717999962,28379.122717999962,28379.122717999962,132.0,0.0002758456848840466,0.0,28000,28000,28000,28000,28000,28000,28000,28000,28000,28000,28000
GET,/api/cart/update/anonymous-1/RMC/2,1,0,27.94338700005028,27.94338700005028,27.94338700005028,27.94338700005028,216.0,0.0002758456848840466,0.0,28,28,28,28,28,28,28,28,28,28,28
GET,/api/cart/update/anonymous-10/EMM/2,1,0,43141.411784999946,43141.411784999946,43141.411784999946,43141.411784999946,205.0,0.0002758456848840466,0.0,43000,43000,43000,43000,43000,43000,43000,43000,43000,43000,43000
GET,/api/cart/update/anonymous-10/HPTD/2,1,0,12.276539000026787,12.276539000026787,12.276539000026787,12.276539000026787,223.0,0.0002758456848840466,0.0,12,12,12,12,12,12,12,12,12,12,12
GET,/api/cart/update/anonymous-10/RMC/2,1,0,29.86319399997228,29.86319399997228,29.86319399997228,29.86319399997228,184.0,0.0002758456848840466,0.0,30,30,30,30,30,30,30,30,30,30,30
GET,/api/cart/update/anonymous-100/SHCE/2,2,0,11,30.367345999991358,10.76223399996934,49.972458000013376,176.5,0.0005516913697680932,0.0,50,50,50,50,50,50,50,50,50,50,50
GET,/api/cart/update/anonymous-1004/SHCE/2,1,0,67271.8118490002,67271.8118490002,67271.8118490002,67271.8118490002,222.0,0.0002758456848840466,0.0,67000,67000,67000,67000,67000,67000,67000,67000,67000,67000,67000
GET,/api/cart/update/anonymous-1005/RED/2,1,0,41095.523038000014,41095.523038000014,41095.523038000014,41095.523038000014,134.0,0.0002758456848840466,0.0,41000,41000,41000,41000,41000,41000,41000,41000,41000,41000,41000
GET,/api/cart/update/anonymous-1008/SHCE/2,1,0,40844.3577019998,40844.3577019998,40844.3577019998,40844.3577019998,222.0,0.0002758456848840466,0.0,41000,41000,41000,41000,41000,41000,41000,41000,41000,41000,41000
GET,/api/cart/update/anonymous-101/EMM/2,1,0,9.113328000012189,9.113328000012189,9.113328000012189,9.113328000012189,137.0,0.0002758456848840466,0.0,9,9,9,9,9,9,9,9,9,9,9
GET,/api/cart/update/anonymous-101/STAN-1/2,1,0,67.5980129999516,67.5980129999516,67.5980129999516,67.5980129999516,182.0,0.0002758456848840466,0.0,68,68,68,68,68,68,68,68,68,68,68
GET,/api/cart/update/anonymous-1011/SHCE/2,1,1,48722.35256800013,48722.35256800013,48722.35256800013,48722.35256800013,0.0,0.0002758456848840466,0.0002758456848840466,49000,49000,49000,49000,49000,49000,49000,49000,49000,49000,49000
GET,/api/cart/update/anonymous-1016/EMM/2,1,1,151065.2029160001,151065.2029160001,151065.2029160001,151065.2029160001,14.0,0.0002758456848840466,0.0002758456848840466,151000,151000,151000,151000,151000,151000,151000,151000,151000,151000,151000
GET,/api/cart/update/anonymous-1019/STAN-1/2,1,0,88354.99830799972,88354.99830799972,88354.99830799972,88354.99830799972,201.0,0.0002758456848840466,0.0,88000,88000,88000,88000,88000,88000,88000,88000,88000,88000,88000
GET,/api/cart/update/anonymous-102/EMM/2,2,0,26.04018200003111,40.17122650000715,26.04018200003111,54.30227099998319,207.5,0.0005516913697680932,0.0,54,54,54,54,54,54,54,54,54,54,54
GET,/api/cart/update/anonymous-102/STAN-1/2,1,0,28123.885624000195,28123.885624000195,28123.885624000195,28123.885624000195,112.0,0.0002758456848840466,0.0,28000,28000,28000,28000,28000,28000,28000,28000,28000,28000,28000
GET,/api/cart/update/anonymous-1023/EPE/2,1,0,52149.02783299977,52149.02783299977,52149.02783299977,52149.02783299977,208.0,0.0002758456848840466,0.0,52000,52000,52000,52000,52000,52000,52000,52000,52000,52000,52000
GET,/api/cart/update/anonymous-1024/EMM/2,1,0,106031.1952689999,106031.1952689999,106031.1952689999,106031.1952689999,188.0,0.0002758456848840466,0.0,106000,106000,106000,106000,106000,106000,106000,106000,106000,106000,106000
GET,/api/cart/update/anonymous-1027/EPE/2,1,1,138928.3336200001,138928.3336200001,138928.3336200001,138928.3336200001,14.0,0.0002758456848840466,0.0002758456848840466,139000,139000,139000,139000,139000,139000,139000,139000,139000,139000,139000
GET,/api/cart/update/anonymous-1029/STAN-1/2,1,0,28647.727535000286,28647.727535000286,28647.727535000286,28647.727535000286,112.0,0.0002758456848840466,0.0,29000,29000,29000,29000,29000,29000,29000,29000,29000,29000,29000
GET,/api/cart/update/anonymous-103/HPTD/2,1,0,44.00643899998613,44.00643899998613,44.00643899998613,44.00643899998613,199.0,0.0002758456848840466,0.0,44,44,44,44,44,44,44,44,44,44,44
GET,/api/cart/update/anonymous-103/Watson/2,1,0,43.8813380000056,43.8813380000056,43.8813380000056,43.8813380000056,198.0,0.0002758456848840466,0.0,44,44,44,44,44,44,44,44,44,44,44
GET,/api/cart/update/anonymous-1031/HPTD/2,1,0,28901.734740999927,28901.734740999927,28901.734740999927,28901.734740999927,121.0,0.0002758456848840466,0.0,29000,29000,29000,29000,29000,29000,29000,29000,29000,29000,29000
GET,/api/cart/update/anonymous-1034/RED/2,1,0,29413.675071999933,29413.675071999933,29413.675071999933,29413.675071999933,207.0,0.0002758456848840466,0.0,29000,29000,29000,29000,29000,29000,29000,29000,29000,29000,29000
GET,/api/cart/update/anonymous-104/HPTD/2,1,0,38.54192099998954,38.54192099998954,38.54192099998954,38.54192099998954,199.0,0.0002758456848840466,0.0,39,39,39,39,39,39,39,39,39,39,39
GET,/api/cart/update/anonymous-104/UHJ/2,1,0,42.70873500001926,42.70873500001926,42.70873500001926,42.70873500001926,228.0,0.0002758456848840466,0.0,43,43,43,43,43,43,43,43,43,43,43
GET,/api/cart/update/anonymous-105/EPE/2,1,0,135.0552259999631,135.0552259999631,135.0552259999631,135.0552259999631,208.0,0.0002758456848840466,0.0,140,140,140,140,140,140,140,140,140,140,140
GET,/api/cart/update/anonymous-105/RED/2,1,0,76.51824199996327,76.51824199996327,76.51824199996327,76.51824199996327,134.0,0.0002758456848840466,0.0,77,77,77,77,77,77,77,77,77,77,77
GET,/api/cart/update/anonymous-1051/Watson/2,1,1,140883.5152249999,140883.5152249999,140883.5152249999,140883.5152249999,14.0,0.0002758456848840466,0.0002758456848840466,141000,141000,141000,141000,141000,141000,141000,141000,141000,141000,141000
GET,/api/cart/update/anonymous-1056/Watson/2,1,1,141766.66611400014,141766.66611400014,141766.66611400014,141766.66611400014,14.0,0.0002758456848840466,0.0002758456848840466,142000,142000,142000,142000,142000,142000,142000,142000,142000,142000,142000
GET,/api/cart/update/anonymous-1057/Watson/2,1,1,141272.7361530001,141272.7361530001,141272.7361530001,141272.7361530001,14.0,0.0002758456848840466,0.0002758456848840466,141000,141000,141000,141000,141000,141000,141000,141000,141000,141000,141000
GET,/api/cart/update/anonymous-1058/EPE/2,1,1,66938.40758999977,66938.40758999977,66938.40758999977,66938.40758999977,0.0,0.0002758456848840466,0.0002758456848840466,67000,67000,67000,67000,67000,67000,67000,67000,67000,67000,67000
GET,/api/cart/update/anonymous-106/UHJ/2,1,0,26.92698499998869,26.92698499998869,26.92698499998869,26.92698499998869,233.0,0.0002758456848840466,0.0,27,27,27,27,27,27,27,27,27,27,27
GET,/api/cart/update/anonymous-106/Watson/2,1,0,19.805062999978418,19.805062999978418,19.805062999978418,19.805062999978418,191.0,0.0002758456848840466,0.0,20,20,20,20,20,20,20,20,20,20,20
GET,/api/cart/update/anonymous-107/RMC/2,1,0,13.895843999989665,13.895843999989665,13.895843999989665,13.895843999989665,216.0,0.0002758456848840466,0.0,14,14,14,14,14,14,14,14,14,14,14
GET,/api/cart/update/anonymous-107/SHCE/2,1,0,27.452986000014334,27.452986000014334,27.452986000014334,27.452986000014334,230.0,0.0002758456848840466,0.0,27,27,27,27,27,27,27,27,27,27,27
GET,/api/cart/update/anonymous-1079/RED/2,1,0,1656.084435000139,1656.084435000139,1656.084435000139,1656.084435000139,134.0,0.0002758456848840466,0.0,1700,1700,1700,1700,1700,1700,1700,1700,1700,1700,1700
GET,/api/cart/update/anonymous-108/HPTD/2,1,0,683.2780569999954,683.2780569999954,683.2780569999954,683.2780569999954,199.0,0.0002758456848840466,0.0,680,680,680,680,680,680,680,680,680,680,680
GET,/api/cart/update/anonymous-108/SHCE/2,1,0,69.36021899997513,69.36021899997513,69.36021899997513,69.36021899997513,198.0,0.0002758456848840466,0.0,69,69,69,69,69,69,69,69,69,69,69
GET,/api/cart/update/anonymous-1080/HPTD/2,1,0,24881.444553000165,24881.444553000165,24881.444553000165,24881.444553000165,121.0,0.0002758456848840466,0.0,25000,25000,25000,25000,25000,25000,25000,25000,25000,25000,25000
GET,/api/cart/update/anonymous-1088/UHJ/2,1,0,30270.807888000036,30270.807888000036,30270.807888000036,30270.807888000036,141.0,0.0002758456848840466,0.0,30000,30000,30000,30000,30000,30000,30000,30000,30000,30000,30000
GET,/api/cart/update/anonymous-109/EMM/2,1,0,164.85332000002018,164.85332000002018,164.85332000002018,164.85332000002018,137.0,0.0002758456848840466,0.0,160,160,160,160,160,160,160,160,160,160,160
GET,/api/cart/update/anonymous-109/EPE/2,1,0,56016.46511399986,56016.46511399986,56016.46511399986,56016.46511399986,273.0,0.0002758456848840466,0.0,56000,56000,56000,56000,56000,56000,56000,56000,56000,56000,56000
GET,/api/cart/update/anonymous-109/STAN-1/2,1,0,26.565784000013082,26.565784000013082,26.565784000013082,26.565784000013082,204.0,0.0002758456848840466,0.0,27,27,27,27,27,27,27,27,27,27,27
GET,/api/cart/update/anonymous-1091/UHJ/2,1,0,51817.5734460001,51817.5734460001,51817.5734460001,51817.5734460001,226.0,0.0002758456848840466,0.0,52000,52000,52000,52000,52000,52000,52000,52000,52000,52000,52000
GET,/api/cart/update/anonymous-11/EMM/2,1,0,23.73957499997914,23.73957499997914,23.73957499997914,23.73957499997914,137.0,0.0002758456848840466,0.0,24,24,24,24,24,24,24,24,24,24,24
GET,/api/cart/update/anonymous-11/RMC/2,1,0,19.480261000012433,19.480261000012433,19.480261000012433,19.480261000012433,184.0,0.0002758456848840466,0.0,19,19,19,19,19,19,19,19,19,19,19
GET,/api/cart/update/anonymous-11/SHCE/2,1,0,101740.77548500008,101740.77548500008,101740.77548500008,101740.77548500008,203.0,0.0002758456848840466,0.0,102000,102000,102000,102000,102000,102000,102000,102000,102000,102000,102000
GET,/api/cart/update/anonymous-110/EPE/2,1,0,118.38437400001567,118.38437400001567,118.38437400001567,118.38437400001567,200.0,0.0002758456848840466,0.0,120,120,120,120,120,120,120,120,120,120,120
GET,/api/cart/update/anonymous-110/UHJ/2,1,0,119.38317700003154,119.38317700003154,119.38317700003154,119.38317700003154,230.0,0.0002758456848840466,0.0,120,120,120,120,120,120,120,120,120,120,120
GET,/api/cart/update/anonymous-111/RED/2,1,0,151.43277800001442,151.43277800001442,151.43277800001442,151.43277800001442,224.0,0.0002758456848840466,0.0,150,150,150,150,150,150,150,150,150,150,150
GET,/api/cart/update/anonymous-111/Watson/2,1,0,19.407061000038084,19.407061000038084,19.407061000038084,19.407061000038084,196.0,0.0002758456848840466,0.0,19,19,19,19,19,19,19,19,19,19,19
GET,/api/cart/update/anonymous-112/HPTD/2,1,0,265.1985379999928,265.1985379999928,265.1985379999928,265.1985379999928,219.0,0.0002758456848840466,0.0,270,270,270,270,270,270,270,270,270,270,270
GET,/api/cart/update/anonymous-112/RMC/2,1,0,30.50869599996986,30.50869599996986,30.50869599996986,30.50869599996986,208.0,0.0002758456848840466,0.0,31,31,31,31,31,31,31,31,31,31,31
GET,/api/cart/update/anonymous-113/STAN-1/2,1,0,40.43242699998473,40.43242699998473,40.43242699998473,40.43242699998473,201.0,0.0002758456848840466,0.0,40,40,40,40,40,40,40,40,40,40,40
GET,/api/cart/update/anonymous-113/Watson/2,1,0,9.965830999988157,9.965830999988157,9.965830999988157,9.965830999988157,209.0,0.0002758456848840466,0.0,10,10,10,10,10,10,10,10,10,10,10
GET,/api/cart/update/anonymous-114/RED/2,1,0,19.873462000020936,19.873462000020936,19.873462000020936,19.873462000020936,185.0,0.0002758456848840466,0.0,20,20,20,20,20,20,20,20,20,20,20
GET,/api/cart/update/anonymous-114/STAN-1/2,1,0,256.0713089999922,256.0713089999922,256.0713089999922,256.0713089999922,112.0,0.0002758456848840466,0.0,260,260,260,260,260,260,260,260,260,260,260
GET,/api/cart/update/anonymous-115/EMM/2,1,0,109.33764499998233,109.33764499998233,109.33764499998233,109.33764499998233,188.0,0.0002758456848840466,0.0,110,110,110,110,110,110,110,110,110,110,110
GET,/api/cart/update/anonymous-115/EPE/2,1,0,11.92873799999461,11.92873799999461,11.92873799999461,11.92873799999461,217.0,0.0002758456848840466,0.0,12,12,12,12,12,12,12,12,12,12,12
GET,/api/cart/update/anonymous-116/UHJ/2,1,0,34.85370999999304,34.85370999999304,34.85370999999304,34.85370999999304,211.0,0.0002758456848840466,0.0,35,35,35,35,35,35,35,35,35,35,35
GET,/api/cart/update/anonymous-116/Watson/2,1,0,29.614992999995593,29.614992999995593,29.614992999995593,29.614992999995593,206.0,0.0002758456848840466,0.0,30,30,30,30,30,30,30,30,30,30,30
GET,/api/cart/update/anonymous-117/EMM/2,1,0,11.043035000000145,11.043035000000145,11.043035000000145,11.043035000000145,229.0,0.0002758456848840466,0.0,11,11,11,11,11,11,11,11,11,11,11
GET,/api/cart/update/anonymous-117/SHCE/2,1,0,131.11191400003008,131.11191400003008,131.11191400003008,131.11191400003008,204.0,0.0002758456848840466,0.0,130,130,130,130,130,130,130,130,130,130,130
GET,/api/cart/update/anonymous-118/RMC/2,1,0,53.33156799997596,53.33156799997596,53.33156799997596,53.33156799997596,190.0,0.0002758456848840466,0.0,53,53,53,53,53,53,53,53,53,53,53
GET,/api/cart/update/anonymous-118/SHCE/2,1,0,29.554893000010907,29.554893000010907,29.554893000010907,29.554893000010907,213.0,0.0002758456848840466,0.0,30,30,30,30,30,30,30,30,30,30,30
GET,/api/cart/update/anonymous-119/EMM/2,1,0,40.0486259999866,40.0486259999866,40.0486259999866,40.0486259999866,137.0,0.0002758456848840466,0.0,40,40,40,40,40,40,40,40,40,40,40
GET,/api/cart/update/anonymous-119/EPE/2,1,0,11.15303500000664,11.15303500000664,11.15303500000664,11.15303500000664,208.0,0.0002758456848840466,0.0,11,11,11,11,11,11,11,11,11,11,11
GET,/api/cart/update/anonymous-119/HPTD/2,1,0,58764.55418700016,58764.55418700016,58764.55418700016,58764.55418700016,213.0,0.0002758456848840466,0.0,59000,59000,59000,59000,59000,59000,59000,59000,59000,59000,59000
GET,/api/cart/update/anonymous-12/STAN-1/2,1,0,18.259757999999238,18.259757999999238,18.259757999999238,18.259757999999238,204.0,0.0002758456848840466,0.0,18,18,18,18,18,18,18,18,18,18,18
GET,/api/cart/update/anonymous-12/UHJ/2,1,0,24.30457700000943,24.30457700000943,24.30457700000943,24.30457700000943,233.0,0.0002758456848840466,0.0,24,24,24,24,24,24,24,24,24,24,24
GET,/api/cart/update/anonymous-120/EPE/2,1,0,4.234313000040402,4.234313000040402,4.234313000040402,4.234313000040402,222.0,0.0002758456848840466,0.0,4,4,4,4,4,4,4,4,4,4,4
GET,/api/cart/update/anonymous-120/UHJ/2,1,0,21.858068999961233,21.858068999961233,21.858068999961233,21.858068999961233,211.0,0.0002758456848840466,0.0,22,22,22,22,22,22,22,22,22,22,22
GET,/api/cart/update/anonymous-121/EPE/2,1,0,44.54014100002723,44.54014100002723,44.54014100002723,44.54014100002723,200.0,0.0002758456848840466,0.0,45,45,45,45,45,45,45,45,45,45,45
GET,/api/cart/update/anonymous-121/UHJ/2,1,0,29.01329200000191,29.01329200000191,29.01329200000191,29.01329200000191,211.0,0.0002758456848840466,0.0,29,29,29,29,29,29,29,29,29,29,29
GET,/api/cart/update/anonymous-122/STAN-1/2,1,0,31.337598999982674,31.337598999982674,31.337598999982674,31.337598999982674,195.0,0.0002758456848840466,0.0,31,31,31,31,31,31,31,31,31,31,31
GET,/api/cart/update/anonymous-122/UHJ/2,1,0,35.396611000010125,35.396611000010125,35.396611000010125,35.396611000010125,228.0,0.0002758456848840466,0.0,35,35,35,35,35,35,35,35,35,35,35
GET,/api/cart/update/anonymous-123/EMM/2,1,0,53.400669000041034,53.400669000041034,53.400669000041034,53.400669000041034,222.0,0.0002758456848840466,0.0,53,53,53,53,53,53,53,53,53,53,53
GET,/api/cart/update/anonymous-123/Watson/2,2,0,9.175228999993124,27968.78887699995,9.175228999993124,55928.40252499991,252.0,0.0005516913697680932,0.0,56000,56000,56000,56000,56000,56000,56000,56000,56000,56000,56000
GET,/api/cart/update/anonymous-124/EMM/2,1,0,23.53817400000935,23.53817400000935,23.53817400000935,23.53817400000935,188.0,0.0002758456848840466,0.0,24,24,24,24,24,24,24,24,24,24,24
GET,/api/cart/update/anonymous-124/EPE/2,1,0,46184.20017700009,46184.20017700009,46184.20017700009,46184.20017700009,215.0,0.0002758456848840466,0.0,46000,46000,46000,46000,46000,46000,46000,46000,46000,46000,46000
GET,/api/cart/update/anonymous-124/STAN-1/2,1,0,9.19182899997395,9.19182899997395,9.19182899997395,9.19182899997395,204.0,0.0002758456848840466,0.0,9,9,9,9,9,9,9,9,9,9,9
GET,/api/cart/update/anonymous-125/EPE/2,1,0,28.60999099999617,28.60999099999617,28.60999099999617,28.60999099999617,217.0,0.0002758456848840466,0.0,29,29,29,29,29,29,29,29,29,29,29
GET,/api/cart/update/anonymous-125/UHJ/2,1,0,9.95813200000839,9.95813200000839,9.95813200000839,9.95813200000839,211.0,0.0002758456848840466,0.0,10,10,10,10,10,10,10,10,10,10,10
GET,/api/cart/update/anonymous-126/EMM/2,1,0,12.800641000012547,12.800641000012547,12.800641000012547,12.800641000012547,227.0,0.0002758456848840466,0.0,13,13,13,13,13,13,13,13,13,13,13
GET,/api/cart/update/anonymous-126/Watson/2,1,0,17.483755000000656,17.483755000000656,17.483755000000656,17.483755000000656,182.0,0.0002758456848840466,0.0,17,17,17,17,17,17,17,17,17,17,17
GET,/api/cart/update/anonymous-127/SHCE/2,1,0,66.29070899998624,66.29070899998624,66.29070899998624,66.29070899998624,125.0,0.0002758456848840466,0.0,66,66,66,66,66,66,66,66,66,66,66
GET,/api/cart/update/anonymous-127/UHJ/2,1,0,62.48849799999334,62.48849799999334,62.48849799999334,62.48849799999334,233.0,0.0002758456848840466,0.0,62,62,62,62,62,62,62,62,62,62,62
GET,/api/cart/update/anonymous-128/EPE/2,1,0,302.6498549999701,302.6498549999701,302.6498549999701,302.6498549999701,200.0,0.0002758456848840466,0.0,300,300,300,300,300,300,300,300,300,300,300
GET,/api/cart/update/anonymous-128/UHJ/2,1,0,9.797730999991927,9.797730999991927,9.797730999991927,9.797730999991927,211.0,0.0002758456848840466,0.0,10,10,10,10,10,10,10,10,10,10,10
GET,/api/cart/update/anonymous-129/RED/2,1,0,18.127356999968924,18.127356999968924,18.127356999968924,18.127356999968924,226.0,0.0002758456848840466,0.0,18,18,18,18,18,18,18,18,18,18,18
GET,/api/cart/update/anonymous-129/Watson/2,1,0,31.284099000004062,31.284099000004062,31.284099000004062,31.284099000004062,196.0,0.0002758456848840466,0.0,31,31,31,31,31,31,31,31,31,31,31
GET,/api/cart/update/anonymous-13/RMC/2,1,0,19.108060000007754,19.108060000007754,19.108060000007754,19.108060000007754,184.0,0.0002758456848840466,0.0,19,19,19,19,19,19,19,19,19,19,19
GET,/api/cart/update/anonymous-13/STAN-1/2,1,0,12.71983999998838,12.71983999998838,12.71983999998838,12.71983999998838,204.0,0.0002758456848840466,0.0,13,13,13,13,13,13,13,13,13,13,13
GET,/api/cart/update/anonymous-130/HPTD/2,1,0,13.916444000017236,13.916444000017236,13.916444000017236,13.916444000017236,199.0,0.0002758456848840466,0.0,14,14,14,14,14,14,14,14,14,14,14
GET,/api/cart/update/anonymous-130/SHCE/2,1,0,19.322760999955335,19.322760999955335,19.322760999955335,19.322760999955335,204.0,0.0002758456848840466,0.0,19,19,19,19,19,19,19,19,19,19,19
GET,/api/cart/update/anonymous-131/EPE/2,1,0,39.53332499997941,39.53332499997941,39.53332499997941,39.53332499997941,130.0,0.0002758456848840466,0.0,40,40,40,40,40,40,40,40,40,40,40
GET,/api/cart/update/anonymous-131/RED/2,1,0,8.85342800000899,8.85342800000899,8.85342800000899,8.85342800000899,214.0,0.0002758456848840466,0.0,9,9,9,9,9,9,9,9,9,9,9
GET,/api/cart/update/anonymous-132/EPE/2,1,0,10.983635000002323,10.983635000002323,10.983635000002323,10.983635000002323,222.0,0.0002758456848840466,0.0,11,11,11,11,11,11,11,11,11,11,11
GET,/api/cart/update/anonymous-132/SHCE/2,1,0,55.904477000012776,55.904477000012776,55.904477000012776,55.904477000012776,222.0,0.0002758456848840466,0.0,56,56,56,56,56,56,56,56,56,56,56
GET,/api/cart/update/anonymous-133/UHJ/2,1,0,221.80190099999209,221.80190099999209,221.80190099999209,221.80190099999209,141.0,0.0002758456848840466,0.0,220,220,220,220,220,220,220,220,220,220,220
GET,/api/cart/update/anonymous-133/Watson/2,1,0,19.278260999954,19.278260999954,19.278260999954,19.278260999954,104.0,0.0002758456848840466,0.0,19,19,19,19,19,19,19,19,19,19,19
GET,/api/cart/update/anonymous-134/RED/2,1,0,21.24966700000641,21.24966700000641,21.24966700000641,21.24966700000641,221.0,0.0002758456848840466,0.0,21,21,21,21,21,21,21,21,21,21,21
GET,/api/cart/update/anonymous-134/Watson/2,1,0,49.07115499997872,49.07115499997872,49.07115499997872,49.07115499997872,206.0,0.0002758456848840466,0.0,49,49,49,49,49,49,49,49,49,49,49
GET,/api/cart/update/anonymous-135/EMM/2,1,0,88.1844780000165,88.1844780000165,88.1844780000165,88.1844780000165,217.0,0.0002758456848840466,0.0,88,88,88,88,88,88,88,88,88,88,88
GET,/api/cart/update/anonymous-135/STAN-1/2,1,0,20.17706399999497,20.17706399999497,20.17706399999497,20.17706399999497,191.0,0.0002758456848840466,0.0,20,20,20,20,20,20,20,20,20,20,20
GET,/api/cart/update/anonymous-136/RMC/2,1,0,60.498891000008825,60.498891000008825,60.498891000008825,60.498891000008825,202.0,0.0002758456848840466,0.0,60,60,60,60,60,60,60,60,60,60,60
GET,/api/cart/update/anonymous-136/UHJ/2,1,0,27.679986999999073,27.679986999999073,27.679986999999073,27.679986999999073,219.0,0.0002758456848840466,0.0,28,28,28,28,28,28,28,28,28,28,28
GET,/api/cart/update/anonymous-137/HPTD/2,1,0,104.85633100000769,104.85633100000769,104.85633100000769,104.85633100000769,226.0,0.0002758456848840466,0.0,100,100,100,100,100,100,100,100,100,100,100
GET,/api/cart/update/anonymous-137/UHJ/2,1,0,51.65851499998553,51.65851499998553,51.65851499998553,51.65851499998553,206.0,0.0002758456848840466,0.0,52,52,52,52,52,52,52,52,52,52,52
GET,/api/cart/update/anonymous-138/EMM/2,1,0,230.47962800001187,230.47962800001187,230.47962800001187,230.47962800001187,205.0,0.0002758456848840466,0.0,230,230,230,230,230,230,230,230,230,230,230
GET,/api/cart/update/anonymous-138/Watson/2,1,0,118.50062199999911,118.50062199999911,118.50062199999911,118.50062199999911,182.0,0.0002758456848840466,0.0,120,120,120,120,120,120,120,120,120,120,120
GET,/api/cart/update/anonymous-139/SHCE/2,1,0,101.11241999999265,101.11241999999265,101.11241999999265,101.11241999999265,222.0,0.0002758456848840466,0.0,100,100,100,100,100,100,100,100,100,100,100
GET,/api/cart/update/anonymous-139/UHJ/2,1,0,203.66994400001204,203.66994400001204,203.66994400001204,203.66994400001204,228.0,0.0002758456848840466,0.0,200,200,200,200,200,200,200,200,200,200,200
GET,/api/cart/update/anonymous-14/SHCE/2,1,0,39.194323000003806,39.194323000003806,39.194323000003806,39.194323000003806,213.0,0.0002758456848840466,0.0,39,39,39,39,39,39,39,39,39,39,39
GET,/api/cart/update/anonymous-14/UHJ/2,1,0,10.690433000036137,10.690433000036137,10.690433000036137,10.690433000036137,219.0,0.0002758456848840466,0.0,11,11,11,11,11,11,11,11,11,11,11
GET,/api/cart/update/anonymous-140/UHJ/2,2,0,40.198268000040116,41.7391025000029,40.198268000040116,43.279936999965685,218.0,0.0005516913697680932,0.0,43,43,43,43,43,43,43,43,43,43,43
GET,/api/cart/update/anonymous-141/EPE/2,1,0,133.42690399997537,133.42690399997537,133.42690399997537,133.42690399997537,208.0,0.0002758456848840466,0.0,130,130,130,130,130,130,130,130,130,130,130
GET,/api/cart/update/anonymous-141/RED/2,1,0,57.87548299997525,57.87548299997525,57.87548299997525,57.87548299997525,202.0,0.0002758456848840466,0.0,58,58,58,58,58,58,58,58,58,58,58
GET,/api/cart/update/anonymous-142/EMM/2,1,0,125.65630099999225,125.65630099999225,125.65630099999225,125.65630099999225,205.0,0.0002758456848840466,0.0,130,130,130,130,130,130,130,130,130,130,130
GET,/api/cart/update/anonymous-142/HPTD/2,1,0,51.92656399998441,51.92656399998441,51.92656399998441,51.92656399998441,226.0,0.0002758456848840466,0.0,52,52,52,52,52,52,52,52,52,52,52
GET,/api/cart/update/anonymous-143/Watson/2,2,0,39.07522400004382,67.33466300002533,39.07522400004382,95.59410200000684,143.0,0.0005516913697680932,0.0,96,96,96,96,96,96,96,96,96,96,96
GET,/api/cart/update/anonymous-144/EMM/2,1,0,24.469776999978876,24.469776999978876,24.469776999978876,24.469776999978876,188.0,0.0002758456848840466,0.0,24,24,24,24,24,24,24,24,24,24,24
GET,/api/cart/update/anonymous-144/STAN-1/2,1,0,9.902884000041468,9.902884000041468,9.902884000041468,9.902884000041468,204.0,0.0002758456848840466,0.0,10,10,10,10,10,10,10,10,10,10,10
GET,/api/cart/update/anonymous-145/STAN-1/2,1,0,153.79086000001507,153.79086000001507,153.79086000001507,153.79086000001507,204.0,0.0002758456848840466,0.0,150,150,150,150,150,150,150,150,150,150,150
GET,/api/cart/update/anonymous-145/UHJ/2,1,0,141.50044699999853,141.50044699999853,141.50044699999853,141.50044699999853,141.0,0.0002758456848840466,0.0,140,140,140,140,140,140,140,140,140,140,140
GET,/api/cart/update/anonymous-146/RED/2,1,0,18.579058999989684,18.579058999989684,18.579058999989684,18.579058999989684,214.0,0.0002758456848840466,0.0,19,19,19,19,19,19,19,19,19,19,19
GET,/api/cart/update/anonymous-146/UHJ/2,1,0,91.55773200001249,91.55773200001249,91.55773200001249,91.55773200001249,230.0,0.0002758456848840466,0.0,92,92,92,92,92,92,92,92,92,92,92
GET,/api/cart/update/anonymous-147/STAN-1/2,2,0,33.09620400000313,106.32840900001383,33.09620400000313,179.56061400002454,194.0,0.0005516913697680932,0.0,180,180,180,180,180,180,180,180,180,180,180
GET,/api/cart/update/anonymous-148/Watson/2,2,0,11,46.604639500003486,10.856418000003032,82.35286100000394,204.0,0.0005516913697680932,0.0,82,82,82,82,82,82,82,82,82,82,82
GET,/api/cart/update/anonymous-149/STAN-1/2,1,0,76.39324199999464,76.39324199999464,76.39324199999464,76.39324199999464,187.0,0.0002758456848840466,0.0,76,76,76,76,76,76,76,76,76,76,76
GET,/api/cart/update/anonymous-149/Watson/2,1,0,530.0720740000315,530.0720740000315,530.0720740000315,530.0720740000315,209.0,0.0002758456848840466,0.0,530,530,530,530,530,530,530,530,530,530,530
GET,/api/cart/update/anonymous-15/EPE/2,2,1,11.277935999999045,37426.951865999996,11.277935999999045,74842.625796,65.0,0.0005516913697680932,0.0002758456848840466,75000,75000,75000,75000,75000,75000,75000,75000,75000,75000,75000
GET,/api/cart/update/anonymous-15/RMC/2,1,0,14.484445999983109,14.484445999983109,14.484445999983109,14.484445999983109,199.0,0.0002758456848840466,0.0,14,14,14,14,14,14,14,14,14,14,14
GET,/api/cart/update/anonymous-150/RED/2,1,0,39.00040199999921,39.00040199999921,39.00040199999921,39.00040199999921,185.0,0.0002758456848840466,0.0,39,39,39,39,39,39,39,39,39,39,39
GET,/api/cart/update/anonymous-150/RMC/2,1,0,608.4207219999485,608.4207219999485,608.4207219999485,608.4207219999485,210.0,0.0002758456848840466,0.0,610,610,610,610,610,610,610,610,610,610,610
GET,/api/cart/update/anonymous-151/SHCE/2,1,0,15.211485999998331,15.211485999998331,15.211485999998331,15.211485999998331,230.0,0.0002758456848840466,0.0,15,15,15,15,15,15,15,15,15,15,15
GET,/api/cart/update/anonymous-151/STAN-1/2,1,0,42.37653400002728,42.37653400002728,42.37653400002728,42.37653400002728,201.0,0.0002758456848840466,0.0,42,42,42,42,42,42,42,42,42,42,42
GET,/api/cart/update/anonymous-152/RED/2,1,0,20.594393000010314,20.594393000010314,20.594393000010314,20.594393000010314,226.0,0.0002758456848840466,0.0,21,21,21,21,21,21,21,21,21,21,21
GET,/api/cart/update/anonymous-152/Watson/2,1,0,537.7995989999818,537.7995989999818,537.7995989999818,537.7995989999818,182.0,0.0002758456848840466,0.0,540,540,540,540,540,540,540,540,540,540,540
GET,/api/cart/update/anonymous-153/EPE/2,1,0,105.48853300002747,105.48853300002747,105.48853300002747,105.48853300002747,130.0,0.0002758456848840466,0.0,110,110,110,110,110,110,110,110,110,110,110
GET,/api/cart/update/anonymous-153/SHCE/2,1,0,16.075219000015295,16.075219000015295,16.075219000015295,16.075219000015295,204.0,0.0002758456848840466,0.0,16,16,16,16,16,16,16,16,16,16,16
GET,/api/cart/update/anonymous-154/HPTD/2,1,0,33.69848900001671,33.69848900001671,33.69848900001671,33.69848900001671,223.0,0.0002758456848840466,0.0,34,34,34,34,34,34,34,34,34,34,34
GET,/api/cart/update/anonymous-154/Watson/2,1,0,139.54684100002623,139.54684100002623,139.54684100002623,139.54684100002623,202.0,0.0002758456848840466,0.0,140,140,140,140,140,140,140,140,140,140,140
GET,/api/cart/update/anonymous-155/RMC/2,1,0,385.2855169999998,385.2855169999998,385.2855169999998,385.2855169999998,216.0,0.0002758456848840466,0.0,390,390,390,390,390,390,390,390,390,390,390
GET,/api/cart/update/anonymous-155/Watson/2,1,0,21.45022100000915,21.45022100000915,21.45022100000915,21.45022100000915,198.0,0.0002758456848840466,0.0,21,21,21,21,21,21,21,21,21,21,21
GET,/api/cart/update/anonymous-156/EPE/2,1,0,26.295306000008623,26.295306000008623,26.295306000008623,26.295306000008623,215.0,0.0002758456848840466,0.0,26,26,26,26,26,26,26,26,26,26,26
GET,/api/cart/update/anonymous-156/RMC/2,1,0,206.49595200001158,206.49595200001158,206.49595200001158,206.49595200001158,199.0,0.0002758456848840466,0.0,210,210,210,210,210,210,210,210,210,210,210
GET,/api/cart/update/anonymous-157/EPE/2,1,0,25.696584000002076,25.696584000002076,25.696584000002076,25.696584000002076,130.0,0.0002758456848840466,0.0,26,26,26,26,26,26,26,26,26,26,26
GET,/api/cart/update/anonymous-157/SHCE/2,1,0,93.70539600001848,93.70539600001848,93.70539600001848,93.70539600001848,198.0,0.0002758456848840466,0.0,94,94,94,94,94,94,94,94,94,94,94
GET,/api/cart/update/anonymous-158/UHJ/2,1,0,32.02102500000592,32.02102500000592,32.02102500000592,32.02102500000592,233.0,0.0002758456848840466,0.0,32,32,32,32,32,32,32,32,32,32,32
GET,/api/cart/update/anonymous-158/Watson/2,1,0,55.27127499999551,55.27127499999551,55.27127499999551,55.27127499999551,198.0,0.0002758456848840466,0.0,55,55,55,55,55,55,55,55,55,55,55
GET,/api/cart/update/anonymous-159/HPTD/2,1,0,57.513200000016695,57.513200000016695,57.513200000016695,57.513200000016695,219.0,0.0002758456848840466,0.0,58,58,58,58,58,58,58,58,58,58,58
GET,/api/cart/update/anonymous-159/SHCE/2,1,0,55.974277000018446,55.974277000018446,55.974277000018446,55.974277000018446,198.0,0.0002758456848840466,0.0,56,56,56,56,56,56,56,56,56,56,56
GET,/api/cart/update/anonymous-16/RED/2,1,0,31.35209900000291,31.35209900000291,31.35209900000291,31.35209900000291,212.0,0.0002758456848840466,0.0,31,31,31,31,31,31,31,31,31,31,31
GET,/api/cart/update/anonymous-16/SHCE/2,1,0,43178.783178999765,43178.783178999765,43178.783178999765,43178.783178999765,125.0,0.0002758456848840466,0.0,43000,43000,43000,43000,43000,43000,43000,43000,43000,43000,43000
GET,/api/cart/update/anonymous-16/UHJ/2,1,0,101.27061900004719,101.27061900004719,101.27061900004719,101.27061900004719,141.0,0.0002758456848840466,0.0,100,100,100,100,100,100,100,100,100,100,100
GET,/api/cart/update/anonymous-160/HPTD/2,1,0,156.83119600004147,156.83119600004147,156.83119600004147,156.83119600004147,226.0,0.0002758456848840466,0.0,160,160,160,160,160,160,160,160,160,160,160
GET,/api/cart/update/anonymous-160/Watson/2,1,0,29.41431800002192,29.41431800002192,29.41431800002192,29.41431800002192,182.0,0.0002758456848840466,0.0,29,29,29,29,29,29,29,29,29,29,29
GET,/api/cart/update/anonymous-161/EPE/2,1,0,115.25976399997262,115.25976399997262,115.25976399997262,115.25976399997262,208.0,0.0002758456848840466,0.0,120,120,120,120,120,120,120,120,120,120,120
GET,/api/cart/update/anonymous-161/HPTD/2,1,0,50.87433400001373,50.87433400001373,50.87433400001373,50.87433400001373,193.0,0.0002758456848840466,0.0,51,51,51,51,51,51,51,51,51,51,51
GET,/api/cart/update/anonymous-162/STAN-1/2,1,0,48.21353300002329,48.21353300002329,48.21353300002329,48.21353300002329,184.0,0.0002758456848840466,0.0,48,48,48,48,48,48,48,48,48,48,48
GET,/api/cart/update/anonymous-162/UHJ/2,1,0,16.87105299998848,16.87105299998848,16.87105299998848,16.87105299998848,211.0,0.0002758456848840466,0.0,17,17,17,17,17,17,17,17,17,17,17
GET,/api/cart/update/anonymous-163/EPE/2,1,0,154.38828800000692,154.38828800000692,154.38828800000692,154.38828800000692,219.0,0.0002758456848840466,0.0,150,150,150,150,150,150,150,150,150,150,150
GET,/api/cart/update/anonymous-163/Watson/2,1,0,20.150970999964102,20.150970999964102,20.150970999964102,20.150970999964102,206.0,0.0002758456848840466,0.0,20,20,20,20,20,20,20,20,20,20,20
GET,/api/cart/update/anonymous-164/RED/2,1,0,45.677544000000125,45.677544000000125,45.677544000000125,45.677544000000125,221.0,0.0002758456848840466,0.0,46,46,46,46,46,46,46,46,46,46,46
GET,/api/cart/update/anonymous-164/RMC/2,1,0,54.05623000001469,54.05623000001469,54.05623000001469,54.05623000001469,216.0,0.0002758456848840466,0.0,54,54,54,54,54,54,54,54,54,54,54
GET,/api/cart/update/anonymous-165/EPE/2,2,0,21,57.88449050001532,20.53228099998705,95.23670000004358,219.0,0.0005516913697680932,0.0,95,95,95,95,95,95,95,95,95,95,95
GET,/api/cart/update/anonymous-166/HPTD/2,2,0,24,55.55650299999115,23.96123500000158,87.15177099998073,206.0,0.0005516913697680932,0.0,87,87,87,87,87,87,87,87,87,87,87
GET,/api/cart/update/anonymous-167/EMM/2,1,0,17.65075599996635,17.65075599996635,17.65075599996635,17.65075599996635,229.0,0.0002758456848840466,0.0,18,18,18,18,18,18,18,18,18,18,18
GET,/api/cart/update/anonymous-167/HPTD/2,1,0,40.18791900000451,40.18791900000451,40.18791900000451,40.18791900000451,193.0,0.0002758456848840466,0.0,40,40,40,40,40,40,40,40,40,40,40
GET,/api/cart/update/anonymous-168/RMC/2,1,0,326.05131799999754,326.05131799999754,326.05131799999754,326.05131799999754,202.0,0.0002758456848840466,0.0,330,330,330,330,330,330,330,330,330,330,330
GET,/api/cart/update/anonymous-168/Watson/2,1,0,76.08444800001735,76.08444800001735,76.08444800001735,76.08444800001735,196.0,0.0002758456848840466,0.0,76,76,76,76,76,76,76,76,76,76,76
GET,/api/cart/update/anonymous-169/RED/2,1,0,106.07743700001038,106.07743700001038,106.07743700001038,106.07743700001038,221.0,0.0002758456848840466,0.0,110,110,110,110,110,110,110,110,110,110,110
GET,/api/cart/update/anonymous-169/STAN-1/2,1,0,51.77585599994927,51.77585599994927,51.77585599994927,51.77585599994927,201.0,0.0002758456848840466,0.0,52,52,52,52,52,52,52,52,52,52,52
GET,/api/cart/update/anonymous-17/RMC/2,1,0,28312.019254000006,28312.019254000006,28312.019254000006,28312.019254000006,291.0,0.0002758456848840466,0.0,28000,28000,28000,28000,28000,28000,28000,28000,28000,28000,28000
GET,/api/cart/update/anonymous-17/SHCE/2,1,0,141.0211440000353,141.0211440000353,141.0211440000353,141.0211440000353,125.0,0.0002758456848840466,0.0,140,140,140,140,140,140,140,140,140,140,140
GET,/api/cart/update/anonymous-17/UHJ/2,1,0,81.81515700005093,81.81515700005093,81.81515700005093,81.81515700005093,219.0,0.0002758456848840466,0.0,82,82,82,82,82,82,82,82,82,82,82
GET,/api/cart/update/anonymous-170/RED/2,1,0,294.7567350000213,294.7567350000213,294.7567350000213,294.7567350000213,134.0,0.0002758456848840466,0.0,290,290,290,290,290,290,290,290,290,290,290
GET,/api/cart/update/anonymous-170/RMC/2,1,0,116.51814499998636,116.51814499998636,116.51814499998636,116.51814499998636,215.0,0.0002758456848840466,0.0,120,120,120,120,120,120,120,120,120,120,120
GET,/api/cart/update/anonymous-171/RMC/2,1,0,44.64431799999602,44.64431799999602,44.64431799999602,44.64431799999602,210.0,0.0002758456848840466,0.0,45,45,45,45,45,45,45,45,45,45,45
GET,/api/cart/update/anonymous-171/UHJ/2,1,0,63.665404999994735,63.665404999994735,63.665404999994735,63.665404999994735,228.0,0.0002758456848840466,0.0,64,64,64,64,64,64,64,64,64,64,64
GET,/api/cart/update/anonymous-172/EMM/2,1,0,305.7583510000086,305.7583510000086,305.7583510000086,305.7583510000086,215.0,0.0002758456848840466,0.0,310,310,310,310,310,310,310,310,310,310,310
GET,/api/cart/update/anonymous-172/RMC/2,1,0,90.41582700001527,90.41582700001527,90.41582700001527,90.41582700001527,190.0,0.0002758456848840466,0.0,90,90,90,90,90,90,90,90,90,90,90
GET,/api/cart/update/anonymous-173/RMC/2,1,0,27.55107399997314,27.55107399997314,27.55107399997314,27.55107399997314,210.0,0.0002758456848840466,0.0,28,28,28,28,28,28,28,28,28,28,28
GET,/api/cart/update/anonymous-173/UHJ/2,1,0,52.7354790000345,52.7354790000345,52.7354790000345,52.7354790000345,206.0,0.0002758456848840466,0.0,53,53,53,53,53,53,53,53,53,53,53
GET,/api/cart/update/anonymous-174/EMM/2,1,0,26.606538000010005,26.606538000010005,26.606538000010005,26.606538000010005,215.0,0.0002758456848840466,0.0,27,27,27,27,27,27,27,27,27,27,27
GET,/api/cart/update/anonymous-174/STAN-1/2,1,0,113.0393160000267,113.0393160000267,113.0393160000267,113.0393160000267,191.0,0.0002758456848840466,0.0,110,110,110,110,110,110,110,110,110,110,110
GET,/api/cart/update/anonymous-175/EMM/2,1,0,32.27875900000754,32.27875900000754,32.27875900000754,32.27875900000754,227.0,0.0002758456848840466,0.0,32,32,32,32,32,32,32,32,32,32,32
GET,/api/cart/update/anonymous-175/UHJ/2,1,0,70.85242699997707,70.85242699997707,70.85242699997707,70.85242699997707,211.0,0.0002758456848840466,0.0,71,71,71,71,71,71,71,71,71,71,71
GET,/api/cart/update/anonymous-176/SHCE/2,1,0,48.657897999987654,48.657897999987654,48.657897999987654,48.657897999987654,222.0,0.0002758456848840466,0.0,49,49,49,49,49,49,49,49,49,49,49
GET,/api/cart/update/anonymous-176/Watson/2,1,0,24.122298999998293,24.122298999998293,24.122298999998293,24.122298999998293,104.0,0.0002758456848840466,0.0,24,24,24,24,24,24,24,24,24,24,24
GET,/api/cart/update/anonymous-177/EMM/2,1,0,134.7459259999937,134.7459259999937,134.7459259999937,134.7459259999937,215.0,0.0002758456848840466,0.0,130,130,130,130,130,130,130,130,130,130,130
GET,/api/cart/update/anonymous-177/EPE/2,1,0,16.31523600002538,16.31523600002538,16.31523600002538,16.31523600002538,217.0,0.0002758456848840466,0.0,16,16,16,16,16,16,16,16,16,16,16
GET,/api/cart/update/anonymous-178/EMM/2,2,0,8.02081099999441,40.12190250000458,8.02081099999441,72.22299400001475,222.0,0.0005516913697680932,0.0,72,72,72,72,72,72,72,72,72,72,72
GET,/api/cart/update/anonymous-179/RMC/2,1,0,121.76104200000282,121.76104200000282,121.76104200000282,121.76104200000282,190.0,0.0002758456848840466,0.0,120,120,120,120,120,120,120,120,120,120,120
GET,/api/cart/update/anonymous-179/SHCE/2,1,0,8.209815999975945,8.209815999975945,8.209815999975945,8.209815999975945,222.0,0.0002758456848840466,0.0,8,8,8,8,8,8,8,8,8,8,8
GET,/api/cart/update/anonymous-18/EPE/2,1,0,29.645793999975467,29.645793999975467,29.645793999975467,29.645793999975467,200.0,0.0002758456848840466,0.0,30,30,30,30,30,30,30,30,30,30,30
GET,/api/cart/update/anonymous-18/UHJ/2,1,0,79.35125000000198,79.35125000000198,79.35125000000198,79.35125000000198,219.0,0.0002758456848840466,0.0,79,79,79,79,79,79,79,79,79,79,79
GET,/api/cart/update/anonymous-180/EPE/2,1,0,86.99360399998568,86.99360399998568,86.99360399998568,86.99360399998568,130.0,0.0002758456848840466,0.0,87,87,87,87,87,87,87,87,87,87,87
GET,/api/cart/update/anonymous-180/SHCE/2,1,0,11.117028000001028,11.117028000001028,11.117028000001028,11.117028000001028,203.0,0.0002758456848840466,0.0,11,11,11,11,11,11,11,11,11,11,11
GET,/api/cart/update/anonymous-181/EPE/2,1,0,59.622695999962616,59.622695999962616,59.622695999962616,59.622695999962616,222.0,0.0002758456848840466,0.0,60,60,60,60,60,60,60,60,60,60,60
GET,/api/cart/update/anonymous-181/RED/2,1,0,43.60467899999776,43.60467899999776,43.60467899999776,43.60467899999776,221.0,0.0002758456848840466,0.0,44,44,44,44,44,44,44,44,44,44,44
GET,/api/cart/update/anonymous-182/STAN-1/2,1,0,36.68321200001401,36.68321200001401,36.68321200001401,36.68321200001401,204.0,0.0002758456848840466,0.0,37,37,37,37,37,37,37,37,37,37,37
GET,/api/cart/update/anonymous-182/Watson/2,1,0,330.8426859999827,330.8426859999827,330.8426859999827,330.8426859999827,206.0,0.0002758456848840466,0.0,330,330,330,330,330,330,330,330,330,330,330
GET,/api/cart/update/anonymous-183/EMM/2,1,0,69.92857599999525,69.92857599999525,69.92857599999525,69.92857599999525,217.0,0.0002758456848840466,0.0,70,70,70,70,70,70,70,70,70,70,70
GET,/api/cart/update/anonymous-183/SHCE/2,1,0,20.743793999997706,20.743793999997706,20.743793999997706,20.743793999997706,204.0,0.0002758456848840466,0.0,21,21,21,21,21,21,21,21,21,21,21
GET,/api/cart/update/anonymous-184/EMM/2,1,0,67.83429599994406,67.83429599994406,67.83429599994406,67.83429599994406,205.0,0.0002758456848840466,0.0,68,68,68,68,68,68,68,68,68,68,68
GET,/api/cart/update/anonymous-184/UHJ/2,1,0,101.91297699998358,101.91297699998358,101.91297699998358,101.91297699998358,211.0,0.0002758456848840466,0.0,100,100,100,100,100,100,100,100,100,100,100
GET,/api/cart/update/anonymous-185/STAN-1/2,1,0,54.81018400001858,54.81018400001858,54.81018400001858,54.81018400001858,112.0,0.0002758456848840466,0.0,55,55,55,55,55,55,55,55,55,55,55
GET,/api/cart/update/anonymous-185/UHJ/2,1,0,112.44394100003774,112.44394100003774,112.44394100003774,112.44394100003774,226.0,0.0002758456848840466,0.0,110,110,110,110,110,110,110,110,110,110,110
GET,/api/cart/update/anonymous-186/HPTD/2,1,0,61.461737000001904,61.461737000001904,61.461737000001904,61.461737000001904,213.0,0.0002758456848840466,0.0,61,61,61,61,61,61,61,61,61,61,61
GET,/api/cart/update/anonymous-186/RMC/2,1,0,308.68226999996295,308.68226999996295,308.68226999996295,308.68226999996295,208.0,0.0002758456848840466,0.0,310,310,310,310,310,310,310,310,310,310,310
GET,/api/cart/update/anonymous-187/STAN-1/2,1,0,13.928028999998787,13.928028999998787,13.928028999998787,13.928028999998787,195.0,0.0002758456848840466,0.0,14,14,14,14,14,14,14,14,14,14,14
GET,/api/cart/update/anonymous-187/Watson/2,1,0,36.39723200001299,36.39723200001299,36.39723200001299,36.39723200001299,191.0,0.0002758456848840466,0.0,36,36,36,36,36,36,36,36,36,36,36
GET,/api/cart/update/anonymous-188/EMM/2,1,0,69.56444499996906,69.56444499996906,69.56444499996906,69.56444499996906,229.0,0.0002758456848840466,0.0,70,70,70,70,70,70,70,70,70,70,70
GET,/api/cart/update/anonymous-188/RMC/2,1,0,158.63844300002938,158.63844300002938,158.63844300002938,158.63844300002938,184.0,0.0002758456848840466,0.0,160,160,160,160,160,160,160,160,160,160,160
GET,/api/cart/update/anonymous-189/EPE/2,1,0,325.7469979999996,325.7469979999996,325.7469979999996,325.7469979999996,195.0,0.0002758456848840466,0.0,330,330,330,330,330,330,330,330,330,330,330
GET,/api/cart/update/anonymous-189/Watson/2,1,0,594.3644910000216,594.3644910000216,594.3644910000216,594.3644910000216,209.0,0.0002758456848840466,0.0,590,590,590,590,590,590,590,590,590,590,590
GET,/api/cart/update/anonymous-19/EMM/2,1,0,85.26716899996245,85.26716899996245,85.26716899996245,85.26716899996245,229.0,0.0002758456848840466,0.0,85,85,85,85,85,85,85,85,85,85,85
GET,/api/cart/update/anonymous-19/SHCE/2,1,1,56493.00138199987,56493.00138199987,56493.00138199987,56493.00138199987,0.0,0.0002758456848840466,0.0002758456848840466,56000,56000,56000,56000,56000,56000,56000,56000,56000,56000,56000
GET,/api/cart/update/anonymous-19/Watson/2,1,0,17.804055999988577,17.804055999988577,17.804055999988577,17.804055999988577,196.0,0.0002758456848840466,0.0,18,18,18,18,18,18,18,18,18,18,18
GET,/api/cart/update/anonymous-190/HPTD/2,1,0,134.5786569999632,134.5786569999632,134.5786569999632,134.5786569999632,226.0,0.0002758456848840466,0.0,130,130,130,130,130,130,130,130,130,130,130
GET,/api/cart/update/anonymous-190/RED/2,1,0,31.322383000031095,31.322383000031095,31.322383000031095,31.322383000031095,202.0,0.0002758456848840466,0.0,31,31,31,31,31,31,31,31,31,31,31
GET,/api/cart/update/anonymous-191/HPTD/2,1,0,69.30023600000368,69.30023600000368,69.30023600000368,69.30023600000368,199.0,0.0002758456848840466,0.0,69,69,69,69,69,69,69,69,69,69,69
GET,/api/cart/update/anonymous-191/Watson/2,1,0,41.36156300000948,41.36156300000948,41.36156300000948,41.36156300000948,182.0,0.0002758456848840466,0.0,41,41,41,41,41,41,41,41,41,41,41
GET,/api/cart/update/anonymous-192/SHCE/2,1,0,30.701959999987594,30.701959999987594,30.701959999987594,30.701959999987594,228.0,0.0002758456848840466,0.0,31,31,31,31,31,31,31,31,31,31,31
GET,/api/cart/update/anonymous-192/Watson/2,1,0,52.19772200001671,52.19772200001671,52.19772200001671,52.19772200001671,191.0,0.0002758456848840466,0.0,52,52,52,52,52,52,52,52,52,52,52
GET,/api/cart/update/anonymous-193/EMM/2,1,0,504.72217300000466,504.72217300000466,504.72217300000466,504.72217300000466,188.0,0.0002758456848840466,0.0,500,500,500,500,500,500,500,500,500,500,500
GET,/api/cart/update/anonymous-193/RED/2,1,0,29.855728000029558,29.855728000029558,29.855728000029558,29.855728000029558,207.0,0.0002758456848840466,0.0,30,30,30,30,30,30,30,30,30,30,30
GET,/api/cart/update/anonymous-194/SHCE/2,1,0,227.386537999962,227.386537999962,227.386537999962,227.386537999962,203.0,0.0002758456848840466,0.0,230,230,230,230,230,230,230,230,230,230,230
GET,/api/cart/update/anonymous-194/Watson/2,1,0,19.916448000003584,19.916448000003584,19.916448000003584,19.916448000003584,202.0,0.0002758456848840466,0.0,20,20,20,20,20,20,20,20,20,20,20
GET,/api/cart/update/anonymous-195/RED/2,1,0,8.042601999989074,8.042601999989074,8.042601999989074,8.042601999989074,134.0,0.0002758456848840466,0.0,8,8,8,8,8,8,8,8,8,8,8
GET,/api/cart/update/anonymous-195/UHJ/2,1,0,259.41075499997623,259.41075499997623,259.41075499997623,259.41075499997623,230.0,0.0002758456848840466,0.0,260,260,260,260,260,260,260,260,260,260,260
GET,/api/cart/update/anonymous-196/RMC/2,1,0,27.24721600003477,27.24721600003477,27.24721600003477,27.24721600003477,109.0,0.0002758456848840466,0.0,27,27,27,27,27,27,27,27,27,27,27
GET,/api/cart/update/anonymous-196/UHJ/2,1,0,116.7348999999831,116.7348999999831,116.7348999999831,116.7348999999831,233.0,0.0002758456848840466,0.0,120,120,120,120,120,120,120,120,120,120,120
GET,/api/cart/update/anonymous-197/RMC/2,1,0,322.8324910000424,322.8324910000424,322.8324910000424,322.8324910000424,202.0,0.0002758456848840466,0.0,320,320,320,320,320,320,320,320,320,320,320
GET,/api/cart/update/anonymous-197/UHJ/2,1,0,6.086526999979469,6.086526999979469,6.086526999979469,6.086526999979469,230.0,0.0002758456848840466,0.0,6,6,6,6,6,6,6,6,6,6,6
GET,/api/cart/update/anonymous-198/RMC/2,1,0,208.3380490000195,208.3380490000195,208.3380490000195,208.3380490000195,199.0,0.0002758456848840466,0.0,210,210,210,210,210,210,210,210,210,210,210
GET,/api/cart/update/anonymous-198/STAN-1/2,1,0,28.963779999969574,28.963779999969574,28.963779999969574,28.963779999969574,204.0,0.0002758456848840466,0.0,29,29,29,29,29,29,29,29,29,29,29
GET,/api/cart/update/anonymous-199/EPE/2,1,0,145.84297199996854,145.84297199996854,145.84297199996854,145.84297199996854,200.0,0.0002758456848840466,0.0,150,150,150,150,150,150,150,150,150,150,150
GET,/api/cart/update/anonymous-199/RMC/2,1,0,25.209733999986383,25.209733999986383,25.209733999986383,25.209733999986383,109.0,0.0002758456848840466,0.0,25,25,25,25,25,25,25,25,25,25,25
GET,/api/cart/update/anonymous-2/EPE/2,2,0,20.289664000017638,10702.576941000047,20.289664000017638,21384.864218000075,172.5,0.0005516913697680932,0.0,21000,21000,21000,21000,21000,21000,21000,21000,21000,21000,21000
GET,/api/cart/update/anonymous-20/RMC/2,2,0,114.80076200001577,28568.772500500047,114.80076200001577,57022.74423900008,238.5,0.0005516913697680932,0.0,57000,57000,57000,57000,57000,57000,57000,57000,57000,57000,57000
GET,/api/cart/update/anonymous-20/SHCE/2,1,0,114.02165900000227,114.02165900000227,114.02165900000227,114.02165900000227,230.0,0.0002758456848840466,0.0,110,110,110,110,110,110,110,110,110,110,110
GET,/api/cart/update/anonymous-200/EPE/2,1,0,19.40211500004807,19.40211500004807,19.40211500004807,19.40211500004807,222.0,0.0002758456848840466,0.0,19,19,19,19,19,19,19,19,19,19,19
GET,/api/cart/update/anonymous-200/UHJ/2,1,0,322.3483730000112,322.3483730000112,322.3483730000112,322.3483730000112,211.0,0.0002758456848840466,0.0,320,320,320,320,320,320,320,320,320,320,320
GET,/api/cart/update/anonymous-201/SHCE/2,1,0,88.99301600001763,88.99301600001763,88.99301600001763,88.99301600001763,225.0,0.0002758456848840466,0.0,89,89,89,89,89,89,89,89,89,89,89
GET,/api/cart/update/anonymous-201/Watson/2,1,0,33.01001599999154,33.01001599999154,33.01001599999154,33.01001599999154,182.0,0.0002758456848840466,0.0,33,33,33,33,33,33,33,33,33,33,33
GET,/api/cart/update/anonymous-202/EPE/2,1,0,1089.810177000004,1089.810177000004,1089.810177000004,1089.810177000004,208.0,0.0002758456848840466,0.0,1100,1100,1100,1100,1100,1100,1100,1100,1100,1100,1100
GET,/api/cart/update/anonymous-202/RMC/2,1,0,11.343516000010823,11.343516000010823,11.343516000010823,11.343516000010823,184.0,0.0002758456848840466,0.0,11,11,11,11,11,11,11,11,11,11,11
GET,/api/cart/update/anonymous-203/UHJ/2,1,0,9.550149999995483,9.550149999995483,9.550149999995483,9.550149999995483,219.0,0.0002758456848840466,0.0,10,10,10,10,10,10,10,10,10,10,10
GET,/api/cart/update/anonymous-203/Watson/2,1,0,206.6873890000238,206.6873890000238,206.6873890000238,206.6873890000238,206.0,0.0002758456848840466,0.0,210,210,210,210,210,210,210,210,210,210,210
GET,/api/cart/update/anonymous-204/EMM/2,1,0,76.66525400003366,76.66525400003366,76.66525400003366,76.66525400003366,188.0,0.0002758456848840466,0.0,77,77,77,77,77,77,77,77,77,77,77
GET,/api/cart/update/anonymous-204/STAN-1/2,1,0,87.73237100001552,87.73237100001552,87.73237100001552,87.73237100001552,184.0,0.0002758456848840466,0.0,88,88,88,88,88,88,88,88,88,88,88
GET,/api/cart/update/anonymous-205/RED/2,1,0,55.76155400001426,55.76155400001426,55.76155400001426,55.76155400001426,134.0,0.0002758456848840466,0.0,56,56,56,56,56,56,56,56,56,56,56
GET,/api/cart/update/anonymous-205/STAN-1/2,1,0,49.43656400007512,49.43656400007512,49.43656400007512,49.43656400007512,204.0,0.0002758456848840466,0.0,49,49,49,49,49,49,49,49,49,49,49
GET,/api/cart/update/anonymous-206/RED/2,1,0,53.35299199998644,53.35299199998644,53.35299199998644,53.35299199998644,221.0,0.0002758456848840466,0.0,53,53,53,53,53,53,53,53,53,53,53
GET,/api/cart/update/anonymous-206/SHCE/2,1,0,253.0163440000024,253.0163440000024,253.0163440000024,253.0163440000024,125.0,0.0002758456848840466,0.0,250,250,250,250,250,250,250,250,250,250,250
GET,/api/cart/update/anonymous-207/EPE/2,1,0,82.52924599997868,82.52924599997868,82.52924599997868,82.52924599997868,217.0,0.0002758456848840466,0.0,83,83,83,83,83,83,83,83,83,83,83
GET,/api/cart/update/anonymous-207/SHCE/2,1,0,84.3884120000098,84.3884120000098,84.3884120000098,84.3884120000098,228.0,0.0002758456848840466,0.0,84,84,84,84,84,84,84,84,84,84,84
GET,/api/cart/update/anonymous-208/HPTD/2,1,0,87.27491500002316,87.27491500002316,87.27491500002316,87.27491500002316,193.0,0.0002758456848840466,0.0,87,87,87,87,87,87,87,87,87,87,87
GET,/api/cart/update/anonymous-208/RED/2,1,0,49.23013500001616,49.23013500001616,49.23013500001616,49.23013500001616,212.0,0.0002758456848840466,0.0,49,49,49,49,49,49,49,49,49,49,49
GET,/api/cart/update/anonymous-209/RMC/2,1,0,151.2286650000192,151.2286650000192,151.2286650000192,151.2286650000192,202.0,0.0002758456848840466,0.0,150,150,150,150,150,150,150,150,150,150,150
GET,/api/cart/update/anonymous-209/STAN-1/2,1,0,89.17278299998088,89.17278299998088,89.17278299998088,89.17278299998088,187.0,0.0002758456848840466,0.0,89,89,89,89,89,89,89,89,89,89,89
GET,/api/cart/update/anonymous-21/EMM/2,1,0,19.9243629999728,19.9243629999728,19.9243629999728,19.9243629999728,227.0,0.0002758456848840466,0.0,20,20,20,20,20,20,20,20,20,20,20
GET,/api/cart/update/anonymous-21/EPE/2,1,0,38.90812200000937,38.90812200000937,38.90812200000937,38.90812200000937,195.0,0.0002758456848840466,0.0,39,39,39,39,39,39,39,39,39,39,39
GET,/api/cart/update/anonymous-210/HPTD/2,1,0,319.2281310000453,319.2281310000453,319.2281310000453,319.2281310000453,199.0,0.0002758456848840466,0.0,320,320,320,320,320,320,320,320,320,320,320
GET,/api/cart/update/anonymous-210/UHJ/2,1,0,201.43491600003927,201.43491600003927,201.43491600003927,201.43491600003927,226.0,0.0002758456848840466,0.0,200,200,200,200,200,200,200,200,200,200,200
GET,/api/cart/update/anonymous-211/HPTD/2,1,0,348.81458600000315,348.81458600000315,348.81458600000315,348.81458600000315,223.0,0.0002758456848840466,0.0,350,350,350,350,350,350,350,350,350,350,350
GET,/api/cart/update/anonymous-211/SHCE/2,1,0,40.42884300008609,40.42884300008609,40.42884300008609,40.42884300008609,125.0,0.0002758456848840466,0.0,40,40,40,40,40,40,40,40,40,40,40
GET,/api/cart/update/anonymous-212/STAN-1/2,1,0,133.02384700006087,133.02384700006087,133.02384700006087,133.02384700006087,182.0,0.0002758456848840466,0.0,130,130,130,130,130,130,130,130,130,130,130
GET,/api/cart/update/anonymous-212/UHJ/2,1,0,102.18004700004713,102.18004700004713,102.18004700004713,102.18004700004713,226.0,0.0002758456848840466,0.0,100,100,100,100,100,100,100,100,100,100,100
GET,/api/cart/update/anonymous-213/HPTD/2,1,0,125.38924799991946,125.38924799991946,125.38924799991946,125.38924799991946,226.0,0.0002758456848840466,0.0,130,130,130,130,130,130,130,130,130,130,130
GET,/api/cart/update/anonymous-213/Watson/2,1,0,502.87794200005465,502.87794200005465,502.87794200005465,502.87794200005465,104.0,0.0002758456848840466,0.0,500,500,500,500,500,500,500,500,500,500,500
GET,/api/cart/update/anonymous-214/RMC/2,1,0,132.49930000006316,132.49930000006316,132.49930000006316,132.49930000006316,208.0,0.0002758456848840466,0.0,130,130,130,130,130,130,130,130,130,130,130
GET,/api/cart/update/anonymous-214/SHCE/2,1,0,159.64236299998902,159.64236299998902,159.64236299998902,159.64236299998902,225.0,0.0002758456848840466,0.0,160,160,160,160,160,160,160,160,160,160,160
GET,/api/cart/update/anonymous-215/EMM/2,1,0,29.75236199995379,29.75236199995379,29.75236199995379,29.75236199995379,222.0,0.0002758456848840466,0.0,30,30,30,30,30,30,30,30,30,30,30
GET,/api/cart/update/anonymous-215/RED/2,1,0,40.289828999902966,40.289828999902966,40.289828999902966,40.289828999902966,134.0,0.0002758456848840466,0.0,40,40,40,40,40,40,40,40,40,40,40
GET,/api/cart/update/anonymous-216/EMM/2,1,0,158.89263500002926,158.89263500002926,158.89263500002926,158.89263500002926,217.0,0.0002758456848840466,0.0,160,160,160,160,160,160,160,160,160,160,160
GET,/api/cart/update/anonymous-216/RED/2,1,0,72.48347100005503,72.48347100005503,72.48347100005503,72.48347100005503,221.0,0.0002758456848840466,0.0,72,72,72,72,72,72,72,72,72,72,72
GET,/api/cart/update/anonymous-217/SHCE/2,2,0,44.344372999944426,105.4401894999728,44.344372999944426,166.53600600000118,214.5,0.0005516913697680932,0.0,170,170,170,170,170,170,170,170,170,170,170
GET,/api/cart/update/anonymous-218/RED/2,1,0,341.11071100005574,341.11071100005574,341.11071100005574,341.11071100005574,212.0,0.0002758456848840466,0.0,340,340,340,340,340,340,340,340,340,340,340
GET,/api/cart/update/anonymous-218/UHJ/2,1,0,56.16359200007537,56.16359200007537,56.16359200007537,56.16359200007537,230.0,0.0002758456848840466,0.0,56,56,56,56,56,56,56,56,56,56,56
GET,/api/cart/update/anonymous-219/STAN-1/2,2,0,87,87.20539300003338,86.97360400003618,87.43718200003059,191.0,0.0005516913697680932,0.0,87,87,87,87,87,87,87,87,87,87,87
GET,/api/cart/update/anonymous-22/HPTD/2,1,0,42.066031999979714,42.066031999979714,42.066031999979714,42.066031999979714,223.0,0.0002758456848840466,0.0,42,42,42,42,42,42,42,42,42,42,42
GET,/api/cart/update/anonymous-22/Watson/2,1,0,45.80924499998673,45.80924499998673,45.80924499998673,45.80924499998673,209.0,0.0002758456848840466,0.0,46,46,46,46,46,46,46,46,46,46,46
GET,/api/cart/update/anonymous-220/HPTD/2,1,0,77.13141900001119,77.13141900001119,77.13141900001119,77.13141900001119,193.0,0.0002758456848840466,0.0,77,77,77,77,77,77,77,77,77,77,77
GET,/api/cart/update/anonymous-220/UHJ/2,1,0,59.372519000021384,59.372519000021384,59.372519000021384,59.372519000021384,230.0,0.0002758456848840466,0.0,59,59,59,59,59,59,59,59,59,59,59
GET,/api/cart/update/anonymous-221/EMM/2,1,0,88.74082500005898,88.74082500005898,88.74082500005898,88.74082500005898,229.0,0.0002758456848840466,0.0,89,89,89,89,89,89,89,89,89,89,89
GET,/api/cart/update/anonymous-221/EPE/2,1,0,269.11526400010644,269.11526400010644,269.11526400010644,269.11526400010644,219.0,0.0002758456848840466,0.0,270,270,270,270,270,270,270,270,270,270,270
GET,/api/cart/update/anonymous-222/EMM/2,2,0,49.36854000004587,104.12753750006232,49.36854000004587,158.88653500007877,196.5,0.0005516913697680932,0.0,160,160,160,160,160,160,160,160,160,160,160
GET,/api/cart/update/anonymous-223/SHCE/2,1,0,97.7801899999804,97.7801899999804,97.7801899999804,97.7801899999804,198.0,0.0002758456848840466,0.0,98,98,98,98,98,98,98,98,98,98,98
GET,/api/cart/update/anonymous-223/Watson/2,1,0,67.37567400000444,67.37567400000444,67.37567400000444,67.37567400000444,206.0,0.0002758456848840466,0.0,67,67,67,67,67,67,67,67,67,67,67
GET,/api/cart/update/anonymous-224/SHCE/2,1,0,75.48236000002362,75.48236000002362,75.48236000002362,75.48236000002362,228.0,0.0002758456848840466,0.0,75,75,75,75,75,75,75,75,75,75,75
GET,/api/cart/update/anonymous-224/STAN-1/2,1,0,299.9149370000396,299.9149370000396,299.9149370000396,299.9149370000396,195.0,0.0002758456848840466,0.0,300,300,300,300,300,300,300,300,300,300,300
GET,/api/cart/update/anonymous-225/EMM/2,1,0,51.29240799999479,51.29240799999479,51.29240799999479,51.29240799999479,137.0,0.0002758456848840466,0.0,51,51,51,51,51,51,51,51,51,51,51
GET,/api/cart/update/anonymous-225/RED/2,1,0,148.32786100009798,148.32786100009798,148.32786100009798,148.32786100009798,185.0,0.0002758456848840466,0.0,150,150,150,150,150,150,150,150,150,150,150
GET,/api/cart/update/anonymous-226/EPE/2,1,0,356.39520600000196,356.39520600000196,356.39520600000196,356.39520600000196,219.0,0.0002758456848840466,0.0,360,360,360,360,360,360,360,360,360,360,360
GET,/api/cart/update/anonymous-226/HPTD/2,1,0,150.0742899999068,150.0742899999068,150.0742899999068,150.0742899999068,223.0,0.0002758456848840466,0.0,150,150,150,150,150,150,150,150,150,150,150
GET,/api/cart/update/anonymous-227/EMM/2,1,0,41.27735399993071,41.27735399993071,41.27735399993071,41.27735399993071,217.0,0.0002758456848840466,0.0,41,41,41,41,41,41,41,41,41,41,41
GET,/api/cart/update/anonymous-227/STAN-1/2,1,0,29.143721000082223,29.143721000082223,29.143721000082223,29.143721000082223,112.0,0.0002758456848840466,0.0,29,29,29,29,29,29,29,29,29,29,29
GET,/api/cart/update/anonymous-228/STAN-1/2,1,0,431.9845240000859,431.9845240000859,431.9845240000859,431.9845240000859,191.0,0.0002758456848840466,0.0,430,430,430,430,430,430,430,430,430,430,430
GET,/api/cart/update/anonymous-228/UHJ/2,1,0,154.48457900004087,154.48457900004087,154.48457900004087,154.48457900004087,226.0,0.0002758456848840466,0.0,150,150,150,150,150,150,150,150,150,150,150
GET,/api/cart/update/anonymous-229/EMM/2,1,0,98.11385900002279,98.11385900002279,98.11385900002279,98.11385900002279,217.0,0.0002758456848840466,0.0,98,98,98,98,98,98,98,98,98,98,98
GET,/api/cart/update/anonymous-229/STAN-1/2,1,0,104.38868899996123,104.38868899996123,104.38868899996123,104.38868899996123,201.0,0.0002758456848840466,0.0,100,100,100,100,100,100,100,100,100,100,100
GET,/api/cart/update/anonymous-23/HPTD/2,1,0,36.88821700001199,36.88821700001199,36.88821700001199,36.88821700001199,193.0,0.0002758456848840466,0.0,37,37,37,37,37,37,37,37,37,37,37
GET,/api/cart/update/anonymous-23/UHJ/2,2,0,72.16562700000395,25419.079906500087,72.16562700000395,50765.99418600017,218.5,0.0005516913697680932,0.0,51000,51000,51000,51000,51000,51000,51000,51000,51000,51000,51000
GET,/api/cart/update/anonymous-23/Watson/2,1,0,75742.0983269999,75742.0983269999,75742.0983269999,75742.0983269999,104.0,0.0002758456848840466,0.0,76000,76000,76000,76000,76000,76000,76000,76000,76000,76000,76000
GET,/api/cart/update/anonymous-230/RED/2,1,0,1326.355852000006,1326.355852000006,1326.355852000006,1326.355852000006,212.0,0.0002758456848840466,0.0,1300,1300,1300,1300,1300,1300,1300,1300,1300,1300,1300
GET,/api/cart/update/anonymous-230/RMC/2,1,0,90.68959599994741,90.68959599994741,90.68959599994741,90.68959599994741,216.0,0.0002758456848840466,0.0,91,91,91,91,91,91,91,91,91,91,91
GET,/api/cart/update/anonymous-231/HPTD/2,1,0,38.60016099997665,38.60016099997665,38.60016099997665,38.60016099997665,193.0,0.0002758456848840466,0.0,39,39,39,39,39,39,39,39,39,39,39
GET,/api/cart/update/anonymous-231/STAN-1/2,1,0,65.80817700000807,65.80817700000807,65.80817700000807,65.80817700000807,195.0,0.0002758456848840466,0.0,66,66,66,66,66,66,66,66,66,66,66
GET,/api/cart/update/anonymous-232/HPTD/2,1,0,229.22983299997668,229.22983299997668,229.22983299997668,229.22983299997668,219.0,0.0002758456848840466,0.0,230,230,230,230,230,230,230,230,230,230,230
GET,/api/cart/update/anonymous-232/RED/2,1,0,63.801948999980596,63.801948999980596,63.801948999980596,63.801948999980596,221.0,0.0002758456848840466,0.0,64,64,64,64,64,64,64,64,64,64,64
GET,/api/cart/update/anonymous-233/EPE/2,1,0,34.054677999961314,34.054677999961314,34.054677999961314,34.054677999961314,222.0,0.0002758456848840466,0.0,34,34,34,34,34,34,34,34,34,34,34
GET,/api/cart/update/anonymous-233/RED/2,1,0,276.9291609999982,276.9291609999982,276.9291609999982,276.9291609999982,214.0,0.0002758456848840466,0.0,280,280,280,280,280,280,280,280,280,280,280
GET,/api/cart/update/anonymous-234/STAN-1/2,1,0,215.36865099994884,215.36865099994884,215.36865099994884,215.36865099994884,187.0,0.0002758456848840466,0.0,220,220,220,220,220,220,220,220,220,220,220
GET,/api/cart/update/anonymous-234/UHJ/2,1,0,230.43932200005202,230.43932200005202,230.43932200005202,230.43932200005202,141.0,0.0002758456848840466,0.0,230,230,230,230,230,230,230,230,230,230,230
GET,/api/cart/update/anonymous-235/EMM/2,1,0,273.63144399998873,273.63144399998873,273.63144399998873,273.63144399998873,206.0,0.0002758456848840466,0.0,270,270,270,270,270,270,270,270,270,270,270
GET,/api/cart/update/anonymous-235/UHJ/2,1,0,399.04271500006416,399.04271500006416,399.04271500006416,399.04271500006416,211.0,0.0002758456848840466,0.0,400,400,400,400,400,400,400,400,400,400,400
GET,/api/cart/update/anonymous-236/EMM/2,1,0,421.2217269999883,421.2217269999883,421.2217269999883,421.2217269999883,215.0,0.0002758456848840466,0.0,420,420,420,420,420,420,420,420,420,420,420
GET,/api/cart/update/anonymous-236/SHCE/2,1,0,92.15574899997137,92.15574899997137,92.15574899997137,92.15574899997137,198.0,0.0002758456848840466,0.0,92,92,92,92,92,92,92,92,92,92,92
GET,/api/cart/update/anonymous-237/RMC/2,2,0,200.5702269999574,230.99417049996873,200.5702269999574,261.41811399998005,200.0,0.0005516913697680932,0.0,260,260,260,260,260,260,260,260,260,260,260
GET,/api/cart/update/anonymous-238/HPTD/2,1,0,400.11685100000705,400.11685100000705,400.11685100000705,400.11685100000705,219.0,0.0002758456848840466,0.0,400,400,400,400,400,400,400,400,400,400,400
GET,/api/cart/update/anonymous-238/UHJ/2,1,0,68.25690600010148,68.25690600010148,68.25690600010148,68.25690600010148,228.0,0.0002758456848840466,0.0,68,68,68,68,68,68,68,68,68,68,68
GET,/api/cart/update/anonymous-239/RMC/2,1,0,55.21974600003432,55.21974600003432,55.21974600003432,55.21974600003432,210.0,0.0002758456848840466,0.0,55,55,55,55,55,55,55,55,55,55,55
GET,/api/cart/update/anonymous-239/STAN-1/2,1,0,432.0076239999935,432.0076239999935,432.0076239999935,432.0076239999935,112.0,0.0002758456848840466,0.0,430,430,430,430,430,430,430,430,430,430,430
GET,/api/cart/update/anonymous-24/EPE/2,1,0,43.04413500000237,43.04413500000237,43.04413500000237,43.04413500000237,219.0,0.0002758456848840466,0.0,43,43,43,43,43,43,43,43,43,43,43
GET,/api/cart/update/anonymous-24/SHCE/2,1,0,21.028365999995913,21.028365999995913,21.028365999995913,21.028365999995913,125.0,0.0002758456848840466,0.0,21,21,21,21,21,21,21,21,21,21,21
GET,/api/cart/update/anonymous-24/STAN-1/2,1,0,29273.89818699976,29273.89818699976,29273.89818699976,29273.89818699976,112.0,0.0002758456848840466,0.0,29000,29000,29000,29000,29000,29000,29000,29000,29000,29000,29000
GET,/api/cart/update/anonymous-240/SHCE/2,1,0,41.04204700001901,41.04204700001901,41.04204700001901,41.04204700001901,222.0,0.0002758456848840466,0.0,41,41,41,41,41,41,41,41,41,41,41
GET,/api/cart/update/anonymous-240/Watson/2,1,0,383.93237599996155,383.93237599996155,383.93237599996155,383.93237599996155,206.0,0.0002758456848840466,0.0,380,380,380,380,380,380,380,380,380,380,380
GET,/api/cart/update/anonymous-241/EMM/2,1,0,17.32150999998794,17.32150999998794,17.32150999998794,17.32150999998794,229.0,0.0002758456848840466,0.0,17,17,17,17,17,17,17,17,17,17,17
GET,/api/cart/update/anonymous-241/Watson/2,1,0,484.3525449999788,484.3525449999788,484.3525449999788,484.3525449999788,202.0,0.0002758456848840466,0.0,480,480,480,480,480,480,480,480,480,480,480
GET,/api/cart/update/anonymous-242/RMC/2,1,0,121.36226999996325,121.36226999996325,121.36226999996325,121.36226999996325,190.0,0.0002758456848840466,0.0,120,120,120,120,120,120,120,120,120,120,120
GET,/api/cart/update/anonymous-242/SHCE/2,1,0,9.775841999953627,9.775841999953627,9.775841999953627,9.775841999953627,230.0,0.0002758456848840466,0.0,10,10,10,10,10,10,10,10,10,10,10
GET,/api/cart/update/anonymous-243/RED/2,1,0,41.19047299991507,41.19047299991507,41.19047299991507,41.19047299991507,214.0,0.0002758456848840466,0.0,41,41,41,41,41,41,41,41,41,41,41
GET,/api/cart/update/anonymous-243/RMC/2,1,0,20.75732200000857,20.75732200000857,20.75732200000857,20.75732200000857,199.0,0.0002758456848840466,0.0,21,21,21,21,21,21,21,21,21,21,21
GET,/api/cart/update/anonymous-244/HPTD/2,1,0,38.55048499997338,38.55048499997338,38.55048499997338,38.55048499997338,193.0,0.0002758456848840466,0.0,39,39,39,39,39,39,39,39,39,39,39
GET,/api/cart/update/anonymous-244/RED/2,1,0,13.704777000043578,13.704777000043578,13.704777000043578,13.704777000043578,214.0,0.0002758456848840466,0.0,14,14,14,14,14,14,14,14,14,14,14
GET,/api/cart/update/anonymous-245/RED/2,1,0,127.60056700005862,127.60056700005862,127.60056700005862,127.60056700005862,202.0,0.0002758456848840466,0.0,130,130,130,130,130,130,130,130,130,130,130
GET,/api/cart/update/anonymous-245/Watson/2,1,0,8.678701000008004,8.678701000008004,8.678701000008004,8.678701000008004,182.0,0.0002758456848840466,0.0,9,9,9,9,9,9,9,9,9,9,9
GET,/api/cart/update/anonymous-246/HPTD/2,1,0,201.05184300007295,201.05184300007295,201.05184300007295,201.05184300007295,223.0,0.0002758456848840466,0.0,200,200,200,200,200,200,200,200,200,200,200
GET,/api/cart/update/anonymous-246/RMC/2,1,0,30.086140999969757,30.086140999969757,30.086140999969757,30.086140999969757,210.0,0.0002758456848840466,0.0,30,30,30,30,30,30,30,30,30,30,30
GET,/api/cart/update/anonymous-247/EMM/2,1,0,64.80557299994416,64.80557299994416,64.80557299994416,64.80557299994416,137.0,0.0002758456848840466,0.0,65,65,65,65,65,65,65,65,65,65,65
GET,/api/cart/update/anonymous-247/EPE/2,1,0,1949.7365380000247,1949.7365380000247,1949.7365380000247,1949.7365380000247,219.0,0.0002758456848840466,0.0,1900,1900,1900,1900,1900,1900,1900,1900,1900,1900,1900
GET,/api/cart/update/anonymous-248/RED/2,1,0,29.71299099999669,29.71299099999669,29.71299099999669,29.71299099999669,207.0,0.0002758456848840466,0.0,30,30,30,30,30,30,30,30,30,30,30
GET,/api/cart/update/anonymous-248/UHJ/2,1,0,39.138145000038094,39.138145000038094,39.138145000038094,39.138145000038094,228.0,0.0002758456848840466,0.0,39,39,39,39,39,39,39,39,39,39,39
GET,/api/cart/update/anonymous-249/EPE/2,1,0,236.90674499994202,236.90674499994202,236.90674499994202,236.90674499994202,200.0,0.0002758456848840466,0.0,240,240,240,240,240,240,240,240,240,240,240
GET,/api/cart/update/anonymous-249/UHJ/2,1,0,193.33178399995177,193.33178399995177,193.33178399995177,193.33178399995177,230.0,0.0002758456848840466,0.0,190,190,190,190,190,190,190,190,190,190,190
GET,/api/cart/update/anonymous-25/EMM/2,1,0,39.72482500000751,39.72482500000751,39.72482500000751,39.72482500000751,227.0,0.0002758456848840466,0.0,40,40,40,40,40,40,40,40,40,40,40
GET,/api/cart/update/anonymous-25/EPE/2,1,0,32.80460299998822,32.80460299998822,32.80460299998822,32.80460299998822,208.0,0.0002758456848840466,0.0,33,33,33,33,33,33,33,33,33,33,33
GET,/api/cart/update/anonymous-25/SHCE/2,1,0,75762.31189100008,75762.31189100008,75762.31189100008,75762.31189100008,198.0,0.0002758456848840466,0.0,76000,76000,76000,76000,76000,76000,76000,76000,76000,76000,76000
GET,/api/cart/update/anonymous-25/UHJ/2,1,0,40844.31110099968,40844.31110099968,40844.31110099968,40844.31110099968,211.0,0.0002758456848840466,0.0,41000,41000,41000,41000,41000,41000,41000,41000,41000,41000,41000
GET,/api/cart/update/anonymous-250/RMC/2,1,0,51.5248279999696,51.5248279999696,51.5248279999696,51.5248279999696,184.0,0.0002758456848840466,0.0,52,52,52,52,52,52,52,52,52,52,52
GET,/api/cart/update/anonymous-250/Watson/2,1,0,94.86596199997166,94.86596199997166,94.86596199997166,94.86596199997166,182.0,0.0002758456848840466,0.0,95,95,95,95,95,95,95,95,95,95,95
GET,/api/cart/update/anonymous-251/HPTD/2,1,0,50.52259500007494,50.52259500007494,50.52259500007494,50.52259500007494,213.0,0.0002758456848840466,0.0,51,51,51,51,51,51,51,51,51,51,51
GET,/api/cart/update/anonymous-251/RED/2,1,0,202.4809819999973,202.4809819999973,202.4809819999973,202.4809819999973,212.0,0.0002758456848840466,0.0,200,200,200,200,200,200,200,200,200,200,200
GET,/api/cart/update/anonymous-252/EPE/2,1,0,54.440726000052564,54.440726000052564,54.440726000052564,54.440726000052564,208.0,0.0002758456848840466,0.0,54,54,54,54,54,54,54,54,54,54,54
GET,/api/cart/update/anonymous-252/Watson/2,1,0,185.2106129999811,185.2106129999811,185.2106129999811,185.2106129999811,182.0,0.0002758456848840466,0.0,190,190,190,190,190,190,190,190,190,190,190
GET,/api/cart/update/anonymous-253/EPE/2,1,0,132.28841000000102,132.28841000000102,132.28841000000102,132.28841000000102,222.0,0.0002758456848840466,0.0,130,130,130,130,130,130,130,130,130,130,130
GET,/api/cart/update/anonymous-253/UHJ/2,1,0,311.97189900001376,311.97189900001376,311.97189900001376,311.97189900001376,219.0,0.0002758456848840466,0.0,310,310,310,310,310,310,310,310,310,310,310
GET,/api/cart/update/anonymous-254/RED/2,1,0,101.97169899993241,101.97169899993241,101.97169899993241,101.97169899993241,134.0,0.0002758456848840466,0.0,100,100,100,100,100,100,100,100,100,100,100
GET,/api/cart/update/anonymous-254/SHCE/2,1,0,192.84916499998417,192.84916499998417,192.84916499998417,192.84916499998417,225.0,0.0002758456848840466,0.0,190,190,190,190,190,190,190,190,190,190,190
GET,/api/cart/update/anonymous-255/EPE/2,1,0,203.46338199999536,203.46338199999536,203.46338199999536,203.46338199999536,130.0,0.0002758456848840466,0.0,200,200,200,200,200,200,200,200,200,200,200
GET,/api/cart/update/anonymous-255/STAN-1/2,1,0,204.7414569999546,204.7414569999546,204.7414569999546,204.7414569999546,204.0,0.0002758456848840466,0.0,200,200,200,200,200,200,200,200,200,200,200
GET,/api/cart/update/anonymous-256/RED/2,1,0,111.00280000005114,111.00280000005114,111.00280000005114,111.00280000005114,214.0,0.0002758456848840466,0.0,110,110,110,110,110,110,110,110,110,110,110
GET,/api/cart/update/anonymous-256/RMC/2,1,0,39.92321499993068,39.92321499993068,39.92321499993068,39.92321499993068,184.0,0.0002758456848840466,0.0,40,40,40,40,40,40,40,40,40,40,40
GET,/api/cart/update/anonymous-257/STAN-1/2,1,0,12404.818510000041,12404.818510000041,12404.818510000041,12404.818510000041,184.0,0.0002758456848840466,0.0,12000,12000,12000,12000,12000,12000,12000,12000,12000,12000,12000
GET,/api/cart/update/anonymous-257/Watson/2,1,0,34.02762700000039,34.02762700000039,34.02762700000039,34.02762700000039,182.0,0.0002758456848840466,0.0,34,34,34,34,34,34,34,34,34,34,34
GET,/api/cart/update/anonymous-258/EMM/2,1,0,34875.73024400001,34875.73024400001,34875.73024400001,34875.73024400001,222.0,0.0002758456848840466,0.0,35000,35000,35000,35000,35000,35000,35000,35000,35000,35000,35000
GET,/api/cart/update/anonymous-258/RED/2,1,0,111.02360099994257,111.02360099994257,111.02360099994257,111.02360099994257,185.0,0.0002758456848840466,0.0,110,110,110,110,110,110,110,110,110,110,110
GET,/api/cart/update/anonymous-259/RED/2,1,0,172.73138799998833,172.73138799998833,172.73138799998833,172.73138799998833,202.0,0.0002758456848840466,0.0,170,170,170,170,170,170,170,170,170,170,170
GET,/api/cart/update/anonymous-259/UHJ/2,1,0,1156.3928619999615,1156.3928619999615,1156.3928619999615,1156.3928619999615,228.0,0.0002758456848840466,0.0,1200,1200,1200,1200,1200,1200,1200,1200,1200,1200,1200
GET,/api/cart/update/anonymous-26/EPE/2,1,0,7.637024000018755,7.637024000018755,7.637024000018755,7.637024000018755,208.0,0.0002758456848840466,0.0,8,8,8,8,8,8,8,8,8,8,8
GET,/api/cart/update/anonymous-26/RED/2,1,0,9.803830000009839,9.803830000009839,9.803830000009839,9.803830000009839,214.0,0.0002758456848840466,0.0,10,10,10,10,10,10,10,10,10,10,10
GET,/api/cart/update/anonymous-260/RED/2,1,0,202.48516599997401,202.48516599997401,202.48516599997401,202.48516599997401,221.0,0.0002758456848840466,0.0,200,200,200,200,200,200,200,200,200,200,200
GET,/api/cart/update/anonymous-260/RMC/2,1,0,34865.158176000026,34865.158176000026,34865.158176000026,34865.158176000026,109.0,0.0002758456848840466,0.0,35000,35000,35000,35000,35000,35000,35000,35000,35000,35000,35000
GET,/api/cart/update/anonymous-261/EMM/2,1,0,45.17528799999582,45.17528799999582,45.17528799999582,45.17528799999582,222.0,0.0002758456848840466,0.0,45,45,45,45,45,45,45,45,45,45,45
GET,/api/cart/update/anonymous-261/STAN-1/2,1,0,34877.37429799995,34877.37429799995,34877.37429799995,34877.37429799995,187.0,0.0002758456848840466,0.0,35000,35000,35000,35000,35000,35000,35000,35000,35000,35000,35000
GET,/api/cart/update/anonymous-262/RMC/2,1,0,171.12863399995604,171.12863399995604,171.12863399995604,171.12863399995604,190.0,0.0002758456848840466,0.0,170,170,170,170,170,170,170,170,170,170,170
GET,/api/cart/update/anonymous-262/Watson/2,1,0,1156.0759530000269,1156.0759530000269,1156.0759530000269,1156.0759530000269,198.0,0.0002758456848840466,0.0,1200,1200,1200,1200,1200,1200,1200,1200,1200,1200,1200
GET,/api/cart/update/anonymous-263/RMC/2,1,0,40.802643000006356,40.802643000006356,40.802643000006356,40.802643000006356,202.0,0.0002758456848840466,0.0,41,41,41,41,41,41,41,41,41,41,41
GET,/api/cart/update/anonymous-263/SHCE/2,1,0,6505.664578000051,6505.664578000051,6505.664578000051,6505.664578000051,204.0,0.0002758456848840466,0.0,6500,6500,6500,6500,6500,6500,6500,6500,6500,6500,6500
GET,/api/cart/update/anonymous-264/HPTD/2,1,0,34868.417872000005,34868.417872000005,34868.417872000005,34868.417872000005,223.0,0.0002758456848840466,0.0,35000,35000,35000,35000,35000,35000,35000,35000,35000,35000,35000
GET,/api/cart/update/anonymous-264/UHJ/2,1,0,78.06387099992662,78.06387099992662,78.06387099992662,78.06387099992662,230.0,0.0002758456848840466,0.0,78,78,78,78,78,78,78,78,78,78,78
GET,/api/cart/update/anonymous-265/EPE/2,1,0,18.21629899995969,18.21629899995969,18.21629899995969,18.21629899995969,200.0,0.0002758456848840466,0.0,18,18,18,18,18,18,18,18,18,18,18
GET,/api/cart/update/anonymous-265/Watson/2,1,0,6505.080958999997,6505.080958999997,6505.080958999997,6505.080958999997,182.0,0.0002758456848840466,0.0,6500,6500,6500,6500,6500,6500,6500,6500,6500,6500,6500
GET,/api/cart/update/anonymous-266/EPE/2,1,0,1165.3456450000022,1165.3456450000022,1165.3456450000022,1165.3456450000022,219.0,0.0002758456848840466,0.0,1200,1200,1200,1200,1200,1200,1200,1200,1200,1200,1200
GET,/api/cart/update/anonymous-266/Watson/2,1,0,6504.21272899996,6504.21272899996,6504.21272899996,6504.21272899996,198.0,0.0002758456848840466,0.0,6500,6500,6500,6500,6500,6500,6500,6500,6500,6500,6500
GET,/api/cart/update/anonymous-267/STAN-1/2,1,0,1384.9484829999028,1384.9484829999028,1384.9484829999028,1384.9484829999028,204.0,0.0002758456848840466,0.0,1400,1400,1400,1400,1400,1400,1400,1400,1400,1400,1400
GET,/api/cart/update/anonymous-267/UHJ/2,1,0,58.01640999993651,58.01640999993651,58.01640999993651,58.01640999993651,141.0,0.0002758456848840466,0.0,58,58,58,58,58,58,58,58,58,58,58
GET,/api/cart/update/anonymous-268/HPTD/2,1,0,43513.99419000006,43513.99419000006,43513.99419000006,43513.99419000006,193.0,0.0002758456848840466,0.0,44000,44000,44000,44000,44000,44000,44000,44000,44000,44000,44000
GET,/api/cart/update/anonymous-268/UHJ/2,1,0,34869.19658600004,34869.19658600004,34869.19658600004,34869.19658600004,206.0,0.0002758456848840466,0.0,35000,35000,35000,35000,35000,35000,35000,35000,35000,35000,35000
GET,/api/cart/update/anonymous-269/EPE/2,1,0,994.6287689999735,994.6287689999735,994.6287689999735,994.6287689999735,215.0,0.0002758456848840466,0.0,990,990,990,990,990,990,990,990,990,990,990
GET,/api/cart/update/anonymous-269/SHCE/2,1,0,63715.0544970001,63715.0544970001,63715.0544970001,63715.0544970001,228.0,0.0002758456848840466,0.0,64000,64000,64000,64000,64000,64000,64000,64000,64000,64000,64000
GET,/api/cart/update/anonymous-27/EPE/2,1,0,18.359658000008494,18.359658000008494,18.359658000008494,18.359658000008494,222.0,0.0002758456848840466,0.0,18,18,18,18,18,18,18,18,18,18,18
GET,/api/cart/update/anonymous-27/STAN-1/2,1,0,9.006729000020641,9.006729000020641,9.006729000020641,9.006729000020641,204.0,0.0002758456848840466,0.0,9,9,9,9,9,9,9,9,9,9,9
GET,/api/cart/update/anonymous-270/EMM/2,1,0,12194.088344999955,12194.088344999955,12194.088344999955,12194.088344999955,229.0,0.0002758456848840466,0.0,12000,12000,12000,12000,12000,12000,12000,12000,12000,12000,12000
GET,/api/cart/update/anonymous-270/STAN-1/2,1,0,57.86150500000531,57.86150500000531,57.86150500000531,57.86150500000531,184.0,0.0002758456848840466,0.0,58,58,58,58,58,58,58,58,58,58,58
GET,/api/cart/update/anonymous-271/EMM/2,1,0,40109.857188999966,40109.857188999966,40109.857188999966,40109.857188999966,206.0,0.0002758456848840466,0.0,40000,40000,40000,40000,40000,40000,40000,40000,40000,40000,40000
GET,/api/cart/update/anonymous-271/RED/2,1,0,63755.31261699996,63755.31261699996,63755.31261699996,63755.31261699996,134.0,0.0002758456848840466,0.0,64000,64000,64000,64000,64000,64000,64000,64000,64000,64000,64000
GET,/api/cart/update/anonymous-272/EMM/2,1,0,11198.074100999975,11198.074100999975,11198.074100999975,11198.074100999975,188.0,0.0002758456848840466,0.0,11000,11000,11000,11000,11000,11000,11000,11000,11000,11000,11000
GET,/api/cart/update/anonymous-272/STAN-1/2,1,0,29666.327376000027,29666.327376000027,29666.327376000027,29666.327376000027,201.0,0.0002758456848840466,0.0,30000,30000,30000,30000,30000,30000,30000,30000,30000,30000,30000
GET,/api/cart/update/anonymous-273/Watson/2,2,0,11244.697530999929,16664.315822499986,11244.697530999929,22083.934114000043,182.0,0.0005516913697680932,0.0,22000,22000,22000,22000,22000,22000,22000,22000,22000,22000,22000
GET,/api/cart/update/anonymous-274/HPTD/2,1,0,27704.105046999983,27704.105046999983,27704.105046999983,27704.105046999983,199.0,0.0002758456848840466,0.0,28000,28000,28000,28000,28000,28000,28000,28000,28000,28000,28000
GET,/api/cart/update/anonymous-274/SHCE/2,1,0,11236.652886000002,11236.652886000002,11236.652886000002,11236.652886000002,125.0,0.0002758456848840466,0.0,11000,11000,11000,11000,11000,11000,11000,11000,11000,11000,11000
GET,/api/cart/update/anonymous-275/SHCE/2,2,0,1434.2192709999608,14578.737981499957,1434.2192709999608,27723.25669199995,214.0,0.0005516913697680932,0.0,28000,28000,28000,28000,28000,28000,28000,28000,28000,28000,28000
GET,/api/cart/update/anonymous-276/RED/2,1,0,20332.014595000033,20332.014595000033,20332.014595000033,20332.014595000033,226.0,0.0002758456848840466,0.0,20000,20000,20000,20000,20000,20000,20000,20000,20000,20000,20000
GET,/api/cart/update/anonymous-276/SHCE/2,1,0,26972.135722999952,26972.135722999952,26972.135722999952,26972.135722999952,213.0,0.0002758456848840466,0.0,27000,27000,27000,27000,27000,27000,27000,27000,27000,27000,27000
GET,/api/cart/update/anonymous-277/RED/2,1,0,11237.129706000018,11237.129706000018,11237.129706000018,11237.129706000018,226.0,0.0002758456848840466,0.0,11000,11000,11000,11000,11000,11000,11000,11000,11000,11000,11000
GET,/api/cart/update/anonymous-277/UHJ/2,1,0,11456.976854999994,11456.976854999994,11456.976854999994,11456.976854999994,228.0,0.0002758456848840466,0.0,11000,11000,11000,11000,11000,11000,11000,11000,11000,11000,11000
GET,/api/cart/update/anonymous-278/RMC/2,1,0,27047.929502999978,27047.929502999978,27047.929502999978,27047.929502999978,202.0,0.0002758456848840466,0.0,27000,27000,27000,27000,27000,27000,27000,27000,27000,27000,27000
GET,/api/cart/update/anonymous-278/Watson/2,1,0,40171.28435199993,40171.28435199993,40171.28435199993,40171.28435199993,198.0,0.0002758456848840466,0.0,40000,40000,40000,40000,40000,40000,40000,40000,40000,40000,40000
GET,/api/cart/update/anonymous-279/EPE/2,1,0,11464.385427000025,11464.385427000025,11464.385427000025,11464.385427000025,208.0,0.0002758456848840466,0.0,11000,11000,11000,11000,11000,11000,11000,11000,11000,11000,11000
GET,/api/cart/update/anonymous-279/HPTD/2,1,0,40132.44833700003,40132.44833700003,40132.44833700003,40132.44833700003,213.0,0.0002758456848840466,0.0,40000,40000,40000,40000,40000,40000,40000,40000,40000,40000,40000
GET,/api/cart/update/anonymous-28/RED/2,1,0,12.49264000000494,12.49264000000494,12.49264000000494,12.49264000000494,226.0,0.0002758456848840466,0.0,12,12,12,12,12,12,12,12,12,12,12
GET,/api/cart/update/anonymous-28/STAN-1/2,1,0,40992.03516100033,40992.03516100033,40992.03516100033,40992.03516100033,112.0,0.0002758456848840466,0.0,41000,41000,41000,41000,41000,41000,41000,41000,41000,41000,41000
GET,/api/cart/update/anonymous-28/Watson/2,1,0,9.581930000024386,9.581930000024386,9.581930000024386,9.581930000024386,196.0,0.0002758456848840466,0.0,10,10,10,10,10,10,10,10,10,10,10
GET,/api/cart/update/anonymous-280/EMM/2,1,0,20731.358741000007,20731.358741000007,20731.358741000007,20731.358741000007,222.0,0.0002758456848840466,0.0,21000,21000,21000,21000,21000,21000,21000,21000,21000,21000,21000
GET,/api/cart/update/anonymous-280/RED/2,1,0,20275.238171999947,20275.238171999947,20275.238171999947,20275.238171999947,214.0,0.0002758456848840466,0.0,20000,20000,20000,20000,20000,20000,20000,20000,20000,20000,20000
GET,/api/cart/update/anonymous-281/RMC/2,1,0,1377.2375429999784,1377.2375429999784,1377.2375429999784,1377.2375429999784,190.0,0.0002758456848840466,0.0,1400,1400,1400,1400,1400,1400,1400,1400,1400,1400,1400
GET,/api/cart/update/anonymous-281/UHJ/2,1,0,27567.26224900001,27567.26224900001,27567.26224900001,27567.26224900001,211.0,0.0002758456848840466,0.0,28000,28000,28000,28000,28000,28000,28000,28000,28000,28000,28000
GET,/api/cart/update/anonymous-282/EPE/2,1,0,20351.5578329999,20351.5578329999,20351.5578329999,20351.5578329999,208.0,0.0002758456848840466,0.0,20000,20000,20000,20000,20000,20000,20000,20000,20000,20000,20000
GET,/api/cart/update/anonymous-282/Watson/2,1,0,27049.26449200002,27049.26449200002,27049.26449200002,27049.26449200002,209.0,0.0002758456848840466,0.0,27000,27000,27000,27000,27000,27000,27000,27000,27000,27000,27000
GET,/api/cart/update/anonymous-283/RED/2,1,0,40173.237406999986,40173.237406999986,40173.237406999986,40173.237406999986,226.0,0.0002758456848840466,0.0,40000,40000,40000,40000,40000,40000,40000,40000,40000,40000,40000
GET,/api/cart/update/anonymous-283/Watson/2,1,0,27554.093350000017,27554.093350000017,27554.093350000017,27554.093350000017,209.0,0.0002758456848840466,0.0,28000,28000,28000,28000,28000,28000,28000,28000,28000,28000,28000
GET,/api/cart/update/anonymous-284/HPTD/2,1,0,16874.988522999956,16874.988522999956,16874.988522999956,16874.988522999956,213.0,0.0002758456848840466,0.0,17000,17000,17000,17000,17000,17000,17000,17000,17000,17000,17000
GET,/api/cart/update/anonymous-284/RMC/2,1,0,20304.108880999935,20304.108880999935,20304.108880999935,20304.108880999935,216.0,0.0002758456848840466,0.0,20000,20000,20000,20000,20000,20000,20000,20000,20000,20000,20000
GET,/api/cart/update/anonymous-285/SHCE/2,1,0,20367.738973000087,20367.738973000087,20367.738973000087,20367.738973000087,198.0,0.0002758456848840466,0.0,20000,20000,20000,20000,20000,20000,20000,20000,20000,20000,20000
GET,/api/cart/update/anonymous-285/UHJ/2,1,0,27052.00101899993,27052.00101899993,27052.00101899993,27052.00101899993,211.0,0.0002758456848840466,0.0,27000,27000,27000,27000,27000,27000,27000,27000,27000,27000,27000
GET,/api/cart/update/anonymous-286/HPTD/2,1,0,17062.271699000008,17062.271699000008,17062.271699000008,17062.271699000008,215.0,0.0002758456848840466,0.0,17000,17000,17000,17000,17000,17000,17000,17000,17000,17000,17000
GET,/api/cart/update/anonymous-286/RED/2,1,0,55380.20026000004,55380.20026000004,55380.20026000004,55380.20026000004,226.0,0.0002758456848840466,0.0,55000,55000,55000,55000,55000,55000,55000,55000,55000,55000,55000
GET,/api/cart/update/anonymous-287/RED/2,1,0,40302.68481199994,40302.68481199994,40302.68481199994,40302.68481199994,224.0,0.0002758456848840466,0.0,40000,40000,40000,40000,40000,40000,40000,40000,40000,40000,40000
GET,/api/cart/update/anonymous-287/Watson/2,1,0,19379.441326000007,19379.441326000007,19379.441326000007,19379.441326000007,206.0,0.0002758456848840466,0.0,19000,19000,19000,19000,19000,19000,19000,19000,19000,19000,19000
GET,/api/cart/update/anonymous-288/SHCE/2,1,0,11247.012283999993,11247.012283999993,11247.012283999993,11247.012283999993,222.0,0.0002758456848840466,0.0,11000,11000,11000,11000,11000,11000,11000,11000,11000,11000,11000
GET,/api/cart/update/anonymous-288/UHJ/2,1,0,19188.93307199994,19188.93307199994,19188.93307199994,19188.93307199994,141.0,0.0002758456848840466,0.0,19000,19000,19000,19000,19000,19000,19000,19000,19000,19000,19000
GET,/api/cart/update/anonymous-289/SHCE/2,1,0,25042.391028,25042.391028,25042.391028,25042.391028,213.0,0.0002758456848840466,0.0,25000,25000,25000,25000,25000,25000,25000,25000,25000,25000,25000
GET,/api/cart/update/anonymous-289/STAN-1/2,1,0,34858.29780300003,34858.29780300003,34858.29780300003,34858.29780300003,201.0,0.0002758456848840466,0.0,35000,35000,35000,35000,35000,35000,35000,35000,35000,35000,35000
GET,/api/cart/update/anonymous-29/RMC/2,1,0,25.326080000013462,25.326080000013462,25.326080000013462,25.326080000013462,190.0,0.0002758456848840466,0.0,25,25,25,25,25,25,25,25,25,25,25
GET,/api/cart/update/anonymous-29/STAN-1/2,1,0,9.180528999991111,9.180528999991111,9.180528999991111,9.180528999991111,195.0,0.0002758456848840466,0.0,9,9,9,9,9,9,9,9,9,9,9
GET,/api/cart/update/anonymous-290/HPTD/2,2,0,17000.0,40355.965948000005,16997.092599000098,63714.83929699991,221.0,0.0005516913697680932,0.0,64000,64000,64000,64000,64000,64000,64000,64000,64000,64000,64000
GET,/api/cart/update/anonymous-291/Watson/2,2,0,17000.0,18646.565105000038,16942.899600000033,20350.23061000004,190.0,0.0005516913697680932,0.0,20000,20000,20000,20000,20000,20000,20000,20000,20000,20000,20000
GET,/api/cart/update/anonymous-292/HPTD/2,1,0,19178.631276000033,19178.631276000033,19178.631276000033,19178.631276000033,199.0,0.0002758456848840466,0.0,19000,19000,19000,19000,19000,19000,19000,19000,19000,19000,19000
GET,/api/cart/update/anonymous-292/SHCE/2,1,0,20360.18488900004,20360.18488900004,20360.18488900004,20360.18488900004,198.0,0.0002758456848840466,0.0,20000,20000,20000,20000,20000,20000,20000,20000,20000,20000,20000
GET,/api/cart/update/anonymous-293/RED/2,1,0,16903.88101999997,16903.88101999997,16903.88101999997,16903.88101999997,221.0,0.0002758456848840466,0.0,17000,17000,17000,17000,17000,17000,17000,17000,17000,17000,17000
GET,/api/cart/update/anonymous-293/Watson/2,1,0,20371.55364099999,20371.55364099999,20371.55364099999,20371.55364099999,198.0,0.0002758456848840466,0.0,20000,20000,20000,20000,20000,20000,20000,20000,20000,20000,20000
GET,/api/cart/update/anonymous-294/SHCE/2,1,0,17062.685803000022,17062.685803000022,17062.685803000022,17062.685803000022,222.0,0.0002758456848840466,0.0,17000,17000,17000,17000,17000,17000,17000,17000,17000,17000,17000
GET,/api/cart/update/anonymous-294/Watson/2,1,0,23296.499486000015,23296.499486000015,23296.499486000015,23296.499486000015,191.0,0.0002758456848840466,0.0,23000,23000,23000,23000,23000,23000,23000,23000,23000,23000,23000
GET,/api/cart/update/anonymous-295/HPTD/2,1,0,40272.43079200002,40272.43079200002,40272.43079200002,40272.43079200002,223.0,0.0002758456848840466,0.0,40000,40000,40000,40000,40000,40000,40000,40000,40000,40000,40000
GET,/api/cart/update/anonymous-295/STAN-1/2,1,0,19332.714607999947,19332.714607999947,19332.714607999947,19332.714607999947,182.0,0.0002758456848840466,0.0,19000,19000,19000,19000,19000,19000,19000,19000,19000,19000,19000
GET,/api/cart/update/anonymous-296/EPE/2,1,0,12265.877957999919,12265.877957999919,12265.877957999919,12265.877957999919,215.0,0.0002758456848840466,0.0,12000,12000,12000,12000,12000,12000,12000,12000,12000,12000,12000
GET,/api/cart/update/anonymous-296/STAN-1/2,1,0,18361.95438499999,18361.95438499999,18361.95438499999,18361.95438499999,195.0,0.0002758456848840466,0.0,18000,18000,18000,18000,18000,18000,18000,18000,18000,18000,18000
GET,/api/cart/update/anonymous-297/RMC/2,1,0,15239.30425200001,15239.30425200001,15239.30425200001,15239.30425200001,215.0,0.0002758456848840466,0.0,15000,15000,15000,15000,15000,15000,15000,15000,15000,15000,15000
GET,/api/cart/update/anonymous-297/SHCE/2,1,0,16944.483214999993,16944.483214999993,16944.483214999993,16944.483214999993,204.0,0.0002758456848840466,0.0,17000,17000,17000,17000,17000,17000,17000,17000,17000,17000,17000
GET,/api/cart/update/anonymous-298/RED/2,2,0,17000.0,18533.354433499993,16576.097282999966,20490.61158400002,208.0,0.0005516913697680932,0.0,20000,20000,20000,20000,20000,20000,20000,20000,20000,20000,20000
GET,/api/cart/update/anonymous-299/EPE/2,1,0,21250.255591999918,21250.255591999918,21250.255591999918,21250.255591999918,208.0,0.0002758456848840466,0.0,21000,21000,21000,21000,21000,21000,21000,21000,21000,21000,21000
GET,/api/cart/update/anonymous-299/SHCE/2,1,0,23729.323463000015,23729.323463000015,23729.323463000015,23729.323463000015,203.0,0.0002758456848840466,0.0,24000,24000,24000,24000,24000,24000,24000,24000,24000,24000,24000
GET,/api/cart/update/anonymous-3/EPE/2,1,0,87366.3236970001,87366.3236970001,87366.3236970001,87366.3236970001,130.0,0.0002758456848840466,0.0,87000,87000,87000,87000,87000,87000,87000,87000,87000,87000,87000
GET,/api/cart/update/anonymous-3/HPTD/2,2,0,10,34.93130999999039,9.504629999980807,60.35798999999997,209.0,0.0005516913697680932,0.0,60,60,60,60,60,60,60,60,60,60,60
GET,/api/cart/update/anonymous-30/RMC/2,1,0,61.388593000003766,61.388593000003766,61.388593000003766,61.388593000003766,215.0,0.0002758456848840466,0.0,61,61,61,61,61,61,61,61,61,61,61
GET,/api/cart/update/anonymous-30/Watson/2,1,0,20.63506500002177,20.63506500002177,20.63506500002177,20.63506500002177,209.0,0.0002758456848840466,0.0,21,21,21,21,21,21,21,21,21,21,21
GET,/api/cart/update/anonymous-300/SHCE/2,1,0,16758.56433199999,16758.56433199999,16758.56433199999,16758.56433199999,230.0,0.0002758456848840466,0.0,17000,17000,17000,17000,17000,17000,17000,17000,17000,17000,17000
GET,/api/cart/update/anonymous-300/UHJ/2,1,0,29657.03693399996,29657.03693399996,29657.03693399996,29657.03693399996,141.0,0.0002758456848840466,0.0,30000,30000,30000,30000,30000,30000,30000,30000,30000,30000,30000
GET,/api/cart/update/anonymous-301/EPE/2,1,0,20430.575911000007,20430.575911000007,20430.575911000007,20430.575911000007,200.0,0.0002758456848840466,0.0,20000,20000,20000,20000,20000,20000,20000,20000,20000,20000,20000
GET,/api/cart/update/anonymous-301/STAN-1/2,1,0,25060.62190499995,25060.62190499995,25060.62190499995,25060.62190499995,182.0,0.0002758456848840466,0.0,25000,25000,25000,25000,25000,25000,25000,25000,25000,25000,25000
GET,/api/cart/update/anonymous-302/RMC/2,1,0,17016.424065000025,17016.424065000025,17016.424065000025,17016.424065000025,109.0,0.0002758456848840466,0.0,17000,17000,17000,17000,17000,17000,17000,17000,17000,17000,17000
GET,/api/cart/update/anonymous-302/SHCE/2,1,0,30384.496087999993,30384.496087999993,30384.496087999993,30384.496087999993,222.0,0.0002758456848840466,0.0,30000,30000,30000,30000,30000,30000,30000,30000,30000,30000,30000
GET,/api/cart/update/anonymous-303/HPTD/2,1,0,27950.00298599996,27950.00298599996,27950.00298599996,27950.00298599996,193.0,0.0002758456848840466,0.0,28000,28000,28000,28000,28000,28000,28000,28000,28000,28000,28000
GET,/api/cart/update/anonymous-303/RMC/2,1,0,26473.015447000078,26473.015447000078,26473.015447000078,26473.015447000078,184.0,0.0002758456848840466,0.0,26000,26000,26000,26000,26000,26000,26000,26000,26000,26000,26000
GET,/api/cart/update/anonymous-304/EMM/2,1,0,28366.40377599997,28366.40377599997,28366.40377599997,28366.40377599997,188.0,0.0002758456848840466,0.0,28000,28000,28000,28000,28000,28000,28000,28000,28000,28000,28000
GET,/api/cart/update/anonymous-304/RMC/2,1,0,30352.64354100002,30352.64354100002,30352.64354100002,30352.64354100002,199.0,0.0002758456848840466,0.0,30000,30000,30000,30000,30000,30000,30000,30000,30000,30000,30000
GET,/api/cart/update/anonymous-305/HPTD/2,1,0,18098.421486000007,18098.421486000007,18098.421486000007,18098.421486000007,226.0,0.0002758456848840466,0.0,18000,18000,18000,18000,18000,18000,18000,18000,18000,18000,18000
GET,/api/cart/update/anonymous-305/RMC/2,1,0,17018.77098700004,17018.77098700004,17018.77098700004,17018.77098700004,216.0,0.0002758456848840466,0.0,17000,17000,17000,17000,17000,17000,17000,17000,17000,17000,17000
GET,/api/cart/update/anonymous-306/EPE/2,1,0,21325.88916299994,21325.88916299994,21325.88916299994,21325.88916299994,208.0,0.0002758456848840466,0.0,21000,21000,21000,21000,21000,21000,21000,21000,21000,21000,21000
GET,/api/cart/update/anonymous-306/RED/2,1,0,36643.92477900003,36643.92477900003,36643.92477900003,36643.92477900003,134.0,0.0002758456848840466,0.0,37000,37000,37000,37000,37000,37000,37000,37000,37000,37000,37000
GET,/api/cart/update/anonymous-307/EPE/2,1,0,35992.27516999997,35992.27516999997,35992.27516999997,35992.27516999997,195.0,0.0002758456848840466,0.0,36000,36000,36000,36000,36000,36000,36000,36000,36000,36000,36000
GET,/api/cart/update/anonymous-307/STAN-1/2,1,0,19009.740395999983,19009.740395999983,19009.740395999983,19009.740395999983,184.0,0.0002758456848840466,0.0,19000,19000,19000,19000,19000,19000,19000,19000,19000,19000,19000
GET,/api/cart/update/anonymous-308/HPTD/2,1,0,27957.856652999908,27957.856652999908,27957.856652999908,27957.856652999908,219.0,0.0002758456848840466,0.0,28000,28000,28000,28000,28000,28000,28000,28000,28000,28000,28000
GET,/api/cart/update/anonymous-308/RED/2,1,0,17795.028639999942,17795.028639999942,17795.028639999942,17795.028639999942,226.0,0.0002758456848840466,0.0,18000,18000,18000,18000,18000,18000,18000,18000,18000,18000,18000
GET,/api/cart/update/anonymous-309/EMM/2,1,0,32857.04919299997,32857.04919299997,32857.04919299997,32857.04919299997,205.0,0.0002758456848840466,0.0,33000,33000,33000,33000,33000,33000,33000,33000,33000,33000,33000
GET,/api/cart/update/anonymous-309/RMC/2,1,0,18109.443977999945,18109.443977999945,18109.443977999945,18109.443977999945,216.0,0.0002758456848840466,0.0,18000,18000,18000,18000,18000,18000,18000,18000,18000,18000,18000
GET,/api/cart/update/anonymous-31/HPTD/2,1,0,26.854383999989295,26.854383999989295,26.854383999989295,26.854383999989295,199.0,0.0002758456848840466,0.0,27,27,27,27,27,27,27,27,27,27,27
GET,/api/cart/update/anonymous-31/Watson/2,1,0,22.603871000001163,22.603871000001163,22.603871000001163,22.603871000001163,206.0,0.0002758456848840466,0.0,23,23,23,23,23,23,23,23,23,23,23
GET,/api/cart/update/anonymous-310/EPE/2,1,0,19001.121715999943,19001.121715999943,19001.121715999943,19001.121715999943,215.0,0.0002758456848840466,0.0,19000,19000,19000,19000,19000,19000,19000,19000,19000,19000,19000
GET,/api/cart/update/anonymous-310/STAN-1/2,1,0,27951.615698999944,27951.615698999944,27951.615698999944,27951.615698999944,182.0,0.0002758456848840466,0.0,28000,28000,28000,28000,28000,28000,28000,28000,28000,28000,28000
GET,/api/cart/update/anonymous-311/EPE/2,1,0,32140.323609000006,32140.323609000006,32140.323609000006,32140.323609000006,195.0,0.0002758456848840466,0.0,32000,32000,32000,32000,32000,32000,32000,32000,32000,32000,32000
GET,/api/cart/update/anonymous-311/HPTD/2,1,0,18998.81979999998,18998.81979999998,18998.81979999998,18998.81979999998,121.0,0.0002758456848840466,0.0,19000,19000,19000,19000,19000,19000,19000,19000,19000,19000,19000
GET,/api/cart/update/anonymous-312/RMC/2,1,0,23623.62271200004,23623.62271200004,23623.62271200004,23623.62271200004,199.0,0.0002758456848840466,0.0,24000,24000,24000,24000,24000,24000,24000,24000,24000,24000,24000
GET,/api/cart/update/anonymous-312/Watson/2,1,0,23648.055134999937,23648.055134999937,23648.055134999937,23648.055134999937,191.0,0.0002758456848840466,0.0,24000,24000,24000,24000,24000,24000,24000,24000,24000,24000,24000
GET,/api/cart/update/anonymous-313/RED/2,1,0,18099.270506000037,18099.270506000037,18099.270506000037,18099.270506000037,212.0,0.0002758456848840466,0.0,18000,18000,18000,18000,18000,18000,18000,18000,18000,18000,18000
GET,/api/cart/update/anonymous-313/RMC/2,1,0,32340.59777499999,32340.59777499999,32340.59777499999,32340.59777499999,208.0,0.0002758456848840466,0.0,32000,32000,32000,32000,32000,32000,32000,32000,32000,32000,32000
GET,/api/cart/update/anonymous-314/RED/2,1,0,23633.359197999995,23633.359197999995,23633.359197999995,23633.359197999995,207.0,0.0002758456848840466,0.0,24000,24000,24000,24000,24000,24000,24000,24000,24000,24000,24000
GET,/api/cart/update/anonymous-314/Watson/2,1,0,18106.032861000018,18106.032861000018,18106.032861000018,18106.032861000018,209.0,0.0002758456848840466,0.0,18000,18000,18000,18000,18000,18000,18000,18000,18000,18000,18000
GET,/api/cart/update/anonymous-315/EPE/2,1,0,23623.546411000007,23623.546411000007,23623.546411000007,23623.546411000007,130.0,0.0002758456848840466,0.0,24000,24000,24000,24000,24000,24000,24000,24000,24000,24000,24000
GET,/api/cart/update/anonymous-315/RMC/2,1,0,18168.39934699999,18168.39934699999,18168.39934699999,18168.39934699999,215.0,0.0002758456848840466,0.0,18000,18000,18000,18000,18000,18000,18000,18000,18000,18000,18000
GET,/api/cart/update/anonymous-316/EPE/2,1,0,18176.59522400004,18176.59522400004,18176.59522400004,18176.59522400004,200.0,0.0002758456848840466,0.0,18000,18000,18000,18000,18000,18000,18000,18000,18000,18000,18000
GET,/api/cart/update/anonymous-316/STAN-1/2,1,0,23652.63187100004,23652.63187100004,23652.63187100004,23652.63187100004,184.0,0.0002758456848840466,0.0,24000,24000,24000,24000,24000,24000,24000,24000,24000,24000,24000
GET,/api/cart/update/anonymous-317/EMM/2,1,0,16977.627317000042,16977.627317000042,16977.627317000042,16977.627317000042,229.0,0.0002758456848840466,0.0,17000,17000,17000,17000,17000,17000,17000,17000,17000,17000,17000
GET,/api/cart/update/anonymous-317/SHCE/2,1,0,32023.16227000006,32023.16227000006,32023.16227000006,32023.16227000006,204.0,0.0002758456848840466,0.0,32000,32000,32000,32000,32000,32000,32000,32000,32000,32000,32000
GET,/api/cart/update/anonymous-318/RMC/2,2,0,21395.405590999984,24632.506148999993,21395.405590999984,27869.606707000003,203.0,0.0005516913697680932,0.0,28000,28000,28000,28000,28000,28000,28000,28000,28000,28000,28000
GET,/api/cart/update/anonymous-319/EMM/2,1,0,18986.95929000007,18986.95929000007,18986.95929000007,18986.95929000007,222.0,0.0002758456848840466,0.0,19000,19000,19000,19000,19000,19000,19000,19000,19000,19000,19000
GET,/api/cart/update/anonymous-319/UHJ/2,1,0,23644.980800999976,23644.980800999976,23644.980800999976,23644.980800999976,211.0,0.0002758456848840466,0.0,24000,24000,24000,24000,24000,24000,24000,24000,24000,24000,24000
GET,/api/cart/update/anonymous-32/SHCE/2,1,0,14.466145000028519,14.466145000028519,14.466145000028519,14.466145000028519,230.0,0.0002758456848840466,0.0,14,14,14,14,14,14,14,14,14,14,14
GET,/api/cart/update/anonymous-32/STAN-1/2,1,0,28309.489722000308,28309.489722000308,28309.489722000308,28309.489722000308,380.0,0.0002758456848840466,0.0,28000,28000,28000,28000,28000,28000,28000,28000,28000,28000,28000
GET,/api/cart/update/anonymous-32/UHJ/2,1,0,17.356855000002724,17.356855000002724,17.356855000002724,17.356855000002724,226.0,0.0002758456848840466,0.0,17,17,17,17,17,17,17,17,17,17,17
GET,/api/cart/update/anonymous-320/STAN-1/2,2,0,18117.723954999972,26928.39441799998,18117.723954999972,35739.06488099999,148.0,0.0005516913697680932,0.0,36000,36000,36000,36000,36000,36000,36000,36000,36000,36000,36000
GET,/api/cart/update/anonymous-321/STAN-1/2,1,0,17787.793270000067,17787.793270000067,17787.793270000067,17787.793270000067,204.0,0.0002758456848840466,0.0,18000,18000,18000,18000,18000,18000,18000,18000,18000,18000,18000
GET,/api/cart/update/anonymous-321/Watson/2,1,0,35759.69905300008,35759.69905300008,35759.69905300008,35759.69905300008,202.0,0.0002758456848840466,0.0,36000,36000,36000,36000,36000,36000,36000,36000,36000,36000,36000
GET,/api/cart/update/anonymous-322/EMM/2,1,0,17787.39326699997,17787.39326699997,17787.39326699997,17787.39326699997,137.0,0.0002758456848840466,0.0,18000,18000,18000,18000,18000,18000,18000,18000,18000,18000,18000
GET,/api/cart/update/anonymous-322/UHJ/2,1,0,23632.447189000006,23632.447189000006,23632.447189000006,23632.447189000006,233.0,0.0002758456848840466,0.0,24000,24000,24000,24000,24000,24000,24000,24000,24000,24000,24000
GET,/api/cart/update/anonymous-323/HPTD/2,1,0,28364.49050300007,28364.49050300007,28364.49050300007,28364.49050300007,121.0,0.0002758456848840466,0.0,28000,28000,28000,28000,28000,28000,28000,28000,28000,28000,28000
GET,/api/cart/update/anonymous-323/STAN-1/2,1,0,16874.65121899993,16874.65121899993,16874.65121899993,16874.65121899993,184.0,0.0002758456848840466,0.0,17000,17000,17000,17000,17000,17000,17000,17000,17000,17000,17000
GET,/api/cart/update/anonymous-324/EMM/2,1,0,28227.72145700003,28227.72145700003,28227.72145700003,28227.72145700003,205.0,0.0002758456848840466,0.0,28000,28000,28000,28000,28000,28000,28000,28000,28000,28000,28000
GET,/api/cart/update/anonymous-324/HPTD/2,1,0,16866.682244000003,16866.682244000003,16866.682244000003,16866.682244000003,223.0,0.0002758456848840466,0.0,17000,17000,17000,17000,17000,17000,17000,17000,17000,17000,17000
GET,/api/cart/update/anonymous-325/EPE/2,1,0,32023.498473000018,32023.498473000018,32023.498473000018,32023.498473000018,208.0,0.0002758456848840466,0.0,32000,32000,32000,32000,32000,32000,32000,32000,32000,32000,32000
GET,/api/cart/update/anonymous-325/RMC/2,1,0,27427.894528000026,27427.894528000026,27427.894528000026,27427.894528000026,210.0,0.0002758456848840466,0.0,27000,27000,27000,27000,27000,27000,27000,27000,27000,27000,27000
GET,/api/cart/update/anonymous-326/STAN-1/2,1,0,18099.66799799997,18099.66799799997,18099.66799799997,18099.66799799997,195.0,0.0002758456848840466,0.0,18000,18000,18000,18000,18000,18000,18000,18000,18000,18000,18000
GET,/api/cart/update/anonymous-326/Watson/2,1,0,23582.931736999966,23582.931736999966,23582.931736999966,23582.931736999966,196.0,0.0002758456848840466,0.0,24000,24000,24000,24000,24000,24000,24000,24000,24000,24000,24000
GET,/api/cart/update/anonymous-327/RMC/2,1,0,32044.083355,32044.083355,32044.083355,32044.083355,184.0,0.0002758456848840466,0.0,32000,32000,32000,32000,32000,32000,32000,32000,32000,32000,32000
GET,/api/cart/update/anonymous-327/UHJ/2,1,0,16755.33004500005,16755.33004500005,16755.33004500005,16755.33004500005,211.0,0.0002758456848840466,0.0,17000,17000,17000,17000,17000,17000,17000,17000,17000,17000,17000
GET,/api/cart/update/anonymous-328/EMM/2,1,0,27714.324916999998,27714.324916999998,27714.324916999998,27714.324916999998,137.0,0.0002758456848840466,0.0,28000,28000,28000,28000,28000,28000,28000,28000,28000,28000,28000
GET,/api/cart/update/anonymous-328/RED/2,1,0,23048.35087899994,23048.35087899994,23048.35087899994,23048.35087899994,134.0,0.0002758456848840466,0.0,23000,23000,23000,23000,23000,23000,23000,23000,23000,23000,23000
GET,/api/cart/update/anonymous-329/HPTD/2,1,0,27746.267891000003,27746.267891000003,27746.267891000003,27746.267891000003,121.0,0.0002758456848840466,0.0,28000,28000,28000,28000,28000,28000,28000,28000,28000,28000,28000
GET,/api/cart/update/anonymous-329/RMC/2,1,0,27439.01422600004,27439.01422600004,27439.01422600004,27439.01422600004,190.0,0.0002758456848840466,0.0,27000,27000,27000,27000,27000,27000,27000,27000,27000,27000,27000
GET,/api/cart/update/anonymous-33/HPTD/2,1,0,8.4657269999866,8.4657269999866,8.4657269999866,8.4657269999866,226.0,0.0002758456848840466,0.0,8,8,8,8,8,8,8,8,8,8,8
GET,/api/cart/update/anonymous-33/SHCE/2,1,0,28312.11165500008,28312.11165500008,28312.11165500008,28312.11165500008,382.0,0.0002758456848840466,0.0,28000,28000,28000,28000,28000,28000,28000,28000,28000,28000,28000
GET,/api/cart/update/anonymous-33/Watson/2,1,0,40.01052600000321,40.01052600000321,40.01052600000321,40.01052600000321,196.0,0.0002758456848840466,0.0,40,40,40,40,40,40,40,40,40,40,40
GET,/api/cart/update/anonymous-330/EPE/2,1,0,18989.67761499989,18989.67761499989,18989.67761499989,18989.67761499989,217.0,0.0002758456848840466,0.0,19000,19000,19000,19000,19000,19000,19000,19000,19000,19000,19000
GET,/api/cart/update/anonymous-330/SHCE/2,1,0,32010.688759999994,32010.688759999994,32010.688759999994,32010.688759999994,198.0,0.0002758456848840466,0.0,32000,32000,32000,32000,32000,32000,32000,32000,32000,32000,32000
GET,/api/cart/update/anonymous-331/HPTD/2,1,0,16257.659512000031,16257.659512000031,16257.659512000031,16257.659512000031,121.0,0.0002758456848840466,0.0,16000,16000,16000,16000,16000,16000,16000,16000,16000,16000,16000
GET,/api/cart/update/anonymous-331/SHCE/2,1,0,32452.521796999918,32452.521796999918,32452.521796999918,32452.521796999918,213.0,0.0002758456848840466,0.0,32000,32000,32000,32000,32000,32000,32000,32000,32000,32000,32000
GET,/api/cart/update/anonymous-332/EMM/2,1,0,19410.594392999996,19410.594392999996,19410.594392999996,19410.594392999996,217.0,0.0002758456848840466,0.0,19000,19000,19000,19000,19000,19000,19000,19000,19000,19000,19000
GET,/api/cart/update/anonymous-332/RMC/2,1,0,35980.01617299997,35980.01617299997,35980.01617299997,35980.01617299997,184.0,0.0002758456848840466,0.0,36000,36000,36000,36000,36000,36000,36000,36000,36000,36000,36000
GET,/api/cart/update/anonymous-333/HPTD/2,1,0,27930.153706000056,27930.153706000056,27930.153706000056,27930.153706000056,199.0,0.0002758456848840466,0.0,28000,28000,28000,28000,28000,28000,28000,28000,28000,28000,28000
GET,/api/cart/update/anonymous-333/STAN-1/2,1,0,16595.438359000014,16595.438359000014,16595.438359000014,16595.438359000014,112.0,0.0002758456848840466,0.0,17000,17000,17000,17000,17000,17000,17000,17000,17000,17000,17000
GET,/api/cart/update/anonymous-334/EMM/2,1,0,28337.027205000028,28337.027205000028,28337.027205000028,28337.027205000028,227.0,0.0002758456848840466,0.0,28000,28000,28000,28000,28000,28000,28000,28000,28000,28000,28000
GET,/api/cart/update/anonymous-334/HPTD/2,1,0,27869.596307999927,27869.596307999927,27869.596307999927,27869.596307999927,121.0,0.0002758456848840466,0.0,28000,28000,28000,28000,28000,28000,28000,28000,28000,28000,28000
GET,/api/cart/update/anonymous-335/RED/2,1,0,32420.578685000008,32420.578685000008,32420.578685000008,32420.578685000008,221.0,0.0002758456848840466,0.0,32000,32000,32000,32000,32000,32000,32000,32000,32000,32000,32000
GET,/api/cart/update/anonymous-335/Watson/2,1,0,16935.891103000016,16935.891103000016,16935.891103000016,16935.891103000016,206.0,0.0002758456848840466,0.0,17000,17000,17000,17000,17000,17000,17000,17000,17000,17000,17000
GET,/api/cart/update/anonymous-336/SHCE/2,1,0,28189.759879999998,28189.759879999998,28189.759879999998,28189.759879999998,222.0,0.0002758456848840466,0.0,28000,28000,28000,28000,28000,28000,28000,28000,28000,28000,28000
GET,/api/cart/update/anonymous-336/UHJ/2,1,0,32387.639707999937,32387.639707999937,32387.639707999937,32387.639707999937,233.0,0.0002758456848840466,0.0,32000,32000,32000,32000,32000,32000,32000,32000,32000,32000,32000
GET,/api/cart/update/anonymous-337/RED/2,1,0,16832.91953499997,16832.91953499997,16832.91953499997,16832.91953499997,214.0,0.0002758456848840466,0.0,17000,17000,17000,17000,17000,17000,17000,17000,17000,17000,17000
GET,/api/cart/update/anonymous-337/STAN-1/2,1,0,35739.835587000016,35739.835587000016,35739.835587000016,35739.835587000016,184.0,0.0002758456848840466,0.0,36000,36000,36000,36000,36000,36000,36000,36000,36000,36000,36000
GET,/api/cart/update/anonymous-338/EMM/2,1,0,32063.14291700005,32063.14291700005,32063.14291700005,32063.14291700005,137.0,0.0002758456848840466,0.0,32000,32000,32000,32000,32000,32000,32000,32000,32000,32000,32000
GET,/api/cart/update/anonymous-338/SHCE/2,1,0,16584.581458999994,16584.581458999994,16584.581458999994,16584.581458999994,125.0,0.0002758456848840466,0.0,17000,17000,17000,17000,17000,17000,17000,17000,17000,17000,17000
GET,/api/cart/update/anonymous-339/EMM/2,1,0,16935.75810200002,16935.75810200002,16935.75810200002,16935.75810200002,227.0,0.0002758456848840466,0.0,17000,17000,17000,17000,17000,17000,17000,17000,17000,17000,17000
GET,/api/cart/update/anonymous-339/RED/2,1,0,27861.275835000015,27861.275835000015,27861.275835000015,27861.275835000015,202.0,0.0002758456848840466,0.0,28000,28000,28000,28000,28000,28000,28000,28000,28000,28000,28000
GET,/api/cart/update/anonymous-34/EPE/2,1,0,50764.05006100003,50764.05006100003,50764.05006100003,50764.05006100003,348.0,0.0002758456848840466,0.0,51000,51000,51000,51000,51000,51000,51000,51000,51000,51000,51000
GET,/api/cart/update/anonymous-34/RMC/2,1,0,21.507768000049055,21.507768000049055,21.507768000049055,21.507768000049055,215.0,0.0002758456848840466,0.0,22,22,22,22,22,22,22,22,22,22,22
GET,/api/cart/update/anonymous-34/SHCE/2,1,0,12.206837999997333,12.206837999997333,12.206837999997333,12.206837999997333,225.0,0.0002758456848840466,0.0,12,12,12,12,12,12,12,12,12,12,12
GET,/api/cart/update/anonymous-340/RMC/2,1,0,27725.645607000046,27725.645607000046,27725.645607000046,27725.645607000046,208.0,0.0002758456848840466,0.0,28000,28000,28000,28000,28000,28000,28000,28000,28000,28000,28000
GET,/api/cart/update/anonymous-340/UHJ/2,1,0,28327.838322999924,28327.838322999924,28327.838322999924,28327.838322999924,211.0,0.0002758456848840466,0.0,28000,28000,28000,28000,28000,28000,28000,28000,28000,28000,28000
GET,/api/cart/update/anonymous-341/EPE/2,1,0,16876.66473899992,16876.66473899992,16876.66473899992,16876.66473899992,222.0,0.0002758456848840466,0.0,17000,17000,17000,17000,17000,17000,17000,17000,17000,17000,17000
GET,/api/cart/update/anonymous-341/Watson/2,1,0,27712.691901999962,27712.691901999962,27712.691901999962,27712.691901999962,182.0,0.0002758456848840466,0.0,28000,28000,28000,28000,28000,28000,28000,28000,28000,28000,28000
GET,/api/cart/update/anonymous-342/HPTD/2,1,0,16884.36891099991,16884.36891099991,16884.36891099991,16884.36891099991,223.0,0.0002758456848840466,0.0,17000,17000,17000,17000,17000,17000,17000,17000,17000,17000,17000
GET,/api/cart/update/anonymous-342/UHJ/2,1,0,27949.887281000087,27949.887281000087,27949.887281000087,27949.887281000087,228.0,0.0002758456848840466,0.0,28000,28000,28000,28000,28000,28000,28000,28000,28000,28000,28000
GET,/api/cart/update/anonymous-343/HPTD/2,1,0,27735.179689999997,27735.179689999997,27735.179689999997,27735.179689999997,199.0,0.0002758456848840466,0.0,28000,28000,28000,28000,28000,28000,28000,28000,28000,28000,28000
GET,/api/cart/update/anonymous-343/RED/2,1,0,23615.39532900008,23615.39532900008,23615.39532900008,23615.39532900008,214.0,0.0002758456848840466,0.0,24000,24000,24000,24000,24000,24000,24000,24000,24000,24000,24000
GET,/api/cart/update/anonymous-344/RED/2,1,0,27891.19233200006,27891.19233200006,27891.19233200006,27891.19233200006,207.0,0.0002758456848840466,0.0,28000,28000,28000,28000,28000,28000,28000,28000,28000,28000,28000
GET,/api/cart/update/anonymous-344/UHJ/2,1,0,28319.331348999982,28319.331348999982,28319.331348999982,28319.331348999982,228.0,0.0002758456848840466,0.0,28000,28000,28000,28000,28000,28000,28000,28000,28000,28000,28000
GET,/api/cart/update/anonymous-345/EMM/2,1,0,23634.41900700002,23634.41900700002,23634.41900700002,23634.41900700002,137.0,0.0002758456848840466,0.0,24000,24000,24000,24000,24000,24000,24000,24000,24000,24000,24000
GET,/api/cart/update/anonymous-345/STAN-1/2,1,0,35959.44320800004,35959.44320800004,35959.44320800004,35959.44320800004,195.0,0.0002758456848840466,0.0,36000,36000,36000,36000,36000,36000,36000,36000,36000,36000,36000
GET,/api/cart/update/anonymous-346/RMC/2,1,0,31962.833939999997,31962.833939999997,31962.833939999997,31962.833939999997,210.0,0.0002758456848840466,0.0,32000,32000,32000,32000,32000,32000,32000,32000,32000,32000,32000
GET,/api/cart/update/anonymous-346/Watson/2,1,0,16744.95694699999,16744.95694699999,16744.95694699999,16744.95694699999,191.0,0.0002758456848840466,0.0,17000,17000,17000,17000,17000,17000,17000,17000,17000,17000,17000
GET,/api/cart/update/anonymous-347/UHJ/2,2,0,19349.937626000043,25701.05642499999,19349.937626000043,32052.17522399994,222.0,0.0005516913697680932,0.0,32000,32000,32000,32000,32000,32000,32000,32000,32000,32000,32000
GET,/api/cart/update/anonymous-348/STAN-1/2,1,0,27725.675906999983,27725.675906999983,27725.675906999983,27725.675906999983,112.0,0.0002758456848840466,0.0,28000,28000,28000,28000,28000,28000,28000,28000,28000,28000,28000
GET,/api/cart/update/anonymous-348/UHJ/2,1,0,16925.40930700011,16925.40930700011,16925.40930700011,16925.40930700011,226.0,0.0002758456848840466,0.0,17000,17000,17000,17000,17000,17000,17000,17000,17000,17000,17000
GET,/api/cart/update/anonymous-349/EPE/2,1,0,36625.49261799995,36625.49261799995,36625.49261799995,36625.49261799995,208.0,0.0002758456848840466,0.0,37000,37000,37000,37000,37000,37000,37000,37000,37000,37000,37000
GET,/api/cart/update/anonymous-349/SHCE/2,1,0,32526.050818000043,32526.050818000043,32526.050818000043,32526.050818000043,225.0,0.0002758456848840466,0.0,33000,33000,33000,33000,33000,33000,33000,33000,33000,33000,33000
GET,/api/cart/update/anonymous-35/HPTD/2,1,0,158.46389900002578,158.46389900002578,158.46389900002578,158.46389900002578,215.0,0.0002758456848840466,0.0,160,160,160,160,160,160,160,160,160,160,160
GET,/api/cart/update/anonymous-35/STAN-1/2,2,1,22,25637.72228400006,21.909468999979254,51253.535099000146,104.5,0.0005516913697680932,0.0002758456848840466,51000,51000,51000,51000,51000,51000,51000,51000,51000,51000,51000
GET,/api/cart/update/anonymous-350/SHCE/2,1,0,16595.032854999998,16595.032854999998,16595.032854999998,16595.032854999998,228.0,0.0002758456848840466,0.0,17000,17000,17000,17000,17000,17000,17000,17000,17000,17000,17000
GET,/api/cart/update/anonymous-350/UHJ/2,1,0,32327.25164699991,32327.25164699991,32327.25164699991,32327.25164699991,230.0,0.0002758456848840466,0.0,32000,32000,32000,32000,32000,32000,32000,32000,32000,32000,32000
GET,/api/cart/update/anonymous-351/RED/2,1,0,32181.334287000027,32181.334287000027,32181.334287000027,32181.334287000027,202.0,0.0002758456848840466,0.0,32000,32000,32000,32000,32000,32000,32000,32000,32000,32000,32000
GET,/api/cart/update/anonymous-351/STAN-1/2,1,0,23582.360309000025,23582.360309000025,23582.360309000025,23582.360309000025,187.0,0.0002758456848840466,0.0,24000,24000,24000,24000,24000,24000,24000,24000,24000,24000,24000
GET,/api/cart/update/anonymous-352/SHCE/2,1,0,36615.92743100005,36615.92743100005,36615.92743100005,36615.92743100005,125.0,0.0002758456848840466,0.0,37000,37000,37000,37000,37000,37000,37000,37000,37000,37000,37000
GET,/api/cart/update/anonymous-352/UHJ/2,1,0,35923.32540500001,35923.32540500001,35923.32540500001,35923.32540500001,233.0,0.0002758456848840466,0.0,36000,36000,36000,36000,36000,36000,36000,36000,36000,36000,36000
GET,/api/cart/update/anonymous-353/EPE/2,1,0,32287.284703999943,32287.284703999943,32287.284703999943,32287.284703999943,219.0,0.0002758456848840466,0.0,32000,32000,32000,32000,32000,32000,32000,32000,32000,32000,32000
GET,/api/cart/update/anonymous-353/RED/2,1,0,16752.978624000094,16752.978624000094,16752.978624000094,16752.978624000094,207.0,0.0002758456848840466,0.0,17000,17000,17000,17000,17000,17000,17000,17000,17000,17000,17000
GET,/api/cart/update/anonymous-354/RMC/2,1,0,27883.05805799996,27883.05805799996,27883.05805799996,27883.05805799996,216.0,0.0002758456848840466,0.0,28000,28000,28000,28000,28000,28000,28000,28000,28000,28000,28000
GET,/api/cart/update/anonymous-354/SHCE/2,1,0,35578.911027,35578.911027,35578.911027,35578.911027,222.0,0.0002758456848840466,0.0,36000,36000,36000,36000,36000,36000,36000,36000,36000,36000,36000
GET,/api/cart/update/anonymous-355/RED/2,1,0,27861.363634999976,27861.363634999976,27861.363634999976,27861.363634999976,212.0,0.0002758456848840466,0.0,28000,28000,28000,28000,28000,28000,28000,28000,28000,28000,28000
GET,/api/cart/update/anonymous-355/Watson/2,1,0,27532.112532000043,27532.112532000043,27532.112532000043,27532.112532000043,182.0,0.0002758456848840466,0.0,28000,28000,28000,28000,28000,28000,28000,28000,28000,28000,28000
GET,/api/cart/update/anonymous-356/HPTD/2,1,0,32440.107269000007,32440.107269000007,32440.107269000007,32440.107269000007,215.0,0.0002758456848840466,0.0,32000,32000,32000,32000,32000,32000,32000,32000,32000,32000,32000
GET,/api/cart/update/anonymous-356/Watson/2,1,0,28315.396018,28315.396018,28315.396018,28315.396018,182.0,0.0002758456848840466,0.0,28000,28000,28000,28000,28000,28000,28000,28000,28000,28000,28000
GET,/api/cart/update/anonymous-357/RMC/2,1,0,32439.821885000016,32439.821885000016,32439.821885000016,32439.821885000016,215.0,0.0002758456848840466,0.0,32000,32000,32000,32000,32000,32000,32000,32000,32000,32000,32000
GET,/api/cart/update/anonymous-357/Watson/2,1,0,27918.416106999983,27918.416106999983,27918.416106999983,27918.416106999983,209.0,0.0002758456848840466,0.0,28000,28000,28000,28000,28000,28000,28000,28000,28000,28000,28000
GET,/api/cart/update/anonymous-358/RMC/2,1,0,32182.95600099998,32182.95600099998,32182.95600099998,32182.95600099998,199.0,0.0002758456848840466,0.0,32000,32000,32000,32000,32000,32000,32000,32000,32000,32000,32000
GET,/api/cart/update/anonymous-358/UHJ/2,1,0,27704.509328000087,27704.509328000087,27704.509328000087,27704.509328000087,219.0,0.0002758456848840466,0.0,28000,28000,28000,28000,28000,28000,28000,28000,28000,28000,28000
GET,/api/cart/update/anonymous-359/EMM/2,1,0,35770.95244399993,35770.95244399993,35770.95244399993,35770.95244399993,206.0,0.0002758456848840466,0.0,36000,36000,36000,36000,36000,36000,36000,36000,36000,36000,36000
GET,/api/cart/update/anonymous-359/SHCE/2,1,0,32408.701937000045,32408.701937000045,32408.701937000045,32408.701937000045,203.0,0.0002758456848840466,0.0,32000,32000,32000,32000,32000,32000,32000,32000,32000,32000,32000
GET,/api/cart/update/anonymous-36/EPE/2,1,0,21.1607660000368,21.1607660000368,21.1607660000368,21.1607660000368,208.0,0.0002758456848840466,0.0,21,21,21,21,21,21,21,21,21,21,21
GET,/api/cart/update/anonymous-36/STAN-1/2,1,0,29.136292000032427,29.136292000032427,29.136292000032427,29.136292000032427,184.0,0.0002758456848840466,0.0,29,29,29,29,29,29,29,29,29,29,29
GET,/api/cart/update/anonymous-360/EPE/2,1,0,27972.587145000034,27972.587145000034,27972.587145000034,27972.587145000034,208.0,0.0002758456848840466,0.0,28000,28000,28000,28000,28000,28000,28000,28000,28000,28000,28000
GET,/api/cart/update/anonymous-360/UHJ/2,1,0,32331.00299399996,32331.00299399996,32331.00299399996,32331.00299399996,206.0,0.0002758456848840466,0.0,32000,32000,32000,32000,32000,32000,32000,32000,32000,32000,32000
GET,/api/cart/update/anonymous-361/SHCE/2,1,0,32181.397986999968,32181.397986999968,32181.397986999968,32181.397986999968,228.0,0.0002758456848840466,0.0,32000,32000,32000,32000,32000,32000,32000,32000,32000,32000,32000
GET,/api/cart/update/anonymous-361/STAN-1/2,1,0,32280.35314500005,32280.35314500005,32280.35314500005,32280.35314500005,201.0,0.0002758456848840466,0.0,32000,32000,32000,32000,32000,32000,32000,32000,32000,32000,32000
GET,/api/cart/update/anonymous-362/HPTD/2,1,0,27971.491635000006,27971.491635000006,27971.491635000006,27971.491635000006,199.0,0.0002758456848840466,0.0,28000,28000,28000,28000,28000,28000,28000,28000,28000,28000,28000
GET,/api/cart/update/anonymous-362/RED/2,1,0,27852.938259999974,27852.938259999974,27852.938259999974,27852.938259999974,207.0,0.0002758456848840466,0.0,28000,28000,28000,28000,28000,28000,28000,28000,28000,28000,28000
GET,/api/cart/update/anonymous-363/HPTD/2,1,0,35900.77880399997,35900.77880399997,35900.77880399997,35900.77880399997,219.0,0.0002758456848840466,0.0,36000,36000,36000,36000,36000,36000,36000,36000,36000,36000,36000
GET,/api/cart/update/anonymous-363/UHJ/2,1,0,32289.935629999945,32289.935629999945,32289.935629999945,32289.935629999945,206.0,0.0002758456848840466,0.0,32000,32000,32000,32000,32000,32000,32000,32000,32000,32000,32000
GET,/api/cart/update/anonymous-364/EPE/2,1,0,22779.494961999946,22779.494961999946,22779.494961999946,22779.494961999946,130.0,0.0002758456848840466,0.0,23000,23000,23000,23000,23000,23000,23000,23000,23000,23000,23000
GET,/api/cart/update/anonymous-364/STAN-1/2,1,0,28201.384204000078,28201.384204000078,28201.384204000078,28201.384204000078,204.0,0.0002758456848840466,0.0,28000,28000,28000,28000,28000,28000,28000,28000,28000,28000,28000
GET,/api/cart/update/anonymous-365/EMM/2,1,0,28226.79704899997,28226.79704899997,28226.79704899997,28226.79704899997,205.0,0.0002758456848840466,0.0,28000,28000,28000,28000,28000,28000,28000,28000,28000,28000,28000
GET,/api/cart/update/anonymous-365/RMC/2,1,0,28327.812722999966,28327.812722999966,28327.812722999966,28327.812722999966,202.0,0.0002758456848840466,0.0,28000,28000,28000,28000,28000,28000,28000,28000,28000,28000,28000
GET,/api/cart/update/anonymous-366/RED/2,1,0,28366.441877000056,28366.441877000056,28366.441877000056,28366.441877000056,224.0,0.0002758456848840466,0.0,28000,28000,28000,28000,28000,28000,28000,28000,28000,28000,28000
GET,/api/cart/update/anonymous-366/RMC/2,1,0,28102.31887100008,28102.31887100008,28102.31887100008,28102.31887100008,210.0,0.0002758456848840466,0.0,28000,28000,28000,28000,28000,28000,28000,28000,28000,28000,28000
GET,/api/cart/update/anonymous-367/EPE/2,1,0,27939.96749500002,27939.96749500002,27939.96749500002,27939.96749500002,208.0,0.0002758456848840466,0.0,28000,28000,28000,28000,28000,28000,28000,28000,28000,28000,28000
GET,/api/cart/update/anonymous-367/RED/2,1,0,23423.26532499999,23423.26532499999,23423.26532499999,23423.26532499999,224.0,0.0002758456848840466,0.0,23000,23000,23000,23000,23000,23000,23000,23000,23000,23000,23000
GET,/api/cart/update/anonymous-368/STAN-1/2,2,0,32039.48101100002,32828.90425300002,32039.48101100002,33618.32749500002,199.5,0.0005516913697680932,0.0,34000,34000,34000,34000,34000,34000,34000,34000,34000,34000,34000
GET,/api/cart/update/anonymous-369/RMC/2,1,0,27883.166461999965,27883.166461999965,27883.166461999965,27883.166461999965,208.0,0.0002758456848840466,0.0,28000,28000,28000,28000,28000,28000,28000,28000,28000,28000,28000
GET,/api/cart/update/anonymous-369/STAN-1/2,1,0,32309.995829999934,32309.995829999934,32309.995829999934,32309.995829999934,195.0,0.0002758456848840466,0.0,32000,32000,32000,32000,32000,32000,32000,32000,32000,32000,32000
GET,/api/cart/update/anonymous-37/STAN-1/2,1,0,30.6662959999926,30.6662959999926,30.6662959999926,30.6662959999926,187.0,0.0002758456848840466,0.0,31,31,31,31,31,31,31,31,31,31,31
GET,/api/cart/update/anonymous-37/Watson/2,1,0,21.594967999988057,21.594967999988057,21.594967999988057,21.594967999988057,206.0,0.0002758456848840466,0.0,22,22,22,22,22,22,22,22,22,22,22
GET,/api/cart/update/anonymous-370/EPE/2,1,0,23621.29618100005,23621.29618100005,23621.29618100005,23621.29618100005,200.0,0.0002758456848840466,0.0,24000,24000,24000,24000,24000,24000,24000,24000,24000,24000,24000
GET,/api/cart/update/anonymous-370/HPTD/2,1,0,28326.719819999995,28326.719819999995,28326.719819999995,28326.719819999995,226.0,0.0002758456848840466,0.0,28000,28000,28000,28000,28000,28000,28000,28000,28000,28000,28000
GET,/api/cart/update/anonymous-371/EPE/2,1,0,33161.86267500007,33161.86267500007,33161.86267500007,33161.86267500007,217.0,0.0002758456848840466,0.0,33000,33000,33000,33000,33000,33000,33000,33000,33000,33000,33000
GET,/api/cart/update/anonymous-371/RED/2,1,0,36633.680689000015,36633.680689000015,36633.680689000015,36633.680689000015,212.0,0.0002758456848840466,0.0,37000,37000,37000,37000,37000,37000,37000,37000,37000,37000,37000
GET,/api/cart/update/anonymous-372/EMM/2,1,0,33213.70996400003,33213.70996400003,33213.70996400003,33213.70996400003,205.0,0.0002758456848840466,0.0,33000,33000,33000,33000,33000,33000,33000,33000,33000,33000,33000
GET,/api/cart/update/anonymous-372/STAN-1/2,1,0,28363.94329799998,28363.94329799998,28363.94329799998,28363.94329799998,201.0,0.0002758456848840466,0.0,28000,28000,28000,28000,28000,28000,28000,28000,28000,28000,28000
GET,/api/cart/update/anonymous-373/Watson/2,2,0,28247.614233000037,30893.878387500026,28247.614233000037,33540.142542000016,194.0,0.0005516913697680932,0.0,34000,34000,34000,34000,34000,34000,34000,34000,34000,34000,34000
GET,/api/cart/update/anonymous-374/STAN-1/2,1,0,33611.84183900002,33611.84183900002,33611.84183900002,33611.84183900002,184.0,0.0002758456848840466,0.0,34000,34000,34000,34000,34000,34000,34000,34000,34000,34000,34000
GET,/api/cart/update/anonymous-374/Watson/2,1,0,36632.99398399999,36632.99398399999,36632.99398399999,36632.99398399999,182.0,0.0002758456848840466,0.0,37000,37000,37000,37000,37000,37000,37000,37000,37000,37000,37000
GET,/api/cart/update/anonymous-375/SHCE/2,1,0,35993.19479400003,35993.19479400003,35993.19479400003,35993.19479400003,204.0,0.0002758456848840466,0.0,36000,36000,36000,36000,36000,36000,36000,36000,36000,36000,36000
GET,/api/cart/update/anonymous-375/STAN-1/2,1,0,35969.78038600003,35969.78038600003,35969.78038600003,35969.78038600003,182.0,0.0002758456848840466,0.0,36000,36000,36000,36000,36000,36000,36000,36000,36000,36000,36000
GET,/api/cart/update/anonymous-376/EMM/2,1,0,28356.763989,28356.763989,28356.763989,28356.763989,215.0,0.0002758456848840466,0.0,28000,28000,28000,28000,28000,28000,28000,28000,28000,28000,28000
GET,/api/cart/update/anonymous-376/HPTD/2,1,0,33190.94961999997,33190.94961999997,33190.94961999997,33190.94961999997,213.0,0.0002758456848840466,0.0,33000,33000,33000,33000,33000,33000,33000,33000,33000,33000,33000
GET,/api/cart/update/anonymous-377/HPTD/2,1,0,33620.67011200009,33620.67011200009,33620.67011200009,33620.67011200009,226.0,0.0002758456848840466,0.0,34000,34000,34000,34000,34000,34000,34000,34000,34000,34000,34000
GET,/api/cart/update/anonymous-377/Watson/2,1,0,27852.86015899999,27852.86015899999,27852.86015899999,27852.86015899999,182.0,0.0002758456848840466,0.0,28000,28000,28000,28000,28000,28000,28000,28000,28000,28000,28000
GET,/api/cart/update/anonymous-378/EPE/2,2,0,23048.564880999947,25702.950589500004,23048.564880999947,28357.336298000064,208.5,0.0005516913697680932,0.0,28000,28000,28000,28000,28000,28000,28000,28000,28000,28000,28000
GET,/api/cart/update/anonymous-379/HPTD/2,1,0,28124.35526500008,28124.35526500008,28124.35526500008,28124.35526500008,219.0,0.0002758456848840466,0.0,28000,28000,28000,28000,28000,28000,28000,28000,28000,28000,28000
GET,/api/cart/update/anonymous-379/UHJ/2,1,0,28316.17532500002,28316.17532500002,28316.17532500002,28316.17532500002,141.0,0.0002758456848840466,0.0,28000,28000,28000,28000,28000,28000,28000,28000,28000,28000,28000
GET,/api/cart/update/anonymous-38/UHJ/2,1,0,9.940732000018215,9.940732000018215,9.940732000018215,9.940732000018215,226.0,0.0002758456848840466,0.0,10,10,10,10,10,10,10,10,10,10,10
GET,/api/cart/update/anonymous-38/Watson/2,1,0,37.98471900000777,37.98471900000777,37.98471900000777,37.98471900000777,198.0,0.0002758456848840466,0.0,38,38,38,38,38,38,38,38,38,38,38
GET,/api/cart/update/anonymous-380/SHCE/2,1,0,35973.463317000096,35973.463317000096,35973.463317000096,35973.463317000096,125.0,0.0002758456848840466,0.0,36000,36000,36000,36000,36000,36000,36000,36000,36000,36000,36000
GET,/api/cart/update/anonymous-380/Watson/2,1,0,27875.29637600005,27875.29637600005,27875.29637600005,27875.29637600005,182.0,0.0002758456848840466,0.0,28000,28000,28000,28000,28000,28000,28000,28000,28000,28000,28000
GET,/api/cart/update/anonymous-381/EMM/2,1,0,32002.84599100007,32002.84599100007,32002.84599100007,32002.84599100007,205.0,0.0002758456848840466,0.0,32000,32000,32000,32000,32000,32000,32000,32000,32000,32000,32000
GET,/api/cart/update/anonymous-381/HPTD/2,1,0,32311.21034,32311.21034,32311.21034,32311.21034,223.0,0.0002758456848840466,0.0,32000,32000,32000,32000,32000,32000,32000,32000,32000,32000,32000
GET,/api/cart/update/anonymous-382/EPE/2,1,0,28440.207981000072,28440.207981000072,28440.207981000072,28440.207981000072,130.0,0.0002758456848840466,0.0,28000,28000,28000,28000,28000,28000,28000,28000,28000,28000,28000
GET,/api/cart/update/anonymous-382/STAN-1/2,1,0,35994.177401999994,35994.177401999994,35994.177401999994,35994.177401999994,182.0,0.0002758456848840466,0.0,36000,36000,36000,36000,36000,36000,36000,36000,36000,36000,36000
GET,/api/cart/update/anonymous-383/EMM/2,1,0,28153.159372000006,28153.159372000006,28153.159372000006,28153.159372000006,206.0,0.0002758456848840466,0.0,28000,28000,28000,28000,28000,28000,28000,28000,28000,28000,28000
GET,/api/cart/update/anonymous-383/HPTD/2,1,0,32002.645288999927,32002.645288999927,32002.645288999927,32002.645288999927,226.0,0.0002758456848840466,0.0,32000,32000,32000,32000,32000,32000,32000,32000,32000,32000,32000
GET,/api/cart/update/anonymous-384/HPTD/2,1,0,36263.66534600004,36263.66534600004,36263.66534600004,36263.66534600004,223.0,0.0002758456848840466,0.0,36000,36000,36000,36000,36000,36000,36000,36000,36000,36000,36000
GET,/api/cart/update/anonymous-384/RMC/2,1,0,33538.152699999955,33538.152699999955,33538.152699999955,33538.152699999955,199.0,0.0002758456848840466,0.0,34000,34000,34000,34000,34000,34000,34000,34000,34000,34000,34000
GET,/api/cart/update/anonymous-385/SHCE/2,1,0,33170.09004300008,33170.09004300008,33170.09004300008,33170.09004300008,222.0,0.0002758456848840466,0.0,33000,33000,33000,33000,33000,33000,33000,33000,33000,33000,33000
GET,/api/cart/update/anonymous-385/STAN-1/2,1,0,28226.444946000014,28226.444946000014,28226.444946000014,28226.444946000014,187.0,0.0002758456848840466,0.0,28000,28000,28000,28000,28000,28000,28000,28000,28000,28000,28000
GET,/api/cart/update/anonymous-386/EMM/2,1,0,28197.912951000035,28197.912951000035,28197.912951000035,28197.912951000035,227.0,0.0002758456848840466,0.0,28000,28000,28000,28000,28000,28000,28000,28000,28000,28000,28000
GET,/api/cart/update/anonymous-386/SHCE/2,1,0,36001.59794499996,36001.59794499996,36001.59794499996,36001.59794499996,228.0,0.0002758456848840466,0.0,36000,36000,36000,36000,36000,36000,36000,36000,36000,36000,36000
GET,/api/cart/update/anonymous-387/EPE/2,1,0,28377.63157400002,28377.63157400002,28377.63157400002,28377.63157400002,195.0,0.0002758456848840466,0.0,28000,28000,28000,28000,28000,28000,28000,28000,28000,28000,28000
GET,/api/cart/update/anonymous-387/RMC/2,1,0,28196.607138999978,28196.607138999978,28196.607138999978,28196.607138999978,199.0,0.0002758456848840466,0.0,28000,28000,28000,28000,28000,28000,28000,28000,28000,28000,28000
GET,/api/cart/update/anonymous-388/EPE/2,1,0,32183.409006000034,32183.409006000034,32183.409006000034,32183.409006000034,200.0,0.0002758456848840466,0.0,32000,32000,32000,32000,32000,32000,32000,32000,32000,32000,32000
GET,/api/cart/update/anonymous-388/Watson/2,1,0,36645.54429300006,36645.54429300006,36645.54429300006,36645.54429300006,182.0,0.0002758456848840466,0.0,37000,37000,37000,37000,37000,37000,37000,37000,37000,37000,37000
GET,/api/cart/update/anonymous-389/RED/2,2,0,28000.0,28124.538075999964,27941.193406000024,28307.882745999905,196.0,0.0005516913697680932,0.0,28000,28000,28000,28000,28000,28000,28000,28000,28000,28000,28000
GET,/api/cart/update/anonymous-39/HPTD/2,1,0,48820.50037099998,48820.50037099998,48820.50037099998,48820.50037099998,378.0,0.0002758456848840466,0.0,49000,49000,49000,49000,49000,49000,49000,49000,49000,49000,49000
GET,/api/cart/update/anonymous-39/STAN-1/2,1,0,11.863237000000026,11.863237000000026,11.863237000000026,11.863237000000026,187.0,0.0002758456848840466,0.0,12,12,12,12,12,12,12,12,12,12,12
GET,/api/cart/update/anonymous-39/Watson/2,1,0,28.399389000014708,28.399389000014708,28.399389000014708,28.399389000014708,191.0,0.0002758456848840466,0.0,28,28,28,28,28,28,28,28,28,28,28
GET,/api/cart/update/anonymous-390/RED/2,1,0,28254.46539199993,28254.46539199993,28254.46539199993,28254.46539199993,207.0,0.0002758456848840466,0.0,28000,28000,28000,28000,28000,28000,28000,28000,28000,28000,28000
GET,/api/cart/update/anonymous-390/RMC/2,1,0,28207.425237000054,28207.425237000054,28207.425237000054,28207.425237000054,199.0,0.0002758456848840466,0.0,28000,28000,28000,28000,28000,28000,28000,28000,28000,28000,28000
GET,/api/cart/update/anonymous-391/EMM/2,1,0,28318.459241000026,28318.459241000026,28318.459241000026,28318.459241000026,137.0,0.0002758456848840466,0.0,28000,28000,28000,28000,28000,28000,28000,28000,28000,28000,28000
GET,/api/cart/update/anonymous-391/HPTD/2,1,0,27938.00217699993,27938.00217699993,27938.00217699993,27938.00217699993,193.0,0.0002758456848840466,0.0,28000,28000,28000,28000,28000,28000,28000,28000,28000,28000,28000
GET,/api/cart/update/anonymous-392/SHCE/2,1,0,28367.980790000045,28367.980790000045,28367.980790000045,28367.980790000045,225.0,0.0002758456848840466,0.0,28000,28000,28000,28000,28000,28000,28000,28000,28000,28000,28000
GET,/api/cart/update/anonymous-392/STAN-1/2,1,0,33601.36534800006,33601.36534800006,33601.36534800006,33601.36534800006,201.0,0.0002758456848840466,0.0,34000,34000,34000,34000,34000,34000,34000,34000,34000,34000,34000
GET,/api/cart/update/anonymous-393/HPTD/2,1,0,32510.597953,32510.597953,32510.597953,32510.597953,193.0,0.0002758456848840466,0.0,33000,33000,33000,33000,33000,33000,33000,33000,33000,33000,33000
GET,/api/cart/update/anonymous-393/STAN-1/2,1,0,28326.71542000003,28326.71542000003,28326.71542000003,28326.71542000003,204.0,0.0002758456848840466,0.0,28000,28000,28000,28000,28000,28000,28000,28000,28000,28000,28000
GET,/api/cart/update/anonymous-394/EPE/2,1,0,32451.35556699995,32451.35556699995,32451.35556699995,32451.35556699995,208.0,0.0002758456848840466,0.0,32000,32000,32000,32000,32000,32000,32000,32000,32000,32000,32000
GET,/api/cart/update/anonymous-394/UHJ/2,1,0,36284.944320000024,36284.944320000024,36284.944320000024,36284.944320000024,230.0,0.0002758456848840466,0.0,36000,36000,36000,36000,36000,36000,36000,36000,36000,36000,36000
GET,/api/cart/update/anonymous-395/EMM/2,1,0,33275.06171100003,33275.06171100003,33275.06171100003,33275.06171100003,229.0,0.0002758456848840466,0.0,33000,33000,33000,33000,33000,33000,33000,33000,33000,33000,33000
GET,/api/cart/update/anonymous-395/EPE/2,1,0,32479.358497999896,32479.358497999896,32479.358497999896,32479.358497999896,222.0,0.0002758456848840466,0.0,32000,32000,32000,32000,32000,32000,32000,32000,32000,32000,32000
GET,/api/cart/update/anonymous-396/RMC/2,2,0,33181.92844500004,33231.902158000026,33181.92844500004,33281.87587100001,197.0,0.0005516913697680932,0.0,33000,33000,33000,33000,33000,33000,33000,33000,33000,33000,33000
GET,/api/cart/update/anonymous-397/EPE/2,1,0,27951.57239900004,27951.57239900004,27951.57239900004,27951.57239900004,200.0,0.0002758456848840466,0.0,28000,28000,28000,28000,28000,28000,28000,28000,28000,28000,28000
GET,/api/cart/update/anonymous-397/Watson/2,1,0,35952.55844899998,35952.55844899998,35952.55844899998,35952.55844899998,206.0,0.0002758456848840466,0.0,36000,36000,36000,36000,36000,36000,36000,36000,36000,36000,36000
GET,/api/cart/update/anonymous-398/HPTD/2,1,0,28242.265232000023,28242.265232000023,28242.265232000023,28242.265232000023,193.0,0.0002758456848840466,0.0,28000,28000,28000,28000,28000,28000,28000,28000,28000,28000,28000
GET,/api/cart/update/anonymous-398/STAN-1/2,1,0,35979.93247199997,35979.93247199997,35979.93247199997,35979.93247199997,191.0,0.0002758456848840466,0.0,36000,36000,36000,36000,36000,36000,36000,36000,36000,36000,36000
GET,/api/cart/update/anonymous-399/EPE/2,1,0,23412.752132000038,23412.752132000038,23412.752132000038,23412.752132000038,130.0,0.0002758456848840466,0.0,23000,23000,23000,23000,23000,23000,23000,23000,23000,23000,23000
GET,/api/cart/update/anonymous-399/UHJ/2,1,0,28307.939153999996,28307.939153999996,28307.939153999996,28307.939153999996,233.0,0.0002758456848840466,0.0,28000,28000,28000,28000,28000,28000,28000,28000,28000,28000,28000
GET,/api/cart/update/anonymous-4/EMM/2,1,0,26868.862206999893,26868.862206999893,26868.862206999893,26868.862206999893,137.0,0.0002758456848840466,0.0,27000,27000,27000,27000,27000,27000,27000,27000,27000,27000,27000
GET,/api/cart/update/anonymous-4/HPTD/2,1,0,19.142059999978756,19.142059999978756,19.142059999978756,19.142059999978756,219.0,0.0002758456848840466,0.0,19,19,19,19,19,19,19,19,19,19,19
GET,/api/cart/update/anonymous-4/RMC/2,1,0,17.746655999985705,17.746655999985705,17.746655999985705,17.746655999985705,210.0,0.0002758456848840466,0.0,18,18,18,18,18,18,18,18,18,18,18
GET,/api/cart/update/anonymous-4/Watson/2,1,0,69247.33801999991,69247.33801999991,69247.33801999991,69247.33801999991,182.0,0.0002758456848840466,0.0,69000,69000,69000,69000,69000,69000,69000,69000,69000,69000,69000
GET,/api/cart/update/anonymous-40/EMM/2,1,0,48815.92739200005,48815.92739200005,48815.92739200005,48815.92739200005,402.0,0.0002758456848840466,0.0,49000,49000,49000,49000,49000,49000,49000,49000,49000,49000,49000
GET,/api/cart/update/anonymous-40/RMC/2,1,0,23.62837500004389,23.62837500004389,23.62837500004389,23.62837500004389,190.0,0.0002758456848840466,0.0,24,24,24,24,24,24,24,24,24,24,24
GET,/api/cart/update/anonymous-40/UHJ/2,1,0,10.711533999995027,10.711533999995027,10.711533999995027,10.711533999995027,230.0,0.0002758456848840466,0.0,11,11,11,11,11,11,11,11,11,11,11
GET,/api/cart/update/anonymous-400/HPTD/2,1,0,28132.776842,28132.776842,28132.776842,28132.776842,223.0,0.0002758456848840466,0.0,28000,28000,28000,28000,28000,28000,28000,28000,28000,28000,28000
GET,/api/cart/update/anonymous-400/STAN-1/2,1,0,52449.303343,52449.303343,52449.303343,52449.303343,182.0,0.0002758456848840466,0.0,52000,52000,52000,52000,52000,52000,52000,52000,52000,52000,52000
GET,/api/cart/update/anonymous-401/RED/2,1,0,36171.28208500003,36171.28208500003,36171.28208500003,36171.28208500003,202.0,0.0002758456848840466,0.0,36000,36000,36000,36000,36000,36000,36000,36000,36000,36000,36000
GET,/api/cart/update/anonymous-401/SHCE/2,1,0,33602.52865799998,33602.52865799998,33602.52865799998,33602.52865799998,228.0,0.0002758456848840466,0.0,34000,34000,34000,34000,34000,34000,34000,34000,34000,34000,34000
GET,/api/cart/update/anonymous-402/RMC/2,1,0,33280.696560000026,33280.696560000026,33280.696560000026,33280.696560000026,215.0,0.0002758456848840466,0.0,33000,33000,33000,33000,33000,33000,33000,33000,33000,33000,33000
GET,/api/cart/update/anonymous-402/STAN-1/2,1,0,28335.42169100008,28335.42169100008,28335.42169100008,28335.42169100008,201.0,0.0002758456848840466,0.0,28000,28000,28000,28000,28000,28000,28000,28000,28000,28000,28000
GET,/api/cart/update/anonymous-403/EMM/2,1,0,35949.28743399998,35949.28743399998,35949.28743399998,35949.28743399998,217.0,0.0002758456848840466,0.0,36000,36000,36000,36000,36000,36000,36000,36000,36000,36000,36000
GET,/api/cart/update/anonymous-403/RMC/2,1,0,32191.202371000032,32191.202371000032,32191.202371000032,32191.202371000032,202.0,0.0002758456848840466,0.0,32000,32000,32000,32000,32000,32000,32000,32000,32000,32000,32000
GET,/api/cart/update/anonymous-404/EMM/2,2,0,28256.508811000003,30220.311109499962,28256.508811000003,32184.113407999917,216.5,0.0005516913697680932,0.0,32000,32000,32000,32000,32000,32000,32000,32000,32000,32000,32000
GET,/api/cart/update/anonymous-405/RED/2,1,0,32489.439995999986,32489.439995999986,32489.439995999986,32489.439995999986,226.0,0.0002758456848840466,0.0,32000,32000,32000,32000,32000,32000,32000,32000,32000,32000,32000
GET,/api/cart/update/anonymous-405/Watson/2,1,0,36002.218653,36002.218653,36002.218653,36002.218653,196.0,0.0002758456848840466,0.0,36000,36000,36000,36000,36000,36000,36000,36000,36000,36000,36000
GET,/api/cart/update/anonymous-406/HPTD/2,1,0,32308.661978000033,32308.661978000033,32308.661978000033,32308.661978000033,223.0,0.0002758456848840466,0.0,32000,32000,32000,32000,32000,32000,32000,32000,32000,32000,32000
GET,/api/cart/update/anonymous-406/RED/2,1,0,32512.65399199997,32512.65399199997,32512.65399199997,32512.65399199997,214.0,0.0002758456848840466,0.0,33000,33000,33000,33000,33000,33000,33000,33000,33000,33000,33000
GET,/api/cart/update/anonymous-407/HPTD/2,1,0,27877.11269299996,27877.11269299996,27877.11269299996,27877.11269299996,121.0,0.0002758456848840466,0.0,28000,28000,28000,28000,28000,28000,28000,28000,28000,28000,28000
GET,/api/cart/update/anonymous-407/SHCE/2,1,0,33272.37509099996,33272.37509099996,33272.37509099996,33272.37509099996,228.0,0.0002758456848840466,0.0,33000,33000,33000,33000,33000,33000,33000,33000,33000,33000,33000
GET,/api/cart/update/anonymous-408/RED/2,1,0,35900.86910399998,35900.86910399998,35900.86910399998,35900.86910399998,185.0,0.0002758456848840466,0.0,36000,36000,36000,36000,36000,36000,36000,36000,36000,36000,36000
GET,/api/cart/update/anonymous-408/Watson/2,1,0,36020.85951699996,36020.85951699996,36020.85951699996,36020.85951699996,191.0,0.0002758456848840466,0.0,36000,36000,36000,36000,36000,36000,36000,36000,36000,36000,36000
GET,/api/cart/update/anonymous-409/RMC/2,2,0,28000.0,28080.538945499997,27967.21525499993,28193.862636000064,187.0,0.0005516913697680932,0.0,28000,28000,28000,28000,28000,28000,28000,28000,28000,28000,28000
GET,/api/cart/update/anonymous-41/EPE/2,1,0,19.045059999996283,19.045059999996283,19.045059999996283,19.045059999996283,219.0,0.0002758456848840466,0.0,19,19,19,19,19,19,19,19,19,19,19
GET,/api/cart/update/anonymous-41/RMC/2,1,0,29.848994000019502,29.848994000019502,29.848994000019502,29.848994000019502,216.0,0.0002758456848840466,0.0,30,30,30,30,30,30,30,30,30,30,30
GET,/api/cart/update/anonymous-410/EMM/2,1,0,33003.547454,33003.547454,33003.547454,33003.547454,222.0,0.0002758456848840466,0.0,33000,33000,33000,33000,33000,33000,33000,33000,33000,33000,33000
GET,/api/cart/update/anonymous-410/SHCE/2,1,0,28314.003180999975,28314.003180999975,28314.003180999975,28314.003180999975,198.0,0.0002758456848840466,0.0,28000,28000,28000,28000,28000,28000,28000,28000,28000,28000,28000
GET,/api/cart/update/anonymous-411/EPE/2,1,0,101402.796815,101402.796815,101402.796815,101402.796815,200.0,0.0002758456848840466,0.0,101000,101000,101000,101000,101000,101000,101000,101000,101000,101000,101000
GET,/api/cart/update/anonymous-411/SHCE/2,1,0,28010.007680000057,28010.007680000057,28010.007680000057,28010.007680000057,125.0,0.0002758456848840466,0.0,28000,28000,28000,28000,28000,28000,28000,28000,28000,28000,28000
GET,/api/cart/update/anonymous-412/SHCE/2,1,0,32846.31540299995,32846.31540299995,32846.31540299995,32846.31540299995,228.0,0.0002758456848840466,0.0,33000,33000,33000,33000,33000,33000,33000,33000,33000,33000,33000
GET,/api/cart/update/anonymous-412/STAN-1/2,1,0,28112.449602999957,28112.449602999957,28112.449602999957,28112.449602999957,204.0,0.0002758456848840466,0.0,28000,28000,28000,28000,28000,28000,28000,28000,28000,28000,28000
GET,/api/cart/update/anonymous-413/SHCE/2,1,0,35942.13728600005,35942.13728600005,35942.13728600005,35942.13728600005,203.0,0.0002758456848840466,0.0,36000,36000,36000,36000,36000,36000,36000,36000,36000,36000,36000
GET,/api/cart/update/anonymous-413/STAN-1/2,1,0,33181.525341999986,33181.525341999986,33181.525341999986,33181.525341999986,184.0,0.0002758456848840466,0.0,33000,33000,33000,33000,33000,33000,33000,33000,33000,33000,33000
GET,/api/cart/update/anonymous-414/RMC/2,1,0,33210.679738000064,33210.679738000064,33210.679738000064,33210.679738000064,184.0,0.0002758456848840466,0.0,33000,33000,33000,33000,33000,33000,33000,33000,33000,33000,33000
GET,/api/cart/update/anonymous-414/SHCE/2,1,0,101703.65975799985,101703.65975799985,101703.65975799985,101703.65975799985,198.0,0.0002758456848840466,0.0,102000,102000,102000,102000,102000,102000,102000,102000,102000,102000,102000
GET,/api/cart/update/anonymous-415/RED/2,1,0,33273.97310499998,33273.97310499998,33273.97310499998,33273.97310499998,202.0,0.0002758456848840466,0.0,33000,33000,33000,33000,33000,33000,33000,33000,33000,33000,33000
GET,/api/cart/update/anonymous-415/RMC/2,1,0,36041.725302999905,36041.725302999905,36041.725302999905,36041.725302999905,210.0,0.0002758456848840466,0.0,36000,36000,36000,36000,36000,36000,36000,36000,36000,36000,36000
GET,/api/cart/update/anonymous-416/EMM/2,1,0,28321.31094800002,28321.31094800002,28321.31094800002,28321.31094800002,222.0,0.0002758456848840466,0.0,28000,28000,28000,28000,28000,28000,28000,28000,28000,28000,28000
GET,/api/cart/update/anonymous-416/RED/2,1,0,36163.29711699996,36163.29711699996,36163.29711699996,36163.29711699996,212.0,0.0002758456848840466,0.0,36000,36000,36000,36000,36000,36000,36000,36000,36000,36000,36000
GET,/api/cart/update/anonymous-417/SHCE/2,1,0,32479.963206999968,32479.963206999968,32479.963206999968,32479.963206999968,228.0,0.0002758456848840466,0.0,32000,32000,32000,32000,32000,32000,32000,32000,32000,32000,32000
GET,/api/cart/update/anonymous-417/UHJ/2,1,0,52451.99516499997,52451.99516499997,52451.99516499997,52451.99516499997,211.0,0.0002758456848840466,0.0,52000,52000,52000,52000,52000,52000,52000,52000,52000,52000,52000
GET,/api/cart/update/anonymous-418/HPTD/2,1,0,32445.456936000028,32445.456936000028,32445.456936000028,32445.456936000028,223.0,0.0002758456848840466,0.0,32000,32000,32000,32000,32000,32000,32000,32000,32000,32000,32000
GET,/api/cart/update/anonymous-418/RED/2,1,0,51766.65068700004,51766.65068700004,51766.65068700004,51766.65068700004,226.0,0.0002758456848840466,0.0,52000,52000,52000,52000,52000,52000,52000,52000,52000,52000,52000
GET,/api/cart/update/anonymous-419/STAN-1/2,1,0,32460.49774200003,32460.49774200003,32460.49774200003,32460.49774200003,204.0,0.0002758456848840466,0.0,32000,32000,32000,32000,32000,32000,32000,32000,32000,32000,32000
GET,/api/cart/update/anonymous-419/Watson/2,1,0,33283.81288699996,33283.81288699996,33283.81288699996,33283.81288699996,182.0,0.0002758456848840466,0.0,33000,33000,33000,33000,33000,33000,33000,33000,33000,33000,33000
GET,/api/cart/update/anonymous-42/EMM/2,1,0,28.938890999995692,28.938890999995692,28.938890999995692,28.938890999995692,137.0,0.0002758456848840466,0.0,29,29,29,29,29,29,29,29,29,29,29
GET,/api/cart/update/anonymous-42/Watson/2,1,0,9.749129999988781,9.749129999988781,9.749129999988781,9.749129999988781,196.0,0.0002758456848840466,0.0,10,10,10,10,10,10,10,10,10,10,10
GET,/api/cart/update/anonymous-420/SHCE/2,2,0,27448.923111,31618.716004000024,27448.923111,35788.50889700004,228.0,0.0005516913697680932,0.0,36000,36000,36000,36000,36000,36000,36000,36000,36000,36000,36000
GET,/api/cart/update/anonymous-421/HPTD/2,1,0,35731.23111500002,35731.23111500002,35731.23111500002,35731.23111500002,199.0,0.0002758456848840466,0.0,36000,36000,36000,36000,36000,36000,36000,36000,36000,36000,36000
GET,/api/cart/update/anonymous-421/Watson/2,1,0,33601.473349,33601.473349,33601.473349,33601.473349,202.0,0.0002758456848840466,0.0,34000,34000,34000,34000,34000,34000,34000,34000,34000,34000,34000
GET,/api/cart/update/anonymous-422/HPTD/2,1,0,36353.055875999984,36353.055875999984,36353.055875999984,36353.055875999984,121.0,0.0002758456848840466,0.0,36000,36000,36000,36000,36000,36000,36000,36000,36000,36000,36000
GET,/api/cart/update/anonymous-422/UHJ/2,1,0,35546.829762000016,35546.829762000016,35546.829762000016,35546.829762000016,211.0,0.0002758456848840466,0.0,36000,36000,36000,36000,36000,36000,36000,36000,36000,36000,36000
GET,/api/cart/update/anonymous-423/EMM/2,1,0,27965.444650999983,27965.444650999983,27965.444650999983,27965.444650999983,205.0,0.0002758456848840466,0.0,28000,28000,28000,28000,28000,28000,28000,28000,28000,28000,28000
GET,/api/cart/update/anonymous-423/STAN-1/2,1,0,32488.700872999972,32488.700872999972,32488.700872999972,32488.700872999972,182.0,0.0002758456848840466,0.0,32000,32000,32000,32000,32000,32000,32000,32000,32000,32000,32000
GET,/api/cart/update/anonymous-424/HPTD/2,1,0,32528.70133800002,32528.70133800002,32528.70133800002,32528.70133800002,219.0,0.0002758456848840466,0.0,33000,33000,33000,33000,33000,33000,33000,33000,33000,33000,33000
GET,/api/cart/update/anonymous-424/STAN-1/2,1,0,51772.80163899991,51772.80163899991,51772.80163899991,51772.80163899991,195.0,0.0002758456848840466,0.0,52000,52000,52000,52000,52000,52000,52000,52000,52000,52000,52000
GET,/api/cart/update/anonymous-425/RMC/2,1,0,101664.15775000007,101664.15775000007,101664.15775000007,101664.15775000007,199.0,0.0002758456848840466,0.0,102000,102000,102000,102000,102000,102000,102000,102000,102000,102000,102000
GET,/api/cart/update/anonymous-425/UHJ/2,1,0,32524.543805999998,32524.543805999998,32524.543805999998,32524.543805999998,206.0,0.0002758456848840466,0.0,33000,33000,33000,33000,33000,33000,33000,33000,33000,33000,33000
GET,/api/cart/update/anonymous-426/HPTD/2,1,0,35568.160039000075,35568.160039000075,35568.160039000075,35568.160039000075,226.0,0.0002758456848840466,0.0,36000,36000,36000,36000,36000,36000,36000,36000,36000,36000,36000
GET,/api/cart/update/anonymous-426/RMC/2,1,0,52450.03314899998,52450.03314899998,52450.03314899998,52450.03314899998,199.0,0.0002758456848840466,0.0,52000,52000,52000,52000,52000,52000,52000,52000,52000,52000,52000
GET,/api/cart/update/anonymous-427/RED/2,1,0,35571.39106600005,35571.39106600005,35571.39106600005,35571.39106600005,221.0,0.0002758456848840466,0.0,36000,36000,36000,36000,36000,36000,36000,36000,36000,36000,36000
GET,/api/cart/update/anonymous-427/Watson/2,1,0,33275.56811900001,33275.56811900001,33275.56811900001,33275.56811900001,202.0,0.0002758456848840466,0.0,33000,33000,33000,33000,33000,33000,33000,33000,33000,33000,33000
GET,/api/cart/update/anonymous-428/RED/2,1,0,27531.972134000058,27531.972134000058,27531.972134000058,27531.972134000058,134.0,0.0002758456848840466,0.0,28000,28000,28000,28000,28000,28000,28000,28000,28000,28000,28000
GET,/api/cart/update/anonymous-428/Watson/2,1,0,33271.20288099991,33271.20288099991,33271.20288099991,33271.20288099991,206.0,0.0002758456848840466,0.0,33000,33000,33000,33000,33000,33000,33000,33000,33000,33000,33000
GET,/api/cart/update/anonymous-429/RED/2,1,0,27334.484619000024,27334.484619000024,27334.484619000024,27334.484619000024,212.0,0.0002758456848840466,0.0,27000,27000,27000,27000,27000,27000,27000,27000,27000,27000,27000
GET,/api/cart/update/anonymous-429/Watson/2,1,0,35933.314300000005,35933.314300000005,35933.314300000005,35933.314300000005,202.0,0.0002758456848840466,0.0,36000,36000,36000,36000,36000,36000,36000,36000,36000,36000,36000
GET,/api/cart/update/anonymous-43/SHCE/2,1,0,55009.25953400019,55009.25953400019,55009.25953400019,55009.25953400019,290.0,0.0002758456848840466,0.0,55000,55000,55000,55000,55000,55000,55000,55000,55000,55000,55000
GET,/api/cart/update/anonymous-43/STAN-1/2,1,0,19.86076299999695,19.86076299999695,19.86076299999695,19.86076299999695,204.0,0.0002758456848840466,0.0,20,20,20,20,20,20,20,20,20,20,20
GET,/api/cart/update/anonymous-43/Watson/2,1,0,19.094861000041874,19.094861000041874,19.094861000041874,19.094861000041874,196.0,0.0002758456848840466,0.0,19,19,19,19,19,19,19,19,19,19,19
GET,/api/cart/update/anonymous-430/UHJ/2,1,0,32439.200662000076,32439.200662000076,32439.200662000076,32439.200662000076,141.0,0.0002758456848840466,0.0,32000,32000,32000,32000,32000,32000,32000,32000,32000,32000,32000
GET,/api/cart/update/anonymous-430/Watson/2,1,0,33264.885725999986,33264.885725999986,33264.885725999986,33264.885725999986,182.0,0.0002758456848840466,0.0,33000,33000,33000,33000,33000,33000,33000,33000,33000,33000,33000
GET,/api/cart/update/anonymous-431/SHCE/2,2,0,27430.731949999994,31585.77377299997,27430.731949999994,35740.81559599995,217.5,0.0005516913697680932,0.0,36000,36000,36000,36000,36000,36000,36000,36000,36000,36000,36000
GET,/api/cart/update/anonymous-432/RED/2,1,0,32530.138494000086,32530.138494000086,32530.138494000086,32530.138494000086,207.0,0.0002758456848840466,0.0,33000,33000,33000,33000,33000,33000,33000,33000,33000,33000,33000
GET,/api/cart/update/anonymous-432/STAN-1/2,1,0,32491.41259500004,32491.41259500004,32491.41259500004,32491.41259500004,195.0,0.0002758456848840466,0.0,32000,32000,32000,32000,32000,32000,32000,32000,32000,32000,32000
GET,/api/cart/update/anonymous-433/EMM/2,1,0,51777.32197400007,51777.32197400007,51777.32197400007,51777.32197400007,217.0,0.0002758456848840466,0.0,52000,52000,52000,52000,52000,52000,52000,52000,52000,52000,52000
GET,/api/cart/update/anonymous-433/STAN-1/2,1,0,32449.792952000054,32449.792952000054,32449.792952000054,32449.792952000054,112.0,0.0002758456848840466,0.0,32000,32000,32000,32000,32000,32000,32000,32000,32000,32000,32000
GET,/api/cart/update/anonymous-434/EPE/2,1,0,32438.453530999937,32438.453530999937,32438.453530999937,32438.453530999937,219.0,0.0002758456848840466,0.0,32000,32000,32000,32000,32000,32000,32000,32000,32000,32000,32000
GET,/api/cart/update/anonymous-434/UHJ/2,1,0,27446.235391000075,27446.235391000075,27446.235391000075,27446.235391000075,233.0,0.0002758456848840466,0.0,27000,27000,27000,27000,27000,27000,27000,27000,27000,27000,27000
GET,/api/cart/update/anonymous-435/RMC/2,1,0,27814.963659,27814.963659,27814.963659,27814.963659,215.0,0.0002758456848840466,0.0,28000,28000,28000,28000,28000,28000,28000,28000,28000,28000,28000
GET,/api/cart/update/anonymous-435/STAN-1/2,1,0,27466.28797200003,27466.28797200003,27466.28797200003,27466.28797200003,187.0,0.0002758456848840466,0.0,27000,27000,27000,27000,27000,27000,27000,27000,27000,27000,27000
GET,/api/cart/update/anonymous-436/HPTD/2,2,0,36000.0,38007.295172499995,35539.67640099995,40474.913944000036,173.5,0.0005516913697680932,0.0,40000,40000,40000,40000,40000,40000,40000,40000,40000,40000,40000
GET,/api/cart/update/anonymous-437/STAN-1/2,2,0,32428.54399300006,42097.00643450003,32428.54399300006,51765.468876,195.5,0.0005516913697680932,0.0,52000,52000,52000,52000,52000,52000,52000,52000,52000,52000,52000
GET,/api/cart/update/anonymous-438/EPE/2,1,0,35768.88163000001,35768.88163000001,35768.88163000001,35768.88163000001,208.0,0.0002758456848840466,0.0,36000,36000,36000,36000,36000,36000,36000,36000,36000,36000,36000
GET,/api/cart/update/anonymous-438/Watson/2,1,0,32481.25231900008,32481.25231900008,32481.25231900008,32481.25231900008,196.0,0.0002758456848840466,0.0,32000,32000,32000,32000,32000,32000,32000,32000,32000,32000,32000
GET,/api/cart/update/anonymous-439/UHJ/2,1,0,27439.380427999935,27439.380427999935,27439.380427999935,27439.380427999935,230.0,0.0002758456848840466,0.0,27000,27000,27000,27000,27000,27000,27000,27000,27000,27000,27000
GET,/api/cart/update/anonymous-44/EMM/2,1,0,19.803562999982205,19.803562999982205,19.803562999982205,19.803562999982205,188.0,0.0002758456848840466,0.0,20,20,20,20,20,20,20,20,20,20,20
GET,/api/cart/update/anonymous-44/RED/2,1,0,55002.59005299995,55002.59005299995,55002.59005299995,55002.59005299995,376.0,0.0002758456848840466,0.0,55000,55000,55000,55000,55000,55000,55000,55000,55000,55000,55000
GET,/api/cart/update/anonymous-44/UHJ/2,1,0,34.5508089999953,34.5508089999953,34.5508089999953,34.5508089999953,206.0,0.0002758456848840466,0.0,35,35,35,35,35,35,35,35,35,35,35
GET,/api/cart/update/anonymous-440/RED/2,1,0,32478.38956399994,32478.38956399994,32478.38956399994,32478.38956399994,221.0,0.0002758456848840466,0.0,32000,32000,32000,32000,32000,32000,32000,32000,32000,32000,32000
GET,/api/cart/update/anonymous-440/RMC/2,1,0,32523.79410900005,32523.79410900005,32523.79410900005,32523.79410900005,210.0,0.0002758456848840466,0.0,33000,33000,33000,33000,33000,33000,33000,33000,33000,33000,33000
GET,/api/cart/update/anonymous-441/EMM/2,1,0,51794.13330600005,51794.13330600005,51794.13330600005,51794.13330600005,217.0,0.0002758456848840466,0.0,52000,52000,52000,52000,52000,52000,52000,52000,52000,52000,52000
GET,/api/cart/update/anonymous-441/RED/2,1,0,27457.461489000023,27457.461489000023,27457.461489000023,27457.461489000023,224.0,0.0002758456848840466,0.0,27000,27000,27000,27000,27000,27000,27000,27000,27000,27000,27000
GET,/api/cart/update/anonymous-442/SHCE/2,1,0,31874.641433999954,31874.641433999954,31874.641433999954,31874.641433999954,225.0,0.0002758456848840466,0.0,32000,32000,32000,32000,32000,32000,32000,32000,32000,32000,32000
GET,/api/cart/update/anonymous-442/STAN-1/2,1,0,32428.609976000076,32428.609976000076,32428.609976000076,32428.609976000076,184.0,0.0002758456848840466,0.0,32000,32000,32000,32000,32000,32000,32000,32000,32000,32000,32000
GET,/api/cart/update/anonymous-443/EMM/2,1,0,31866.834169999947,31866.834169999947,31866.834169999947,31866.834169999947,188.0,0.0002758456848840466,0.0,32000,32000,32000,32000,32000,32000,32000,32000,32000,32000,32000
GET,/api/cart/update/anonymous-443/EPE/2,1,0,33610.83703000008,33610.83703000008,33610.83703000008,33610.83703000008,208.0,0.0002758456848840466,0.0,34000,34000,34000,34000,34000,34000,34000,34000,34000,34000,34000
GET,/api/cart/update/anonymous-444/Watson/2,2,0,32420.414336000023,42093.62381300003,32420.414336000023,51766.833290000024,143.0,0.0005516913697680932,0.0,52000,52000,52000,52000,52000,52000,52000,52000,52000,52000,52000
GET,/api/cart/update/anonymous-445/EMM/2,1,0,51757.583114,51757.583114,51757.583114,51757.583114,188.0,0.0002758456848840466,0.0,52000,52000,52000,52000,52000,52000,52000,52000,52000,52000,52000
GET,/api/cart/update/anonymous-445/RMC/2,1,0,32411.129757000024,32411.129757000024,32411.129757000024,32411.129757000024,208.0,0.0002758456848840466,0.0,32000,32000,32000,32000,32000,32000,32000,32000,32000,32000,32000
GET,/api/cart/update/anonymous-446/STAN-1/2,1,0,51785.144134999995,51785.144134999995,51785.144134999995,51785.144134999995,195.0,0.0002758456848840466,0.0,52000,52000,52000,52000,52000,52000,52000,52000,52000,52000,52000
GET,/api/cart/update/anonymous-446/UHJ/2,1,0,32174.885529999985,32174.885529999985,32174.885529999985,32174.885529999985,219.0,0.0002758456848840466,0.0,32000,32000,32000,32000,32000,32000,32000,32000,32000,32000,32000
GET,/api/cart/update/anonymous-447/RMC/2,1,0,35899.16859099992,35899.16859099992,35899.16859099992,35899.16859099992,199.0,0.0002758456848840466,0.0,36000,36000,36000,36000,36000,36000,36000,36000,36000,36000,36000
GET,/api/cart/update/anonymous-447/Watson/2,1,0,51757.009913000045,51757.009913000045,51757.009913000045,51757.009913000045,191.0,0.0002758456848840466,0.0,52000,52000,52000,52000,52000,52000,52000,52000,52000,52000,52000
GET,/api/cart/update/anonymous-448/RED/2,1,0,33587.05973600002,33587.05973600002,33587.05973600002,33587.05973600002,224.0,0.0002758456848840466,0.0,34000,34000,34000,34000,34000,34000,34000,34000,34000,34000,34000
GET,/api/cart/update/anonymous-448/Watson/2,1,0,51764.69786900009,51764.69786900009,51764.69786900009,51764.69786900009,104.0,0.0002758456848840466,0.0,52000,52000,52000,52000,52000,52000,52000,52000,52000,52000,52000
GET,/api/cart/update/anonymous-449/RED/2,1,0,51756.96431299991,51756.96431299991,51756.96431299991,51756.96431299991,207.0,0.0002758456848840466,0.0,52000,52000,52000,52000,52000,52000,52000,52000,52000,52000,52000
GET,/api/cart/update/anonymous-449/UHJ/2,1,0,35570.604859000014,35570.604859000014,35570.604859000014,35570.604859000014,206.0,0.0002758456848840466,0.0,36000,36000,36000,36000,36000,36000,36000,36000,36000,36000,36000
GET,/api/cart/update/anonymous-45/RED/2,1,0,121894.37223400001,121894.37223400001,121894.37223400001,121894.37223400001,221.0,0.0002758456848840466,0.0,122000,122000,122000,122000,122000,122000,122000,122000,122000,122000,122000
GET,/api/cart/update/anonymous-45/RMC/2,2,0,29.16179200002489,33649.06925300002,29.16179200002489,67268.97671400002,310.5,0.0005516913697680932,0.0,67000,67000,67000,67000,67000,67000,67000,67000,67000,67000,67000
GET,/api/cart/update/anonymous-45/Watson/2,1,0,41.86753200002613,41.86753200002613,41.86753200002613,41.86753200002613,202.0,0.0002758456848840466,0.0,42,42,42,42,42,42,42,42,42,42,42
GET,/api/cart/update/anonymous-450/RMC/2,1,0,51756.70930700005,51756.70930700005,51756.70930700005,51756.70930700005,202.0,0.0002758456848840466,0.0,52000,52000,52000,52000,52000,52000,52000,52000,52000,52000,52000
GET,/api/cart/update/anonymous-450/SHCE/2,1,0,32309.642226999928,32309.642226999928,32309.642226999928,32309.642226999928,230.0,0.0002758456848840466,0.0,32000,32000,32000,32000,32000,32000,32000,32000,32000,32000,32000
GET,/api/cart/update/anonymous-451/HPTD/2,1,0,61516.13222100002,61516.13222100002,61516.13222100002,61516.13222100002,213.0,0.0002758456848840466,0.0,62000,62000,62000,62000,62000,62000,62000,62000,62000,62000,62000
GET,/api/cart/update/anonymous-451/UHJ/2,1,0,35872.81846899998,35872.81846899998,35872.81846899998,35872.81846899998,211.0,0.0002758456848840466,0.0,36000,36000,36000,36000,36000,36000,36000,36000,36000,36000,36000
GET,/api/cart/update/anonymous-452/EMM/2,1,0,32359.84192799992,32359.84192799992,32359.84192799992,32359.84192799992,137.0,0.0002758456848840466,0.0,32000,32000,32000,32000,32000,32000,32000,32000,32000,32000,32000
GET,/api/cart/update/anonymous-452/EPE/2,1,0,40467.349681999964,40467.349681999964,40467.349681999964,40467.349681999964,130.0,0.0002758456848840466,0.0,40000,40000,40000,40000,40000,40000,40000,40000,40000,40000,40000
GET,/api/cart/update/anonymous-453/SHCE/2,1,0,51764.41697000007,51764.41697000007,51764.41697000007,51764.41697000007,225.0,0.0002758456848840466,0.0,52000,52000,52000,52000,52000,52000,52000,52000,52000,52000,52000
GET,/api/cart/update/anonymous-453/STAN-1/2,1,0,36094.64215399999,36094.64215399999,36094.64215399999,36094.64215399999,184.0,0.0002758456848840466,0.0,36000,36000,36000,36000,36000,36000,36000,36000,36000,36000,36000
GET,/api/cart/update/anonymous-454/EPE/2,1,0,33538.995006999925,33538.995006999925,33538.995006999925,33538.995006999925,219.0,0.0002758456848840466,0.0,34000,34000,34000,34000,34000,34000,34000,34000,34000,34000,34000
GET,/api/cart/update/anonymous-454/SHCE/2,1,0,51776.84276800005,51776.84276800005,51776.84276800005,51776.84276800005,222.0,0.0002758456848840466,0.0,52000,52000,52000,52000,52000,52000,52000,52000,52000,52000,52000
GET,/api/cart/update/anonymous-455/RED/2,1,0,33588.75854899998,33588.75854899998,33588.75854899998,33588.75854899998,226.0,0.0002758456848840466,0.0,34000,34000,34000,34000,34000,34000,34000,34000,34000,34000,34000
GET,/api/cart/update/anonymous-455/SHCE/2,1,0,32479.402412000014,32479.402412000014,32479.402412000014,32479.402412000014,204.0,0.0002758456848840466,0.0,32000,32000,32000,32000,32000,32000,32000,32000,32000,32000,32000
GET,/api/cart/update/anonymous-456/RED/2,1,0,32308.334475999913,32308.334475999913,32308.334475999913,32308.334475999913,134.0,0.0002758456848840466,0.0,32000,32000,32000,32000,32000,32000,32000,32000,32000,32000,32000
GET,/api/cart/update/anonymous-456/SHCE/2,1,0,62342.20677300004,62342.20677300004,62342.20677300004,62342.20677300004,222.0,0.0002758456848840466,0.0,62000,62000,62000,62000,62000,62000,62000,62000,62000,62000,62000
GET,/api/cart/update/anonymous-457/SHCE/2,2,0,28000.0,34174.98277850001,27884.306788,40465.658769000016,230.0,0.0005516913697680932,0.0,40000,40000,40000,40000,40000,40000,40000,40000,40000,40000,40000
GET,/api/cart/update/anonymous-458/UHJ/2,2,0,36000.0,43823.92406599996,35892.39303499994,51755.455096999984,218.5,0.0005516913697680932,0.0,52000,52000,52000,52000,52000,52000,52000,52000,52000,52000,52000
GET,/api/cart/update/anonymous-459/RMC/2,1,0,27162.015017000045,27162.015017000045,27162.015017000045,27162.015017000045,199.0,0.0002758456848840466,0.0,27000,27000,27000,27000,27000,27000,27000,27000,27000,27000,27000
GET,/api/cart/update/anonymous-459/UHJ/2,1,0,61425.06005600001,61425.06005600001,61425.06005600001,61425.06005600001,230.0,0.0002758456848840466,0.0,61000,61000,61000,61000,61000,61000,61000,61000,61000,61000,61000
GET,/api/cart/update/anonymous-46/EMM/2,2,0,27.29668599999968,14003.764788500008,27.29668599999968,27980.232891000014,183.0,0.0005516913697680932,0.0,28000,28000,28000,28000,28000,28000,28000,28000,28000,28000,28000
GET,/api/cart/update/anonymous-46/HPTD/2,1,0,55000.03792200005,55000.03792200005,55000.03792200005,55000.03792200005,215.0,0.0002758456848840466,0.0,55000,55000,55000,55000,55000,55000,55000,55000,55000,55000,55000
GET,/api/cart/update/anonymous-46/RED/2,1,0,9.632531000022482,9.632531000022482,9.632531000022482,9.632531000022482,207.0,0.0002758456848840466,0.0,10,10,10,10,10,10,10,10,10,10,10
GET,/api/cart/update/anonymous-460/STAN-1/2,1,0,32479.22681199998,32479.22681199998,32479.22681199998,32479.22681199998,184.0,0.0002758456848840466,0.0,32000,32000,32000,32000,32000,32000,32000,32000,32000,32000,32000
GET,/api/cart/update/anonymous-460/Watson/2,1,0,27153.40084800005,27153.40084800005,27153.40084800005,27153.40084800005,182.0,0.0002758456848840466,0.0,27000,27000,27000,27000,27000,27000,27000,27000,27000,27000,27000
GET,/api/cart/update/anonymous-461/HPTD/2,1,0,27615.143666999982,27615.143666999982,27615.143666999982,27615.143666999982,213.0,0.0002758456848840466,0.0,28000,28000,28000,28000,28000,28000,28000,28000,28000,28000,28000
GET,/api/cart/update/anonymous-462/RED/2,1,0,21250.139693999925,21250.139693999925,21250.139693999925,21250.139693999925,185.0,0.0002758456848840466,0.0,21000,21000,21000,21000,21000,21000,21000,21000,21000,21000,21000
GET,/api/cart/update/anonymous-462/STAN-1/2,1,0,27966.88696299998,27966.88696299998,27966.88696299998,27966.88696299998,187.0,0.0002758456848840466,0.0,28000,28000,28000,28000,28000,28000,28000,28000,28000,28000,28000
GET,/api/cart/update/anonymous-463/EPE/2,1,0,32431.03149600006,32431.03149600006,32431.03149600006,32431.03149600006,195.0,0.0002758456848840466,0.0,32000,32000,32000,32000,32000,32000,32000,32000,32000,32000,32000
GET,/api/cart/update/anonymous-463/STAN-1/2,1,0,52357.526096000016,52357.526096000016,52357.526096000016,52357.526096000016,112.0,0.0002758456848840466,0.0,52000,52000,52000,52000,52000,52000,52000,52000,52000,52000,52000
GET,/api/cart/update/anonymous-464/EPE/2,1,1,101042.83271299994,101042.83271299994,101042.83271299994,101042.83271299994,0.0,0.0002758456848840466,0.0002758456848840466,101000,101000,101000,101000,101000,101000,101000,101000,101000,101000,101000
GET,/api/cart/update/anonymous-464/SHCE/2,1,0,32461.386868999965,32461.386868999965,32461.386868999965,32461.386868999965,225.0,0.0002758456848840466,0.0,32000,32000,32000,32000,32000,32000,32000,32000,32000,32000,32000
GET,/api/cart/update/anonymous-465/EPE/2,1,1,101043.05455200006,101043.05455200006,101043.05455200006,101043.05455200006,0.0,0.0002758456848840466,0.0002758456848840466,101000,101000,101000,101000,101000,101000,101000,101000,101000,101000,101000
GET,/api/cart/update/anonymous-465/STAN-1/2,1,0,35657.90820899997,35657.90820899997,35657.90820899997,35657.90820899997,182.0,0.0002758456848840466,0.0,36000,36000,36000,36000,36000,36000,36000,36000,36000,36000,36000
GET,/api/cart/update/anonymous-466/HPTD/2,1,0,101391.43071799993,101391.43071799993,101391.43071799993,101391.43071799993,219.0,0.0002758456848840466,0.0,101000,101000,101000,101000,101000,101000,101000,101000,101000,101000,101000
GET,/api/cart/update/anonymous-466/RMC/2,1,0,32451.838186999907,32451.838186999907,32451.838186999907,32451.838186999907,184.0,0.0002758456848840466,0.0,32000,32000,32000,32000,32000,32000,32000,32000,32000,32000,32000
GET,/api/cart/update/anonymous-467/EPE/2,1,0,32459.415850000027,32459.415850000027,32459.415850000027,32459.415850000027,208.0,0.0002758456848840466,0.0,32000,32000,32000,32000,32000,32000,32000,32000,32000,32000,32000
GET,/api/cart/update/anonymous-467/Watson/2,1,0,101402.39389800001,101402.39389800001,101402.39389800001,101402.39389800001,191.0,0.0002758456848840466,0.0,101000,101000,101000,101000,101000,101000,101000,101000,101000,101000,101000
GET,/api/cart/update/anonymous-468/RMC/2,2,0,62971.528976999936,62841.65435599999,62711.77973500005,62971.528976999936,149.5,0.0005516913697680932,0.0,63000,63000,63000,63000,63000,63000,63000,63000,63000,63000,63000
GET,/api/cart/update/anonymous-469/HPTD/2,1,0,101384.32853100005,101384.32853100005,101384.32853100005,101384.32853100005,223.0,0.0002758456848840466,0.0,101000,101000,101000,101000,101000,101000,101000,101000,101000,101000,101000
GET,/api/cart/update/anonymous-469/RMC/2,1,0,32460.697158000017,32460.697158000017,32460.697158000017,32460.697158000017,210.0,0.0002758456848840466,0.0,32000,32000,32000,32000,32000,32000,32000,32000,32000,32000,32000
GET,/api/cart/update/anonymous-47/HPTD/2,3,0,55000.0,49032.68608633328,84.70676700000013,92005.11706999986,215.66666666666666,0.0008275370546521397,0.0,55000,55000,92000,92000,92000,92000,92000,92000,92000,92000,92000
GET,/api/cart/update/anonymous-47/RED/2,1,0,7.022222000045986,7.022222000045986,7.022222000045986,7.022222000045986,207.0,0.0002758456848840466,0.0,7,7,7,7,7,7,7,7,7,7,7
GET,/api/cart/update/anonymous-470/STAN-1/2,2,1,27324.27833600002,64183.62964000005,27324.27833600002,101042.98094400008,97.5,0.0005516913697680932,0.0002758456848840466,101000,101000,101000,101000,101000,101000,101000,101000,101000,101000,101000
GET,/api/cart/update/anonymous-471/RMC/2,1,0,101444.61357800015,101444.61357800015,101444.61357800015,101444.61357800015,190.0,0.0002758456848840466,0.0,101000,101000,101000,101000,101000,101000,101000,101000,101000,101000,101000
GET,/api/cart/update/anonymous-471/SHCE/2,1,1,1241627.6675600002,1241627.6675600002,1241627.6675600002,1241627.6675600002,11.0,0.0002758456848840466,0.0002758456848840466,1242000,1242000,1242000,1242000,1242000,1242000,1242000,1242000,1242000,1242000,1242000
GET,/api/cart/update/anonymous-472/RMC/2,1,0,101402.93776599993,101402.93776599993,101402.93776599993,101402.93776599993,202.0,0.0002758456848840466,0.0,101000,101000,101000,101000,101000,101000,101000,101000,101000,101000,101000
GET,/api/cart/update/anonymous-472/Watson/2,1,0,62944.05127800007,62944.05127800007,62944.05127800007,62944.05127800007,202.0,0.0002758456848840466,0.0,63000,63000,63000,63000,63000,63000,63000,63000,63000,63000,63000
GET,/api/cart/update/anonymous-473/HPTD/2,1,0,101494.43348099987,101494.43348099987,101494.43348099987,101494.43348099987,199.0,0.0002758456848840466,0.0,101000,101000,101000,101000,101000,101000,101000,101000,101000,101000,101000
GET,/api/cart/update/anonymous-473/RED/2,1,0,35578.14162099999,35578.14162099999,35578.14162099999,35578.14162099999,207.0,0.0002758456848840466,0.0,36000,36000,36000,36000,36000,36000,36000,36000,36000,36000,36000
GET,/api/cart/update/anonymous-474/UHJ/2,1,0,101371.02788899995,101371.02788899995,101371.02788899995,101371.02788899995,226.0,0.0002758456848840466,0.0,101000,101000,101000,101000,101000,101000,101000,101000,101000,101000,101000
GET,/api/cart/update/anonymous-474/Watson/2,1,0,27335.936830000035,27335.936830000035,27335.936830000035,27335.936830000035,206.0,0.0002758456848840466,0.0,27000,27000,27000,27000,27000,27000,27000,27000,27000,27000,27000
GET,/api/cart/update/anonymous-475/RED/2,1,0,101404.67467600001,101404.67467600001,101404.67467600001,101404.67467600001,185.0,0.0002758456848840466,0.0,101000,101000,101000,101000,101000,101000,101000,101000,101000,101000,101000
GET,/api/cart/update/anonymous-475/RMC/2,1,0,63224.90773600009,63224.90773600009,63224.90773600009,63224.90773600009,208.0,0.0002758456848840466,0.0,63000,63000,63000,63000,63000,63000,63000,63000,63000,63000,63000
GET,/api/cart/update/anonymous-476/EMM/2,1,0,101484.30140599998,101484.30140599998,101484.30140599998,101484.30140599998,229.0,0.0002758456848840466,0.0,101000,101000,101000,101000,101000,101000,101000,101000,101000,101000,101000
GET,/api/cart/update/anonymous-476/STAN-1/2,1,0,62942.95363799995,62942.95363799995,62942.95363799995,62942.95363799995,112.0,0.0002758456848840466,0.0,63000,63000,63000,63000,63000,63000,63000,63000,63000,63000,63000
GET,/api/cart/update/anonymous-477/EPE/2,2,0,32000.0,46675.30473750003,31896.95881600005,61453.650659000006,218.5,0.0005516913697680932,0.0,61000,61000,61000,61000,61000,61000,61000,61000,61000,61000,61000
GET,/api/cart/update/anonymous-478/EMM/2,2,0,32422.15631299996,34710.50102049992,32422.15631299996,36998.84572799988,217.0,0.0005516913697680932,0.0,37000,37000,37000,37000,37000,37000,37000,37000,37000,37000,37000
GET,/api/cart/update/anonymous-479/EPE/2,1,0,40466.18387299998,40466.18387299998,40466.18387299998,40466.18387299998,222.0,0.0002758456848840466,0.0,40000,40000,40000,40000,40000,40000,40000,40000,40000,40000,40000
GET,/api/cart/update/anonymous-479/RED/2,1,0,63233.359312999935,63233.359312999935,63233.359312999935,63233.359312999935,212.0,0.0002758456848840466,0.0,63000,63000,63000,63000,63000,63000,63000,63000,63000,63000,63000
GET,/api/cart/update/anonymous-48/EMM/2,1,1,151076.1601459999,151076.1601459999,151076.1601459999,151076.1601459999,11.0,0.0002758456848840466,0.0002758456848840466,151000,151000,151000,151000,151000,151000,151000,151000,151000,151000,151000
GET,/api/cart/update/anonymous-48/HPTD/2,1,0,92011.14724200033,92011.14724200033,92011.14724200033,92011.14724200033,301.0,0.0002758456848840466,0.0,92000,92000,92000,92000,92000,92000,92000,92000,92000,92000,92000
GET,/api/cart/update/anonymous-48/RED/2,1,0,26.820384000018294,26.820384000018294,26.820384000018294,26.820384000018294,202.0,0.0002758456848840466,0.0,27,27,27,27,27,27,27,27,27,27,27
GET,/api/cart/update/anonymous-48/STAN-1/2,1,0,48.73895299999731,48.73895299999731,48.73895299999731,48.73895299999731,182.0,0.0002758456848840466,0.0,49,49,49,49,49,49,49,49,49,49,49
GET,/api/cart/update/anonymous-480/RED/2,1,0,27616.362375999983,27616.362375999983,27616.362375999983,27616.362375999983,212.0,0.0002758456848840466,0.0,28000,28000,28000,28000,28000,28000,28000,28000,28000,28000,28000
GET,/api/cart/update/anonymous-480/UHJ/2,1,0,35660.61960499996,35660.61960499996,35660.61960499996,35660.61960499996,211.0,0.0002758456848840466,0.0,36000,36000,36000,36000,36000,36000,36000,36000,36000,36000,36000
GET,/api/cart/update/anonymous-481/STAN-1/2,1,0,32361.88864500002,32361.88864500002,32361.88864500002,32361.88864500002,204.0,0.0002758456848840466,0.0,32000,32000,32000,32000,32000,32000,32000,32000,32000,32000,32000
GET,/api/cart/update/anonymous-481/UHJ/2,1,1,1095984.964047,1095984.964047,1095984.964047,1095984.964047,14.0,0.0002758456848840466,0.0002758456848840466,1096000,1096000,1096000,1096000,1096000,1096000,1096000,1096000,1096000,1096000,1096000
GET,/api/cart/update/anonymous-482/Watson/2,2,0,32461.367169000026,66912.30538000002,32461.367169000026,101363.24359100002,143.0,0.0005516913697680932,0.0,101000,101000,101000,101000,101000,101000,101000,101000,101000,101000,101000
GET,/api/cart/update/anonymous-483/SHCE/2,2,0,32457.38043100005,66950.84104699998,32457.38043100005,101444.30166299992,203.5,0.0005516913697680932,0.0,101000,101000,101000,101000,101000,101000,101000,101000,101000,101000,101000
GET,/api/cart/update/anonymous-484/EPE/2,2,0,28000.0,64679.00042349999,27995.465391999915,101362.53545500006,176.0,0.0005516913697680932,0.0,101000,101000,101000,101000,101000,101000,101000,101000,101000,101000,101000
GET,/api/cart/update/anonymous-485/STAN-1/2,1,0,40526.52425899998,40526.52425899998,40526.52425899998,40526.52425899998,184.0,0.0002758456848840466,0.0,41000,41000,41000,41000,41000,41000,41000,41000,41000,41000,41000
GET,/api/cart/update/anonymous-485/Watson/2,1,0,63224.96696000008,63224.96696000008,63224.96696000008,63224.96696000008,198.0,0.0002758456848840466,0.0,63000,63000,63000,63000,63000,63000,63000,63000,63000,63000,63000
GET,/api/cart/update/anonymous-486/SHCE/2,1,0,61437.23847000001,61437.23847000001,61437.23847000001,61437.23847000001,222.0,0.0002758456848840466,0.0,61000,61000,61000,61000,61000,61000,61000,61000,61000,61000,61000
GET,/api/cart/update/anonymous-486/Watson/2,1,0,35568.036538,35568.036538,35568.036538,35568.036538,182.0,0.0002758456848840466,0.0,36000,36000,36000,36000,36000,36000,36000,36000,36000,36000,36000
GET,/api/cart/update/anonymous-487/RED/2,1,0,32377.952177999985,32377.952177999985,32377.952177999985,32377.952177999985,185.0,0.0002758456848840466,0.0,32000,32000,32000,32000,32000,32000,32000,32000,32000,32000,32000
GET,/api/cart/update/anonymous-487/STAN-1/2,1,0,62377.19129899995,62377.19129899995,62377.19129899995,62377.19129899995,182.0,0.0002758456848840466,0.0,62000,62000,62000,62000,62000,62000,62000,62000,62000,62000,62000
GET,/api/cart/update/anonymous-488/EMM/2,1,0,61515.37520800003,61515.37520800003,61515.37520800003,61515.37520800003,137.0,0.0002758456848840466,0.0,62000,62000,62000,62000,62000,62000,62000,62000,62000,62000,62000
GET,/api/cart/update/anonymous-488/RMC/2,1,0,32441.059179000036,32441.059179000036,32441.059179000036,32441.059179000036,199.0,0.0002758456848840466,0.0,32000,32000,32000,32000,32000,32000,32000,32000,32000,32000,32000
GET,/api/cart/update/anonymous-489/RMC/2,1,0,32448.518260000015,32448.518260000015,32448.518260000015,32448.518260000015,199.0,0.0002758456848840466,0.0,32000,32000,32000,32000,32000,32000,32000,32000,32000,32000,32000
GET,/api/cart/update/anonymous-489/STAN-1/2,1,0,101372.44895899994,101372.44895899994,101372.44895899994,101372.44895899994,204.0,0.0002758456848840466,0.0,101000,101000,101000,101000,101000,101000,101000,101000,101000,101000,101000
GET,/api/cart/update/anonymous-49/EPE/2,1,0,139481.46477399996,139481.46477399996,139481.46477399996,139481.46477399996,282.0,0.0002758456848840466,0.0,139000,139000,139000,139000,139000,139000,139000,139000,139000,139000,139000
GET,/api/cart/update/anonymous-49/STAN-1/2,1,0,83.09686199999078,83.09686199999078,83.09686199999078,83.09686199999078,187.0,0.0002758456848840466,0.0,83,83,83,83,83,83,83,83,83,83,83
GET,/api/cart/update/anonymous-49/Watson/2,1,0,82.77556100000538,82.77556100000538,82.77556100000538,82.77556100000538,209.0,0.0002758456848840466,0.0,83,83,83,83,83,83,83,83,83,83,83
GET,/api/cart/update/anonymous-490/RMC/2,2,0,62000.0,62374.70054549999,61525.20354399997,63224.19754700002,209.0,0.0005516913697680932,0.0,63000,63000,63000,63000,63000,63000,63000,63000,63000,63000,63000
GET,/api/cart/update/anonymous-491/RMC/2,1,0,32461.35046300003,32461.35046300003,32461.35046300003,32461.35046300003,190.0,0.0002758456848840466,0.0,32000,32000,32000,32000,32000,32000,32000,32000,32000,32000,32000
GET,/api/cart/update/anonymous-491/Watson/2,1,0,62704.1321879999,62704.1321879999,62704.1321879999,62704.1321879999,209.0,0.0002758456848840466,0.0,63000,63000,63000,63000,63000,63000,63000,63000,63000,63000,63000
GET,/api/cart/update/anonymous-492/EMM/2,1,1,1095983.3247099998,1095983.3247099998,1095983.3247099998,1095983.3247099998,14.0,0.0002758456848840466,0.0002758456848840466,1096000,1096000,1096000,1096000,1096000,1096000,1096000,1096000,1096000,1096000,1096000
GET,/api/cart/update/anonymous-492/EPE/2,1,0,101496.11147200005,101496.11147200005,101496.11147200005,101496.11147200005,195.0,0.0002758456848840466,0.0,101000,101000,101000,101000,101000,101000,101000,101000,101000,101000,101000
GET,/api/cart/update/anonymous-493/RMC/2,1,1,102857.30080100006,102857.30080100006,102857.30080100006,102857.30080100006,11.0,0.0002758456848840466,0.0002758456848840466,103000,103000,103000,103000,103000,103000,103000,103000,103000,103000,103000
GET,/api/cart/update/anonymous-493/Watson/2,1,0,27152.624739999963,27152.624739999963,27152.624739999963,27152.624739999963,182.0,0.0002758456848840466,0.0,27000,27000,27000,27000,27000,27000,27000,27000,27000,27000,27000
GET,/api/cart/update/anonymous-494/EMM/2,1,0,51784.013826999966,51784.013826999966,51784.013826999966,51784.013826999966,206.0,0.0002758456848840466,0.0,52000,52000,52000,52000,52000,52000,52000,52000,52000,52000,52000
GET,/api/cart/update/anonymous-494/STAN-1/2,1,0,32419.002714000046,32419.002714000046,32419.002714000046,32419.002714000046,187.0,0.0002758456848840466,0.0,32000,32000,32000,32000,32000,32000,32000,32000,32000,32000,32000
GET,/api/cart/update/anonymous-495/STAN-1/2,1,0,101414.64221499996,101414.64221499996,101414.64221499996,101414.64221499996,184.0,0.0002758456848840466,0.0,101000,101000,101000,101000,101000,101000,101000,101000,101000,101000,101000
GET,/api/cart/update/anonymous-495/Watson/2,1,0,37007.45061499992,37007.45061499992,37007.45061499992,37007.45061499992,182.0,0.0002758456848840466,0.0,37000,37000,37000,37000,37000,37000,37000,37000,37000,37000,37000
GET,/api/cart/update/anonymous-496/EPE/2,2,0,32429.397999999994,36473.759000000035,32429.397999999994,40518.12000000007,201.5,0.0005516913697680932,0.0,41000,41000,41000,41000,41000,41000,41000,41000,41000,41000,41000
GET,/api/cart/update/anonymous-497/RMC/2,1,0,32430.16838899996,32430.16838899996,32430.16838899996,32430.16838899996,202.0,0.0002758456848840466,0.0,32000,32000,32000,32000,32000,32000,32000,32000,32000,32000,32000
GET,/api/cart/update/anonymous-497/Watson/2,1,0,62357.93585400006,62357.93585400006,62357.93585400006,62357.93585400006,206.0,0.0002758456848840466,0.0,62000,62000,62000,62000,62000,62000,62000,62000,62000,62000,62000
GET,/api/cart/update/anonymous-498/RMC/2,1,0,1095986.915592,1095986.915592,1095986.915592,1095986.915592,215.0,0.0002758456848840466,0.0,1096000,1096000,1096000,1096000,1096000,1096000,1096000,1096000,1096000,1096000,1096000
GET,/api/cart/update/anonymous-498/Watson/2,1,0,32489.502096000026,32489.502096000026,32489.502096000026,32489.502096000026,196.0,0.0002758456848840466,0.0,32000,32000,32000,32000,32000,32000,32000,32000,32000,32000,32000
GET,/api/cart/update/anonymous-499/RED/2,1,0,35569.414746999995,35569.414746999995,35569.414746999995,35569.414746999995,224.0,0.0002758456848840466,0.0,36000,36000,36000,36000,36000,36000,36000,36000,36000,36000,36000
GET,/api/cart/update/anonymous-499/STAN-1/2,1,0,101496.72287900012,101496.72287900012,101496.72287900012,101496.72287900012,182.0,0.0002758456848840466,0.0,101000,101000,101000,101000,101000,101000,101000,101000,101000,101000,101000
GET,/api/cart/update/anonymous-5/RED/2,1,0,57.73488200003385,57.73488200003385,57.73488200003385,57.73488200003385,221.0,0.0002758456848840466,0.0,58,58,58,58,58,58,58,58,58,58,58
GET,/api/cart/update/anonymous-5/Watson/2,1,0,18.046655999967243,18.046655999967243,18.046655999967243,18.046655999967243,209.0,0.0002758456848840466,0.0,18,18,18,18,18,18,18,18,18,18,18
GET,/api/cart/update/anonymous-50/HPTD/2,1,0,25.509780000049886,25.509780000049886,25.509780000049886,25.509780000049886,223.0,0.0002758456848840466,0.0,26,26,26,26,26,26,26,26,26,26,26
GET,/api/cart/update/anonymous-50/UHJ/2,1,0,8.433226000022387,8.433226000022387,8.433226000022387,8.433226000022387,211.0,0.0002758456848840466,0.0,8,8,8,8,8,8,8,8,8,8,8
GET,/api/cart/update/anonymous-500/EPE/2,1,0,32480.370420999974,32480.370420999974,32480.370420999974,32480.370420999974,130.0,0.0002758456848840466,0.0,32000,32000,32000,32000,32000,32000,32000,32000,32000,32000,32000
GET,/api/cart/update/anonymous-500/HPTD/2,1,0,62350.39558599999,62350.39558599999,62350.39558599999,62350.39558599999,121.0,0.0002758456848840466,0.0,62000,62000,62000,62000,62000,62000,62000,62000,62000,62000,62000
GET,/api/cart/update/anonymous-501/STAN-1/2,1,0,62360.36698099997,62360.36698099997,62360.36698099997,62360.36698099997,182.0,0.0002758456848840466,0.0,62000,62000,62000,62000,62000,62000,62000,62000,62000,62000,62000
GET,/api/cart/update/anonymous-502/Watson/2,1,0,32317.758653999932,32317.758653999932,32317.758653999932,32317.758653999932,182.0,0.0002758456848840466,0.0,32000,32000,32000,32000,32000,32000,32000,32000,32000,32000,32000
GET,/api/cart/update/anonymous-503/EPE/2,1,0,101474.94424199988,101474.94424199988,101474.94424199988,101474.94424199988,195.0,0.0002758456848840466,0.0,101000,101000,101000,101000,101000,101000,101000,101000,101000,101000,101000
GET,/api/cart/update/anonymous-503/RED/2,1,0,763206.999929,763206.999929,763206.999929,763206.999929,185.0,0.0002758456848840466,0.0,763000,763000,763000,763000,763000,763000,763000,763000,763000,763000,763000
GET,/api/cart/update/anonymous-504/RED/2,1,0,62730.39086799997,62730.39086799997,62730.39086799997,62730.39086799997,212.0,0.0002758456848840466,0.0,63000,63000,63000,63000,63000,63000,63000,63000,63000,63000,63000
GET,/api/cart/update/anonymous-504/Watson/2,1,0,32389.982271000008,32389.982271000008,32389.982271000008,32389.982271000008,202.0,0.0002758456848840466,0.0,32000,32000,32000,32000,32000,32000,32000,32000,32000,32000,32000
GET,/api/cart/update/anonymous-505/SHCE/2,1,1,429629.940189,429629.940189,429629.940189,429629.940189,11.0,0.0002758456848840466,0.0002758456848840466,430000,430000,430000,430000,430000,430000,430000,430000,430000,430000,430000
GET,/api/cart/update/anonymous-505/Watson/2,1,0,27878.193541000088,27878.193541000088,27878.193541000088,27878.193541000088,198.0,0.0002758456848840466,0.0,28000,28000,28000,28000,28000,28000,28000,28000,28000,28000,28000
GET,/api/cart/update/anonymous-506/UHJ/2,1,0,62945.444897000016,62945.444897000016,62945.444897000016,62945.444897000016,230.0,0.0002758456848840466,0.0,63000,63000,63000,63000,63000,63000,63000,63000,63000,63000,63000
GET,/api/cart/update/anonymous-507/RMC/2,1,0,101465.31437300007,101465.31437300007,101465.31437300007,101465.31437300007,208.0,0.0002758456848840466,0.0,101000,101000,101000,101000,101000,101000,101000,101000,101000,101000,101000
GET,/api/cart/update/anonymous-507/Watson/2,1,1,101043.00022299992,101043.00022299992,101043.00022299992,101043.00022299992,0.0,0.0002758456848840466,0.0002758456848840466,101000,101000,101000,101000,101000,101000,101000,101000,101000,101000,101000
GET,/api/cart/update/anonymous-508/RED/2,1,1,413394.777297,413394.777297,413394.777297,413394.777297,11.0,0.0002758456848840466,0.0002758456848840466,413000,413000,413000,413000,413000,413000,413000,413000,413000,413000,413000
GET,/api/cart/update/anonymous-508/SHCE/2,1,0,27885.45309799997,27885.45309799997,27885.45309799997,27885.45309799997,125.0,0.0002758456848840466,0.0,28000,28000,28000,28000,28000,28000,28000,28000,28000,28000,28000
GET,/api/cart/update/anonymous-509/EMM/2,1,0,101594.30034700005,101594.30034700005,101594.30034700005,101594.30034700005,217.0,0.0002758456848840466,0.0,102000,102000,102000,102000,102000,102000,102000,102000,102000,102000,102000
GET,/api/cart/update/anonymous-509/Watson/2,1,0,101404.02945299991,101404.02945299991,101404.02945299991,101404.02945299991,104.0,0.0002758456848840466,0.0,101000,101000,101000,101000,101000,101000,101000,101000,101000,101000,101000
GET,/api/cart/update/anonymous-51/RED/2,1,0,10.261832999958642,10.261832999958642,10.261832999958642,10.261832999958642,185.0,0.0002758456848840466,0.0,10,10,10,10,10,10,10,10,10,10,10
GET,/api/cart/update/anonymous-51/Watson/2,1,0,10.082632000035119,10.082632000035119,10.082632000035119,10.082632000035119,206.0,0.0002758456848840466,0.0,10,10,10,10,10,10,10,10,10,10,10
GET,/api/cart/update/anonymous-510/HPTD/2,1,0,1158.1733440000335,1158.1733440000335,1158.1733440000335,1158.1733440000335,121.0,0.0002758456848840466,0.0,1200,1200,1200,1200,1200,1200,1200,1200,1200,1200,1200
GET,/api/cart/update/anonymous-510/STAN-1/2,1,0,32389.61746899997,32389.61746899997,32389.61746899997,32389.61746899997,184.0,0.0002758456848840466,0.0,32000,32000,32000,32000,32000,32000,32000,32000,32000,32000,32000
GET,/api/cart/update/anonymous-511/UHJ/2,1,0,1095164.774602,1095164.774602,1095164.774602,1095164.774602,141.0,0.0002758456848840466,0.0,1095000,1095000,1095000,1095000,1095000,1095000,1095000,1095000,1095000,1095000,1095000
GET,/api/cart/update/anonymous-511/Watson/2,1,0,101453.49899199994,101453.49899199994,101453.49899199994,101453.49899199994,191.0,0.0002758456848840466,0.0,101000,101000,101000,101000,101000,101000,101000,101000,101000,101000,101000
GET,/api/cart/update/anonymous-512/EPE/2,1,0,101402.41179200007,101402.41179200007,101402.41179200007,101402.41179200007,208.0,0.0002758456848840466,0.0,101000,101000,101000,101000,101000,101000,101000,101000,101000,101000,101000
GET,/api/cart/update/anonymous-512/Watson/2,1,0,32301.21475699991,32301.21475699991,32301.21475699991,32301.21475699991,191.0,0.0002758456848840466,0.0,32000,32000,32000,32000,32000,32000,32000,32000,32000,32000,32000
GET,/api/cart/update/anonymous-513/RED/2,2,0,32318.91130200006,34668.91522599997,32318.91130200006,37018.91914999987,224.0,0.0005516913697680932,0.0,37000,37000,37000,37000,37000,37000,37000,37000,37000,37000,37000
GET,/api/cart/update/anonymous-514/EPE/2,2,0,27384.617032999926,44872.8996145,27384.617032999926,62361.182196000074,208.5,0.0005516913697680932,0.0,62000,62000,62000,62000,62000,62000,62000,62000,62000,62000,62000
GET,/api/cart/update/anonymous-515/HPTD/2,1,0,32371.30392100005,32371.30392100005,32371.30392100005,32371.30392100005,223.0,0.0002758456848840466,0.0,32000,32000,32000,32000,32000,32000,32000,32000,32000,32000,32000
GET,/api/cart/update/anonymous-515/RMC/2,1,1,101043.11675899998,101043.11675899998,101043.11675899998,101043.11675899998,0.0,0.0002758456848840466,0.0002758456848840466,101000,101000,101000,101000,101000,101000,101000,101000,101000,101000,101000
GET,/api/cart/update/anonymous-516/EPE/2,1,0,62733.14980500004,62733.14980500004,62733.14980500004,62733.14980500004,217.0,0.0002758456848840466,0.0,63000,63000,63000,63000,63000,63000,63000,63000,63000,63000,63000
GET,/api/cart/update/anonymous-516/SHCE/2,1,0,32377.023869000026,32377.023869000026,32377.023869000026,32377.023869000026,203.0,0.0002758456848840466,0.0,32000,32000,32000,32000,32000,32000,32000,32000,32000,32000,32000
GET,/api/cart/update/anonymous-517/STAN-1/2,2,0,101444.02564900008,101449.13517650007,101444.02564900008,101454.24470400007,187.5,0.0005516913697680932,0.0,101000,101000,101000,101000,101000,101000,101000,101000,101000,101000,101000
GET,/api/cart/update/anonymous-518/SHCE/2,2,0,101442.32594100003,101467.39902199994,101442.32594100003,101492.47210299985,203.5,0.0005516913697680932,0.0,101000,101000,101000,101000,101000,101000,101000,101000,101000,101000,101000
GET,/api/cart/update/anonymous-519/EPE/2,1,0,32378.60428199997,32378.60428199997,32378.60428199997,32378.60428199997,208.0,0.0002758456848840466,0.0,32000,32000,32000,32000,32000,32000,32000,32000,32000,32000,32000
GET,/api/cart/update/anonymous-519/SHCE/2,1,0,1095984.1918300001,1095984.1918300001,1095984.1918300001,1095984.1918300001,225.0,0.0002758456848840466,0.0,1096000,1096000,1096000,1096000,1096000,1096000,1096000,1096000,1096000,1096000,1096000
GET,/api/cart/update/anonymous-52/EPE/2,1,0,27.0090859999641,27.0090859999641,27.0090859999641,27.0090859999641,219.0,0.0002758456848840466,0.0,27,27,27,27,27,27,27,27,27,27,27
GET,/api/cart/update/anonymous-52/UHJ/2,1,0,142.8040499999952,142.8040499999952,142.8040499999952,142.8040499999952,211.0,0.0002758456848840466,0.0,140,140,140,140,140,140,140,140,140,140,140
GET,/api/cart/update/anonymous-520/SHCE/2,1,0,101493.242065,101493.242065,101493.242065,101493.242065,125.0,0.0002758456848840466,0.0,101000,101000,101000,101000,101000,101000,101000,101000,101000,101000,101000
GET,/api/cart/update/anonymous-520/Watson/2,1,0,62972.296690999996,62972.296690999996,62972.296690999996,62972.296690999996,206.0,0.0002758456848840466,0.0,63000,63000,63000,63000,63000,63000,63000,63000,63000,63000,63000
GET,/api/cart/update/anonymous-521/RED/2,1,0,62942.17035500003,62942.17035500003,62942.17035500003,62942.17035500003,202.0,0.0002758456848840466,0.0,63000,63000,63000,63000,63000,63000,63000,63000,63000,63000,63000
GET,/api/cart/update/anonymous-522/EMM/2,1,1,429584.0598719999,429584.0598719999,429584.0598719999,429584.0598719999,182.0,0.0002758456848840466,0.0002758456848840466,430000,430000,430000,430000,430000,430000,430000,430000,430000,430000,430000
GET,/api/cart/update/anonymous-522/RED/2,1,0,27394.063308,27394.063308,27394.063308,27394.063308,134.0,0.0002758456848840466,0.0,27000,27000,27000,27000,27000,27000,27000,27000,27000,27000,27000
GET,/api/cart/update/anonymous-523/EPE/2,1,0,101485.66059900008,101485.66059900008,101485.66059900008,101485.66059900008,200.0,0.0002758456848840466,0.0,101000,101000,101000,101000,101000,101000,101000,101000,101000,101000,101000
GET,/api/cart/update/anonymous-523/RMC/2,1,0,62329.810994000014,62329.810994000014,62329.810994000014,62329.810994000014,210.0,0.0002758456848840466,0.0,62000,62000,62000,62000,62000,62000,62000,62000,62000,62000,62000
GET,/api/cart/update/anonymous-524/EMM/2,2,0,28000.0,37986.805752499946,27885.070493999934,48088.541010999965,217.0,0.0005516913697680932,0.0,48000,48000,48000,48000,48000,48000,48000,48000,48000,48000,48000
GET,/api/cart/update/anonymous-525/RED/2,1,0,39906.236154,39906.236154,39906.236154,39906.236154,285.0,0.0002758456848840466,0.0,40000,40000,40000,40000,40000,40000,40000,40000,40000,40000,40000
GET,/api/cart/update/anonymous-525/RMC/2,1,0,469.78301900003316,469.78301900003316,469.78301900003316,469.78301900003316,299.0,0.0002758456848840466,0.0,470,470,470,470,470,470,470,470,470,470,470
GET,/api/cart/update/anonymous-526/RED/2,1,0,101503.03354899996,101503.03354899996,101503.03354899996,101503.03354899996,214.0,0.0002758456848840466,0.0,102000,102000,102000,102000,102000,102000,102000,102000,102000,102000,102000
GET,/api/cart/update/anonymous-527/RMC/2,1,0,36899.96561999987,36899.96561999987,36899.96561999987,36899.96561999987,208.0,0.0002758456848840466,0.0,37000,37000,37000,37000,37000,37000,37000,37000,37000,37000,37000
GET,/api/cart/update/anonymous-527/STAN-1/2,1,1,1323945.427578,1323945.427578,1323945.427578,1323945.427578,11.0,0.0002758456848840466,0.0002758456848840466,1324000,1324000,1324000,1324000,1324000,1324000,1324000,1324000,1324000,1324000,1324000
GET,/api/cart/update/anonymous-528/STAN-1/2,2,0,39434.306458000035,50886.91896950002,39434.306458000035,62339.531481,112.0,0.0005516913697680932,0.0,62000,62000,62000,62000,62000,62000,62000,62000,62000,62000,62000
GET,/api/cart/update/anonymous-529/HPTD/2,1,0,27607.414104999974,27607.414104999974,27607.414104999974,27607.414104999974,193.0,0.0002758456848840466,0.0,28000,28000,28000,28000,28000,28000,28000,28000,28000,28000,28000
GET,/api/cart/update/anonymous-529/Watson/2,1,0,101393.76130000016,101393.76130000016,101393.76130000016,101393.76130000016,182.0,0.0002758456848840466,0.0,101000,101000,101000,101000,101000,101000,101000,101000,101000,101000,101000
GET,/api/cart/update/anonymous-53/EMM/2,1,0,19.58406199997853,19.58406199997853,19.58406199997853,19.58406199997853,215.0,0.0002758456848840466,0.0,20,20,20,20,20,20,20,20,20,20,20
GET,/api/cart/update/anonymous-53/RMC/2,1,0,139472.16911299984,139472.16911299984,139472.16911299984,139472.16911299984,379.0,0.0002758456848840466,0.0,139000,139000,139000,139000,139000,139000,139000,139000,139000,139000,139000
GET,/api/cart/update/anonymous-53/Watson/2,1,0,19.728162999967935,19.728162999967935,19.728162999967935,19.728162999967935,198.0,0.0002758456848840466,0.0,20,20,20,20,20,20,20,20,20,20,20
GET,/api/cart/update/anonymous-530/UHJ/2,2,0,27161.688313000013,64328.19910400007,27161.688313000013,101494.70989500014,219.5,0.0005516913697680932,0.0,101000,101000,101000,101000,101000,101000,101000,101000,101000,101000,101000
GET,/api/cart/update/anonymous-531/RED/2,1,0,101373.27965300005,101373.27965300005,101373.27965300005,101373.27965300005,185.0,0.0002758456848840466,0.0,101000,101000,101000,101000,101000,101000,101000,101000,101000,101000,101000
GET,/api/cart/update/anonymous-531/RMC/2,1,0,739487.986353,739487.986353,739487.986353,739487.986353,216.0,0.0002758456848840466,0.0,739000,739000,739000,739000,739000,739000,739000,739000,739000,739000,739000
GET,/api/cart/update/anonymous-532/RMC/2,1,0,45438.61671200011,45438.61671200011,45438.61671200011,45438.61671200011,219.0,0.0002758456848840466,0.0,45000,45000,45000,45000,45000,45000,45000,45000,45000,45000,45000
GET,/api/cart/update/anonymous-532/UHJ/2,1,0,101373.8087160001,101373.8087160001,101373.8087160001,101373.8087160001,219.0,0.0002758456848840466,0.0,101000,101000,101000,101000,101000,101000,101000,101000,101000,101000,101000
GET,/api/cart/update/anonymous-533/EPE/2,1,0,101403.22036299994,101403.22036299994,101403.22036299994,101403.22036299994,200.0,0.0002758456848840466,0.0,101000,101000,101000,101000,101000,101000,101000,101000,101000,101000,101000
GET,/api/cart/update/anonymous-533/STAN-1/2,1,1,661994.032644,661994.032644,661994.032644,661994.032644,11.0,0.0002758456848840466,0.0002758456848840466,662000,662000,662000,662000,662000,662000,662000,662000,662000,662000,662000
GET,/api/cart/update/anonymous-534/SHCE/2,1,0,27332.87820600003,27332.87820600003,27332.87820600003,27332.87820600003,204.0,0.0002758456848840466,0.0,27000,27000,27000,27000,27000,27000,27000,27000,27000,27000,27000
GET,/api/cart/update/anonymous-535/EPE/2,1,0,101496.65576999995,101496.65576999995,101496.65576999995,101496.65576999995,208.0,0.0002758456848840466,0.0,101000,101000,101000,101000,101000,101000,101000,101000,101000,101000,101000
GET,/api/cart/update/anonymous-536/STAN-1/2,2,0,83479.10353599991,92425.01338199992,83479.10353599991,101370.92322799993,199.5,0.0005516913697680932,0.0,101000,101000,101000,101000,101000,101000,101000,101000,101000,101000,101000
GET,/api/cart/update/anonymous-537/Watson/2,1,0,62911.082093000005,62911.082093000005,62911.082093000005,62911.082093000005,196.0,0.0002758456848840466,0.0,63000,63000,63000,63000,63000,63000,63000,63000,63000,63000,63000
GET,/api/cart/update/anonymous-538/EPE/2,1,0,101504.25976500002,101504.25976500002,101504.25976500002,101504.25976500002,208.0,0.0002758456848840466,0.0,102000,102000,102000,102000,102000,102000,102000,102000,102000,102000,102000
GET,/api/cart/update/anonymous-539/HPTD/2,1,0,90099.16965699995,90099.16965699995,90099.16965699995,90099.16965699995,223.0,0.0002758456848840466,0.0,90000,90000,90000,90000,90000,90000,90000,90000,90000,90000,90000
GET,/api/cart/update/anonymous-539/SHCE/2,1,1,1095994.2762709998,1095994.2762709998,1095994.2762709998,1095994.2762709998,14.0,0.0002758456848840466,0.0002758456848840466,1096000,1096000,1096000,1096000,1096000,1096000,1096000,1096000,1096000,1096000,1096000
GET,/api/cart/update/anonymous-54/EPE/2,1,0,39.05912300001546,39.05912300001546,39.05912300001546,39.05912300001546,130.0,0.0002758456848840466,0.0,39,39,39,39,39,39,39,39,39,39,39
GET,/api/cart/update/anonymous-54/HPTD/2,1,0,17.106953999984853,17.106953999984853,17.106953999984853,17.106953999984853,213.0,0.0002758456848840466,0.0,17,17,17,17,17,17,17,17,17,17,17
GET,/api/cart/update/anonymous-540/RED/2,1,0,1096690.0565709998,1096690.0565709998,1096690.0565709998,1096690.0565709998,202.0,0.0002758456848840466,0.0,1097000,1097000,1097000,1097000,1097000,1097000,1097000,1097000,1097000,1097000,1097000
GET,/api/cart/update/anonymous-540/Watson/2,1,0,48246.14585300003,48246.14585300003,48246.14585300003,48246.14585300003,182.0,0.0002758456848840466,0.0,48000,48000,48000,48000,48000,48000,48000,48000,48000,48000,48000
GET,/api/cart/update/anonymous-541/HPTD/2,1,0,48094.6025249998,48094.6025249998,48094.6025249998,48094.6025249998,213.0,0.0002758456848840466,0.0,48000,48000,48000,48000,48000,48000,48000,48000,48000,48000,48000
GET,/api/cart/update/anonymous-541/RED/2,1,0,63224.66573500003,63224.66573500003,63224.66573500003,63224.66573500003,214.0,0.0002758456848840466,0.0,63000,63000,63000,63000,63000,63000,63000,63000,63000,63000,63000
GET,/api/cart/update/anonymous-542/EMM/2,1,0,63223.73255799994,63223.73255799994,63223.73255799994,63223.73255799994,215.0,0.0002758456848840466,0.0,63000,63000,63000,63000,63000,63000,63000,63000,63000,63000,63000
GET,/api/cart/update/anonymous-542/STAN-1/2,1,0,35671.93985199992,35671.93985199992,35671.93985199992,35671.93985199992,182.0,0.0002758456848840466,0.0,36000,36000,36000,36000,36000,36000,36000,36000,36000,36000,36000
GET,/api/cart/update/anonymous-543/EMM/2,1,1,119891.9291929999,119891.9291929999,119891.9291929999,119891.9291929999,11.0,0.0002758456848840466,0.0002758456848840466,120000,120000,120000,120000,120000,120000,120000,120000,120000,120000,120000
GET,/api/cart/update/anonymous-543/UHJ/2,1,1,429630.87950700003,429630.87950700003,429630.87950700003,429630.87950700003,182.0,0.0002758456848840466,0.0002758456848840466,430000,430000,430000,430000,430000,430000,430000,430000,430000,430000,430000
GET,/api/cart/update/anonymous-544/EPE/2,1,1,82912.60972400005,82912.60972400005,82912.60972400005,82912.60972400005,182.0,0.0002758456848840466,0.0002758456848840466,83000,83000,83000,83000,83000,83000,83000,83000,83000,83000,83000
GET,/api/cart/update/anonymous-544/RED/2,1,0,17556.068209000157,17556.068209000157,17556.068209000157,17556.068209000157,226.0,0.0002758456848840466,0.0,18000,18000,18000,18000,18000,18000,18000,18000,18000,18000,18000
GET,/api/cart/update/anonymous-545/STAN-1/2,1,0,63245.66843399998,63245.66843399998,63245.66843399998,63245.66843399998,195.0,0.0002758456848840466,0.0,63000,63000,63000,63000,63000,63000,63000,63000,63000,63000,63000
GET,/api/cart/update/anonymous-546/HPTD/2,1,0,48618.251866000035,48618.251866000035,48618.251866000035,48618.251866000035,199.0,0.0002758456848840466,0.0,49000,49000,49000,49000,49000,49000,49000,49000,49000,49000,49000
GET,/api/cart/update/anonymous-546/STAN-1/2,1,1,739377.7336840001,739377.7336840001,739377.7336840001,739377.7336840001,182.0,0.0002758456848840466,0.0002758456848840466,739000,739000,739000,739000,739000,739000,739000,739000,739000,739000,739000
GET,/api/cart/update/anonymous-547/Watson/2,1,0,101422.74012100007,101422.74012100007,101422.74012100007,101422.74012100007,191.0,0.0002758456848840466,0.0,101000,101000,101000,101000,101000,101000,101000,101000,101000,101000,101000
GET,/api/cart/update/anonymous-548/EMM/2,1,0,101494.52294700006,101494.52294700006,101494.52294700006,101494.52294700006,217.0,0.0002758456848840466,0.0,101000,101000,101000,101000,101000,101000,101000,101000,101000,101000,101000
GET,/api/cart/update/anonymous-549/STAN-1/2,1,0,36144.65305900012,36144.65305900012,36144.65305900012,36144.65305900012,191.0,0.0002758456848840466,0.0,36000,36000,36000,36000,36000,36000,36000,36000,36000,36000,36000
GET,/api/cart/update/anonymous-55/EMM/2,2,0,44,69730.51394899994,43.99723899996388,139417.03065899992,304.5,0.0005516913697680932,0.0,139000,139000,139000,139000,139000,139000,139000,139000,139000,139000,139000
GET,/api/cart/update/anonymous-55/RMC/2,1,0,35.72471299997915,35.72471299997915,35.72471299997915,35.72471299997915,109.0,0.0002758456848840466,0.0,36,36,36,36,36,36,36,36,36,36,36
GET,/api/cart/update/anonymous-550/EPE/2,1,0,1095173.0980729999,1095173.0980729999,1095173.0980729999,1095173.0980729999,219.0,0.0002758456848840466,0.0,1095000,1095000,1095000,1095000,1095000,1095000,1095000,1095000,1095000,1095000,1095000
GET,/api/cart/update/anonymous-550/SHCE/2,1,0,63245.28130600004,63245.28130600004,63245.28130600004,63245.28130600004,213.0,0.0002758456848840466,0.0,63000,63000,63000,63000,63000,63000,63000,63000,63000,63000,63000
GET,/api/cart/update/anonymous-551/Watson/2,1,0,100495.92631399992,100495.92631399992,100495.92631399992,100495.92631399992,182.0,0.0002758456848840466,0.0,100000,100000,100000,100000,100000,100000,100000,100000,100000,100000,100000
GET,/api/cart/update/anonymous-552/HPTD/2,1,1,102818.78355200001,102818.78355200001,102818.78355200001,102818.78355200001,182.0,0.0002758456848840466,0.0002758456848840466,103000,103000,103000,103000,103000,103000,103000,103000,103000,103000,103000
GET,/api/cart/update/anonymous-552/Watson/2,1,0,78305.84497100006,78305.84497100006,78305.84497100006,78305.84497100006,182.0,0.0002758456848840466,0.0,78000,78000,78000,78000,78000,78000,78000,78000,78000,78000,78000
GET,/api/cart/update/anonymous-553/HPTD/2,1,1,102224.39712900006,102224.39712900006,102224.39712900006,102224.39712900006,182.0,0.0002758456848840466,0.0002758456848840466,102000,102000,102000,102000,102000,102000,102000,102000,102000,102000,102000
GET,/api/cart/update/anonymous-554/Watson/2,1,1,1323946.3504970002,1323946.3504970002,1323946.3504970002,1323946.3504970002,14.0,0.0002758456848840466,0.0002758456848840466,1324000,1324000,1324000,1324000,1324000,1324000,1324000,1324000,1324000,1324000,1324000
GET,/api/cart/update/anonymous-555/EMM/2,1,0,78305.89096599988,78305.89096599988,78305.89096599988,78305.89096599988,227.0,0.0002758456848840466,0.0,78000,78000,78000,78000,78000,78000,78000,78000,78000,78000,78000
GET,/api/cart/update/anonymous-556/EMM/2,1,0,101475.0779709999,101475.0779709999,101475.0779709999,101475.0779709999,222.0,0.0002758456848840466,0.0,101000,101000,101000,101000,101000,101000,101000,101000,101000,101000,101000
GET,/api/cart/update/anonymous-556/STAN-1/2,1,0,48045.9667770001,48045.9667770001,48045.9667770001,48045.9667770001,195.0,0.0002758456848840466,0.0,48000,48000,48000,48000,48000,48000,48000,48000,48000,48000,48000
GET,/api/cart/update/anonymous-559/EMM/2,1,1,698637.84793,698637.84793,698637.84793,698637.84793,11.0,0.0002758456848840466,0.0002758456848840466,699000,699000,699000,699000,699000,699000,699000,699000,699000,699000,699000
GET,/api/cart/update/anonymous-559/SHCE/2,1,0,1095985.716265,1095985.716265,1095985.716265,1095985.716265,339.0,0.0002758456848840466,0.0,1096000,1096000,1096000,1096000,1096000,1096000,1096000,1096000,1096000,1096000,1096000
GET,/api/cart/update/anonymous-56/HPTD/2,1,0,77.8273459999923,77.8273459999923,77.8273459999923,77.8273459999923,199.0,0.0002758456848840466,0.0,78,78,78,78,78,78,78,78,78,78,78
GET,/api/cart/update/anonymous-56/STAN-1/2,2,0,59,60976.15220449987,58.723185000019384,121893.58122399972,194.0,0.0005516913697680932,0.0,122000,122000,122000,122000,122000,122000,122000,122000,122000,122000,122000
GET,/api/cart/update/anonymous-560/STAN-1/2,1,0,19623.79504599994,19623.79504599994,19623.79504599994,19623.79504599994,112.0,0.0002758456848840466,0.0,20000,20000,20000,20000,20000,20000,20000,20000,20000,20000,20000
GET,/api/cart/update/anonymous-561/EMM/2,1,0,101474.96977699996,101474.96977699996,101474.96977699996,101474.96977699996,215.0,0.0002758456848840466,0.0,101000,101000,101000,101000,101000,101000,101000,101000,101000,101000,101000
GET,/api/cart/update/anonymous-561/RMC/2,1,1,110800.49029499992,110800.49029499992,110800.49029499992,110800.49029499992,182.0,0.0002758456848840466,0.0002758456848840466,111000,111000,111000,111000,111000,111000,111000,111000,111000,111000,111000
GET,/api/cart/update/anonymous-562/UHJ/2,1,0,101485.01796400001,101485.01796400001,101485.01796400001,101485.01796400001,219.0,0.0002758456848840466,0.0,101000,101000,101000,101000,101000,101000,101000,101000,101000,101000,101000
GET,/api/cart/update/anonymous-562/Watson/2,1,0,48565.8948790001,48565.8948790001,48565.8948790001,48565.8948790001,182.0,0.0002758456848840466,0.0,49000,49000,49000,49000,49000,49000,49000,49000,49000,49000,49000
GET,/api/cart/update/anonymous-563/STAN-1/2,1,0,90187.48089399992,90187.48089399992,90187.48089399992,90187.48089399992,195.0,0.0002758456848840466,0.0,90000,90000,90000,90000,90000,90000,90000,90000,90000,90000,90000
GET,/api/cart/update/anonymous-565/EMM/2,1,1,102374.96793200012,102374.96793200012,102374.96793200012,102374.96793200012,182.0,0.0002758456848840466,0.0002758456848840466,102000,102000,102000,102000,102000,102000,102000,102000,102000,102000,102000
GET,/api/cart/update/anonymous-566/RED/2,1,0,48610.42861700003,48610.42861700003,48610.42861700003,48610.42861700003,212.0,0.0002758456848840466,0.0,49000,49000,49000,49000,49000,49000,49000,49000,49000,49000,49000
GET,/api/cart/update/anonymous-567/HPTD/2,1,1,102374.57311599997,102374.57311599997,102374.57311599997,102374.57311599997,182.0,0.0002758456848840466,0.0002758456848840466,102000,102000,102000,102000,102000,102000,102000,102000,102000,102000,102000
GET,/api/cart/update/anonymous-567/RMC/2,1,0,48600.93831499989,48600.93831499989,48600.93831499989,48600.93831499989,199.0,0.0002758456848840466,0.0,49000,49000,49000,49000,49000,49000,49000,49000,49000,49000,49000
GET,/api/cart/update/anonymous-568/EMM/2,1,0,36477.26379999994,36477.26379999994,36477.26379999994,36477.26379999994,188.0,0.0002758456848840466,0.0,36000,36000,36000,36000,36000,36000,36000,36000,36000,36000,36000
GET,/api/cart/update/anonymous-568/RMC/2,1,0,136518.22020999997,136518.22020999997,136518.22020999997,136518.22020999997,190.0,0.0002758456848840466,0.0,137000,137000,137000,137000,137000,137000,137000,137000,137000,137000,137000
GET,/api/cart/update/anonymous-57/UHJ/2,1,0,45.29904299999998,45.29904299999998,45.29904299999998,45.29904299999998,219.0,0.0002758456848840466,0.0,45,45,45,45,45,45,45,45,45,45,45
GET,/api/cart/update/anonymous-57/Watson/2,1,0,68.98991799999976,68.98991799999976,68.98991799999976,68.98991799999976,191.0,0.0002758456848840466,0.0,69,69,69,69,69,69,69,69,69,69,69
GET,/api/cart/update/anonymous-570/EMM/2,1,0,1565981.174963,1565981.174963,1565981.174963,1565981.174963,227.0,0.0002758456848840466,0.0,1566000,1566000,1566000,1566000,1566000,1566000,1566000,1566000,1566000,1566000,1566000
GET,/api/cart/update/anonymous-570/SHCE/2,1,0,101465.44436799991,101465.44436799991,101465.44436799991,101465.44436799991,203.0,0.0002758456848840466,0.0,101000,101000,101000,101000,101000,101000,101000,101000,101000,101000,101000
GET,/api/cart/update/anonymous-571/STAN-1/2,1,0,1414475.1783740001,1414475.1783740001,1414475.1783740001,1414475.1783740001,182.0,0.0002758456848840466,0.0,1414000,1414000,1414000,1414000,1414000,1414000,1414000,1414000,1414000,1414000,1414000
GET,/api/cart/update/anonymous-571/UHJ/2,1,0,39907.737071000156,39907.737071000156,39907.737071000156,39907.737071000156,206.0,0.0002758456848840466,0.0,40000,40000,40000,40000,40000,40000,40000,40000,40000,40000,40000
GET,/api/cart/update/anonymous-572/EMM/2,1,0,101452.68625100005,101452.68625100005,101452.68625100005,101452.68625100005,229.0,0.0002758456848840466,0.0,101000,101000,101000,101000,101000,101000,101000,101000,101000,101000,101000
GET,/api/cart/update/anonymous-573/EPE/2,1,1,102372.99207400008,102372.99207400008,102372.99207400008,102372.99207400008,182.0,0.0002758456848840466,0.0002758456848840466,102000,102000,102000,102000,102000,102000,102000,102000,102000,102000,102000
GET,/api/cart/update/anonymous-574/UHJ/2,1,1,1471416.669048,1471416.669048,1471416.669048,1471416.669048,14.0,0.0002758456848840466,0.0002758456848840466,1471000,1471000,1471000,1471000,1471000,1471000,1471000,1471000,1471000,1471000,1471000
GET,/api/cart/update/anonymous-575/Watson/2,1,1,119886.00207700006,119886.00207700006,119886.00207700006,119886.00207700006,11.0,0.0002758456848840466,0.0002758456848840466,120000,120000,120000,120000,120000,120000,120000,120000,120000,120000,120000
GET,/api/cart/update/anonymous-576/RMC/2,1,1,1179889.910088,1179889.910088,1179889.910088,1179889.910088,182.0,0.0002758456848840466,0.0002758456848840466,1180000,1180000,1180000,1180000,1180000,1180000,1180000,1180000,1180000,1180000,1180000
GET,/api/cart/update/anonymous-576/SHCE/2,1,0,17186.346301999947,17186.346301999947,17186.346301999947,17186.346301999947,228.0,0.0002758456848840466,0.0,17000,17000,17000,17000,17000,17000,17000,17000,17000,17000,17000
GET,/api/cart/update/anonymous-577/HPTD/2,1,0,792.6453969998875,792.6453969998875,792.6453969998875,792.6453969998875,213.0,0.0002758456848840466,0.0,790,790,790,790,790,790,790,790,790,790,790
GET,/api/cart/update/anonymous-577/SHCE/2,1,0,101445.27327700007,101445.27327700007,101445.27327700007,101445.27327700007,213.0,0.0002758456848840466,0.0,101000,101000,101000,101000,101000,101000,101000,101000,101000,101000,101000
GET,/api/cart/update/anonymous-578/SHCE/2,1,0,1327.9731920001723,1327.9731920001723,1327.9731920001723,1327.9731920001723,125.0,0.0002758456848840466,0.0,1300,1300,1300,1300,1300,1300,1300,1300,1300,1300,1300
GET,/api/cart/update/anonymous-578/Watson/2,1,0,78344.77516499998,78344.77516499998,78344.77516499998,78344.77516499998,182.0,0.0002758456848840466,0.0,78000,78000,78000,78000,78000,78000,78000,78000,78000,78000,78000
GET,/api/cart/update/anonymous-579/RED/2,1,0,59608.47131300011,59608.47131300011,59608.47131300011,59608.47131300011,299.0,0.0002758456848840466,0.0,60000,60000,60000,60000,60000,60000,60000,60000,60000,60000,60000
GET,/api/cart/update/anonymous-579/SHCE/2,1,0,119906.05620600002,119906.05620600002,119906.05620600002,119906.05620600002,225.0,0.0002758456848840466,0.0,120000,120000,120000,120000,120000,120000,120000,120000,120000,120000,120000
GET,/api/cart/update/anonymous-58/STAN-1/2,1,0,73.70253199997023,73.70253199997023,73.70253199997023,73.70253199997023,204.0,0.0002758456848840466,0.0,74,74,74,74,74,74,74,74,74,74,74
GET,/api/cart/update/anonymous-58/Watson/2,1,0,90.50428599999805,90.50428599999805,90.50428599999805,90.50428599999805,206.0,0.0002758456848840466,0.0,91,91,91,91,91,91,91,91,91,91,91
GET,/api/cart/update/anonymous-580/HPTD/2,1,0,739477.4519770001,739477.4519770001,739477.4519770001,739477.4519770001,121.0,0.0002758456848840466,0.0,739000,739000,739000,739000,739000,739000,739000,739000,739000,739000,739000
GET,/api/cart/update/anonymous-581/UHJ/2,2,0,20000.0,379495.67716999975,19614.49157299967,739376.8627669999,211.0,0.0005516913697680932,0.0,739000,739000,739000,739000,739000,739000,739000,739000,739000,739000,739000
GET,/api/cart/update/anonymous-582/HPTD/2,1,0,17555.669904000068,17555.669904000068,17555.669904000068,17555.669904000068,226.0,0.0002758456848840466,0.0,18000,18000,18000,18000,18000,18000,18000,18000,18000,18000,18000
GET,/api/cart/update/anonymous-582/RED/2,1,1,1323936.579321,1323936.579321,1323936.579321,1323936.579321,11.0,0.0002758456848840466,0.0002758456848840466,1324000,1324000,1324000,1324000,1324000,1324000,1324000,1324000,1324000,1324000,1324000
GET,/api/cart/update/anonymous-583/EMM/2,2,0,41112.4233449998,53629.678633499905,41112.4233449998,66146.93392200001,205.0,0.0005516913697680932,0.0,66000,66000,66000,66000,66000,66000,66000,66000,66000,66000,66000
GET,/api/cart/update/anonymous-584/SHCE/2,1,1,1113629.2986510003,1113629.2986510003,1113629.2986510003,1113629.2986510003,11.0,0.0002758456848840466,0.0002758456848840466,1114000,1114000,1114000,1114000,1114000,1114000,1114000,1114000,1114000,1114000,1114000
GET,/api/cart/update/anonymous-585/RMC/2,1,0,119905.16117900006,119905.16117900006,119905.16117900006,119905.16117900006,184.0,0.0002758456848840466,0.0,120000,120000,120000,120000,120000,120000,120000,120000,120000,120000,120000
GET,/api/cart/update/anonymous-585/Watson/2,1,0,48607.191349999994,48607.191349999994,48607.191349999994,48607.191349999994,182.0,0.0002758456848840466,0.0,49000,49000,49000,49000,49000,49000,49000,49000,49000,49000,49000
GET,/api/cart/update/anonymous-586/SHCE/2,1,0,101485.239331,101485.239331,101485.239331,101485.239331,198.0,0.0002758456848840466,0.0,101000,101000,101000,101000,101000,101000,101000,101000,101000,101000,101000
GET,/api/cart/update/anonymous-587/EMM/2,1,0,37955.89190199985,37955.89190199985,37955.89190199985,37955.89190199985,188.0,0.0002758456848840466,0.0,38000,38000,38000,38000,38000,38000,38000,38000,38000,38000,38000
GET,/api/cart/update/anonymous-587/SHCE/2,1,1,1323944.425358,1323944.425358,1323944.425358,1323944.425358,14.0,0.0002758456848840466,0.0002758456848840466,1324000,1324000,1324000,1324000,1324000,1324000,1324000,1324000,1324000,1324000,1324000
GET,/api/cart/update/anonymous-588/RED/2,1,0,101504.698147,101504.698147,101504.698147,101504.698147,226.0,0.0002758456848840466,0.0,102000,102000,102000,102000,102000,102000,102000,102000,102000,102000,102000
GET,/api/cart/update/anonymous-589/SHCE/2,1,1,90187.47169599988,90187.47169599988,90187.47169599988,90187.47169599988,11.0,0.0002758456848840466,0.0002758456848840466,90000,90000,90000,90000,90000,90000,90000,90000,90000,90000,90000
GET,/api/cart/update/anonymous-59/HPTD/2,1,0,35.17251099998475,35.17251099998475,35.17251099998475,35.17251099998475,213.0,0.0002758456848840466,0.0,35,35,35,35,35,35,35,35,35,35,35
GET,/api/cart/update/anonymous-59/RMC/2,1,0,46083.925692000324,46083.925692000324,46083.925692000324,46083.925692000324,190.0,0.0002758456848840466,0.0,46000,46000,46000,46000,46000,46000,46000,46000,46000,46000,46000
GET,/api/cart/update/anonymous-59/Watson/2,1,0,88.8309799999547,88.8309799999547,88.8309799999547,88.8309799999547,191.0,0.0002758456848840466,0.0,89,89,89,89,89,89,89,89,89,89,89
GET,/api/cart/update/anonymous-590/EPE/2,1,0,64084.633987000416,64084.633987000416,64084.633987000416,64084.633987000416,130.0,0.0002758456848840466,0.0,64000,64000,64000,64000,64000,64000,64000,64000,64000,64000,64000
GET,/api/cart/update/anonymous-591/STAN-1/2,1,0,1771714.441769,1771714.441769,1771714.441769,1771714.441769,187.0,0.0002758456848840466,0.0,1772000,1772000,1772000,1772000,1772000,1772000,1772000,1772000,1772000,1772000,1772000
GET,/api/cart/update/anonymous-592/RMC/2,1,0,47780.29883899989,47780.29883899989,47780.29883899989,47780.29883899989,109.0,0.0002758456848840466,0.0,48000,48000,48000,48000,48000,48000,48000,48000,48000,48000,48000
GET,/api/cart/update/anonymous-593/RMC/2,1,0,66158.82238500012,66158.82238500012,66158.82238500012,66158.82238500012,109.0,0.0002758456848840466,0.0,66000,66000,66000,66000,66000,66000,66000,66000,66000,66000,66000
GET,/api/cart/update/anonymous-595/RED/2,1,1,1603397.009877,1603397.009877,1603397.009877,1603397.009877,14.0,0.0002758456848840466,0.0002758456848840466,1603000,1603000,1603000,1603000,1603000,1603000,1603000,1603000,1603000,1603000,1603000
GET,/api/cart/update/anonymous-596/EPE/2,2,0,63000.0,99542.29583250002,62565.183140000045,136519.408525,169.0,0.0005516913697680932,0.0,137000,137000,137000,137000,137000,137000,137000,137000,137000,137000,137000
GET,/api/cart/update/anonymous-597/RED/2,1,0,105542.56763000012,105542.56763000012,105542.56763000012,105542.56763000012,185.0,0.0002758456848840466,0.0,106000,106000,106000,106000,106000,106000,106000,106000,106000,106000,106000
GET,/api/cart/update/anonymous-598/HPTD/2,1,0,20400.884270999995,20400.884270999995,20400.884270999995,20400.884270999995,223.0,0.0002758456848840466,0.0,20000,20000,20000,20000,20000,20000,20000,20000,20000,20000,20000
GET,/api/cart/update/anonymous-598/RED/2,1,1,83476.1801059999,83476.1801059999,83476.1801059999,83476.1801059999,11.0,0.0002758456848840466,0.0002758456848840466,83000,83000,83000,83000,83000,83000,83000,83000,83000,83000,83000
GET,/api/cart/update/anonymous-6/EMM/2,1,0,14.51454499999727,14.51454499999727,14.51454499999727,14.51454499999727,206.0,0.0002758456848840466,0.0,15,15,15,15,15,15,15,15,15,15,15
GET,/api/cart/update/anonymous-6/RED/2,1,0,33.74560700001439,33.74560700001439,33.74560700001439,33.74560700001439,212.0,0.0002758456848840466,0.0,34,34,34,34,34,34,34,34,34,34,34
GET,/api/cart/update/anonymous-60/EMM/2,1,0,83.65596400000186,83.65596400000186,83.65596400000186,83.65596400000186,215.0,0.0002758456848840466,0.0,84,84,84,84,84,84,84,84,84,84,84
GET,/api/cart/update/anonymous-60/RED/2,1,0,114.46456099997704,114.46456099997704,114.46456099997704,114.46456099997704,226.0,0.0002758456848840466,0.0,110,110,110,110,110,110,110,110,110,110,110
GET,/api/cart/update/anonymous-600/RED/2,1,0,98926.41380500003,98926.41380500003,98926.41380500003,98926.41380500003,134.0,0.0002758456848840466,0.0,99000,99000,99000,99000,99000,99000,99000,99000,99000,99000,99000
GET,/api/cart/update/anonymous-600/SHCE/2,1,0,24223.88821000004,24223.88821000004,24223.88821000004,24223.88821000004,226.0,0.0002758456848840466,0.0,24000,24000,24000,24000,24000,24000,24000,24000,24000,24000,24000
GET,/api/cart/update/anonymous-601/RMC/2,1,1,56493.16898500001,56493.16898500001,56493.16898500001,56493.16898500001,0.0,0.0002758456848840466,0.0002758456848840466,56000,56000,56000,56000,56000,56000,56000,56000,56000,56000,56000
GET,/api/cart/update/anonymous-604/Watson/2,1,0,136516.679092,136516.679092,136516.679092,136516.679092,206.0,0.0002758456848840466,0.0,137000,137000,137000,137000,137000,137000,137000,137000,137000,137000,137000
GET,/api/cart/update/anonymous-605/STAN-1/2,1,0,42141.616171999885,42141.616171999885,42141.616171999885,42141.616171999885,274.0,0.0002758456848840466,0.0,42000,42000,42000,42000,42000,42000,42000,42000,42000,42000,42000
GET,/api/cart/update/anonymous-606/EMM/2,1,1,38461.48512199988,38461.48512199988,38461.48512199988,38461.48512199988,11.0,0.0002758456848840466,0.0002758456848840466,38000,38000,38000,38000,38000,38000,38000,38000,38000,38000,38000
GET,/api/cart/update/anonymous-607/EPE/2,1,0,470.96483500013164,470.96483500013164,470.96483500013164,470.96483500013164,200.0,0.0002758456848840466,0.0,470,470,470,470,470,470,470,470,470,470,470
GET,/api/cart/update/anonymous-607/SHCE/2,1,0,24911.185351999848,24911.185351999848,24911.185351999848,24911.185351999848,125.0,0.0002758456848840466,0.0,25000,25000,25000,25000,25000,25000,25000,25000,25000,25000,25000
GET,/api/cart/update/anonymous-608/EMM/2,1,0,110414.29499100013,110414.29499100013,110414.29499100013,110414.29499100013,217.0,0.0002758456848840466,0.0,110000,110000,110000,110000,110000,110000,110000,110000,110000,110000,110000
GET,/api/cart/update/anonymous-609/Watson/2,1,0,47720.82795300003,47720.82795300003,47720.82795300003,47720.82795300003,104.0,0.0002758456848840466,0.0,48000,48000,48000,48000,48000,48000,48000,48000,48000,48000,48000
GET,/api/cart/update/anonymous-61/EPE/2,1,0,7.359923000024082,7.359923000024082,7.359923000024082,7.359923000024082,219.0,0.0002758456848840466,0.0,7,7,7,7,7,7,7,7,7,7,7
GET,/api/cart/update/anonymous-61/RED/2,1,0,401.6069660000312,401.6069660000312,401.6069660000312,401.6069660000312,207.0,0.0002758456848840466,0.0,400,400,400,400,400,400,400,400,400,400,400
GET,/api/cart/update/anonymous-610/HPTD/2,1,0,50323.60871800029,50323.60871800029,50323.60871800029,50323.60871800029,121.0,0.0002758456848840466,0.0,50000,50000,50000,50000,50000,50000,50000,50000,50000,50000,50000
GET,/api/cart/update/anonymous-610/Watson/2,1,0,17185.53368900007,17185.53368900007,17185.53368900007,17185.53368900007,104.0,0.0002758456848840466,0.0,17000,17000,17000,17000,17000,17000,17000,17000,17000,17000,17000
GET,/api/cart/update/anonymous-611/RED/2,1,1,36144.662959000016,36144.662959000016,36144.662959000016,36144.662959000016,182.0,0.0002758456848840466,0.0002758456848840466,36000,36000,36000,36000,36000,36000,36000,36000,36000,36000,36000
GET,/api/cart/update/anonymous-612/EMM/2,1,0,59608.56241399983,59608.56241399983,59608.56241399983,59608.56241399983,222.0,0.0002758456848840466,0.0,60000,60000,60000,60000,60000,60000,60000,60000,60000,60000,60000
GET,/api/cart/update/anonymous-613/SHCE/2,1,0,61746.580978999875,61746.580978999875,61746.580978999875,61746.580978999875,229.0,0.0002758456848840466,0.0,62000,62000,62000,62000,62000,62000,62000,62000,62000,62000,62000
GET,/api/cart/update/anonymous-614/UHJ/2,2,0,23209.640543000205,79863.94987550011,23209.640543000205,136518.25920800003,141.0,0.0005516913697680932,0.0,137000,137000,137000,137000,137000,137000,137000,137000,137000,137000,137000
GET,/api/cart/update/anonymous-616/HPTD/2,1,0,41102.319094999984,41102.319094999984,41102.319094999984,41102.319094999984,121.0,0.0002758456848840466,0.0,41000,41000,41000,41000,41000,41000,41000,41000,41000,41000,41000
GET,/api/cart/update/anonymous-617/UHJ/2,1,0,66117.73314099992,66117.73314099992,66117.73314099992,66117.73314099992,304.0,0.0002758456848840466,0.0,66000,66000,66000,66000,66000,66000,66000,66000,66000,66000,66000
GET,/api/cart/update/anonymous-618/UHJ/2,1,0,18622.73214400011,18622.73214400011,18622.73214400011,18622.73214400011,141.0,0.0002758456848840466,0.0,19000,19000,19000,19000,19000,19000,19000,19000,19000,19000,19000
GET,/api/cart/update/anonymous-619/RMC/2,1,0,537.9155949999586,537.9155949999586,537.9155949999586,537.9155949999586,202.0,0.0002758456848840466,0.0,540,540,540,540,540,540,540,540,540,540,540
GET,/api/cart/update/anonymous-62/EPE/2,1,0,52.08846400000766,52.08846400000766,52.08846400000766,52.08846400000766,215.0,0.0002758456848840466,0.0,52,52,52,52,52,52,52,52,52,52,52
GET,/api/cart/update/anonymous-62/RED/2,2,0,51.00616100003208,26335.296175500047,51.00616100003208,52619.58619000006,243.0,0.0005516913697680932,0.0,53000,53000,53000,53000,53000,53000,53000,53000,53000,53000,53000
GET,/api/cart/update/anonymous-62/STAN-1/2,1,0,30731.86374199986,30731.86374199986,30731.86374199986,30731.86374199986,112.0,0.0002758456848840466,0.0,31000,31000,31000,31000,31000,31000,31000,31000,31000,31000,31000
GET,/api/cart/update/anonymous-620/EPE/2,1,0,21336.35504699987,21336.35504699987,21336.35504699987,21336.35504699987,208.0,0.0002758456848840466,0.0,21000,21000,21000,21000,21000,21000,21000,21000,21000,21000,21000
GET,/api/cart/update/anonymous-622/HPTD/2,1,0,48577.37011800009,48577.37011800009,48577.37011800009,48577.37011800009,215.0,0.0002758456848840466,0.0,49000,49000,49000,49000,49000,49000,49000,49000,49000,49000,49000
GET,/api/cart/update/anonymous-622/Watson/2,1,0,69273.8451289997,69273.8451289997,69273.8451289997,69273.8451289997,104.0,0.0002758456848840466,0.0,69000,69000,69000,69000,69000,69000,69000,69000,69000,69000,69000
GET,/api/cart/update/anonymous-623/HPTD/2,1,1,110798.82406399997,110798.82406399997,110798.82406399997,110798.82406399997,182.0,0.0002758456848840466,0.0002758456848840466,111000,111000,111000,111000,111000,111000,111000,111000,111000,111000,111000
GET,/api/cart/update/anonymous-624/RED/2,1,0,822.6864990001559,822.6864990001559,822.6864990001559,822.6864990001559,134.0,0.0002758456848840466,0.0,820,820,820,820,820,820,820,820,820,820,820
GET,/api/cart/update/anonymous-625/HPTD/2,1,0,66146.97712399994,66146.97712399994,66146.97712399994,66146.97712399994,121.0,0.0002758456848840466,0.0,66000,66000,66000,66000,66000,66000,66000,66000,66000,66000,66000
GET,/api/cart/update/anonymous-625/Watson/2,1,0,49764.9139099999,49764.9139099999,49764.9139099999,49764.9139099999,104.0,0.0002758456848840466,0.0,50000,50000,50000,50000,50000,50000,50000,50000,50000,50000,50000
GET,/api/cart/update/anonymous-626/EPE/2,1,1,100455.83865399976,100455.83865399976,100455.83865399976,100455.83865399976,0.0,0.0002758456848840466,0.0002758456848840466,100000,100000,100000,100000,100000,100000,100000,100000,100000,100000,100000
GET,/api/cart/update/anonymous-626/RED/2,1,1,1607010.9986780002,1607010.9986780002,1607010.9986780002,1607010.9986780002,11.0,0.0002758456848840466,0.0002758456848840466,1607000,1607000,1607000,1607000,1607000,1607000,1607000,1607000,1607000,1607000,1607000
GET,/api/cart/update/anonymous-627/EPE/2,1,0,56070.7326239999,56070.7326239999,56070.7326239999,56070.7326239999,222.0,0.0002758456848840466,0.0,56000,56000,56000,56000,56000,56000,56000,56000,56000,56000,56000
GET,/api/cart/update/anonymous-627/RMC/2,1,0,47302.99902800016,47302.99902800016,47302.99902800016,47302.99902800016,109.0,0.0002758456848840466,0.0,47000,47000,47000,47000,47000,47000,47000,47000,47000,47000,47000
GET,/api/cart/update/anonymous-628/RED/2,1,0,42887.262032000304,42887.262032000304,42887.262032000304,42887.262032000304,134.0,0.0002758456848840466,0.0,43000,43000,43000,43000,43000,43000,43000,43000,43000,43000,43000
GET,/api/cart/update/anonymous-628/SHCE/2,1,0,18624.76704100027,18624.76704100027,18624.76704100027,18624.76704100027,125.0,0.0002758456848840466,0.0,19000,19000,19000,19000,19000,19000,19000,19000,19000,19000,19000
GET,/api/cart/update/anonymous-629/SHCE/2,1,0,18781.594464000136,18781.594464000136,18781.594464000136,18781.594464000136,204.0,0.0002758456848840466,0.0,19000,19000,19000,19000,19000,19000,19000,19000,19000,19000,19000
GET,/api/cart/update/anonymous-629/STAN-1/2,1,0,51117.18596399987,51117.18596399987,51117.18596399987,51117.18596399987,296.0,0.0002758456848840466,0.0,51000,51000,51000,51000,51000,51000,51000,51000,51000,51000,51000
GET,/api/cart/update/anonymous-63/EPE/2,1,0,22.621470999979465,22.621470999979465,22.621470999979465,22.621470999979465,217.0,0.0002758456848840466,0.0,23,23,23,23,23,23,23,23,23,23,23
GET,/api/cart/update/anonymous-63/RMC/2,2,0,26.22908300003246,15469.567848499963,26.22908300003246,30912.906613999894,109.0,0.0005516913697680932,0.0,31000,31000,31000,31000,31000,31000,31000,31000,31000,31000,31000
GET,/api/cart/update/anonymous-631/EMM/2,1,0,19649.052087999735,19649.052087999735,19649.052087999735,19649.052087999735,204.0,0.0002758456848840466,0.0,20000,20000,20000,20000,20000,20000,20000,20000,20000,20000,20000
GET,/api/cart/update/anonymous-631/EPE/2,1,0,64082.33734300029,64082.33734300029,64082.33734300029,64082.33734300029,219.0,0.0002758456848840466,0.0,64000,64000,64000,64000,64000,64000,64000,64000,64000,64000,64000
GET,/api/cart/update/anonymous-633/HPTD/2,1,0,24981.298376999803,24981.298376999803,24981.298376999803,24981.298376999803,199.0,0.0002758456848840466,0.0,25000,25000,25000,25000,25000,25000,25000,25000,25000,25000,25000
GET,/api/cart/update/anonymous-633/SHCE/2,1,0,42987.40016099964,42987.40016099964,42987.40016099964,42987.40016099964,125.0,0.0002758456848840466,0.0,43000,43000,43000,43000,43000,43000,43000,43000,43000,43000,43000
GET,/api/cart/update/anonymous-635/RED/2,1,0,46599.30474999987,46599.30474999987,46599.30474999987,46599.30474999987,134.0,0.0002758456848840466,0.0,47000,47000,47000,47000,47000,47000,47000,47000,47000,47000,47000
GET,/api/cart/update/anonymous-636/STAN-1/2,1,0,21638.712034000037,21638.712034000037,21638.712034000037,21638.712034000037,112.0,0.0002758456848840466,0.0,22000,22000,22000,22000,22000,22000,22000,22000,22000,22000,22000
GET,/api/cart/update/anonymous-638/Watson/2,1,0,101535.97092400014,101535.97092400014,101535.97092400014,101535.97092400014,209.0,0.0002758456848840466,0.0,102000,102000,102000,102000,102000,102000,102000,102000,102000,102000,102000
GET,/api/cart/update/anonymous-639/EPE/2,1,0,21415.958510999873,21415.958510999873,21415.958510999873,21415.958510999873,200.0,0.0002758456848840466,0.0,21000,21000,21000,21000,21000,21000,21000,21000,21000,21000,21000
GET,/api/cart/update/anonymous-64/STAN-1/2,3,0,49,10484.4503426667,20.370264999996834,31383.64080700012,188.33333333333334,0.0008275370546521397,0.0,49,49,31000,31000,31000,31000,31000,31000,31000,31000,31000
GET,/api/cart/update/anonymous-640/EMM/2,1,1,1632046.060289,1632046.060289,1632046.060289,1632046.060289,14.0,0.0002758456848840466,0.0002758456848840466,1632000,1632000,1632000,1632000,1632000,1632000,1632000,1632000,1632000,1632000,1632000
GET,/api/cart/update/anonymous-640/SHCE/2,1,0,54946.28300800014,54946.28300800014,54946.28300800014,54946.28300800014,213.0,0.0002758456848840466,0.0,55000,55000,55000,55000,55000,55000,55000,55000,55000,55000,55000
GET,/api/cart/update/anonymous-641/SHCE/2,1,0,39145.39590300001,39145.39590300001,39145.39590300001,39145.39590300001,230.0,0.0002758456848840466,0.0,39000,39000,39000,39000,39000,39000,39000,39000,39000,39000,39000
GET,/api/cart/update/anonymous-641/Watson/2,1,1,1603414.2252380003,1603414.2252380003,1603414.2252380003,1603414.2252380003,11.0,0.0002758456848840466,0.0002758456848840466,1603000,1603000,1603000,1603000,1603000,1603000,1603000,1603000,1603000,1603000,1603000
GET,/api/cart/update/anonymous-644/SHCE/2,1,0,43846.65137399998,43846.65137399998,43846.65137399998,43846.65137399998,298.0,0.0002758456848840466,0.0,44000,44000,44000,44000,44000,44000,44000,44000,44000,44000,44000
GET,/api/cart/update/anonymous-644/UHJ/2,1,0,19564.76425100027,19564.76425100027,19564.76425100027,19564.76425100027,233.0,0.0002758456848840466,0.0,20000,20000,20000,20000,20000,20000,20000,20000,20000,20000,20000
GET,/api/cart/update/anonymous-645/EMM/2,2,0,23258.952659999977,31273.097155999953,23258.952659999977,39287.241651999924,137.0,0.0005516913697680932,0.0,39000,39000,39000,39000,39000,39000,39000,39000,39000,39000,39000
GET,/api/cart/update/anonymous-646/HPTD/2,1,1,24950.978230000146,24950.978230000146,24950.978230000146,24950.978230000146,14.0,0.0002758456848840466,0.0002758456848840466,25000,25000,25000,25000,25000,25000,25000,25000,25000,25000,25000
GET,/api/cart/update/anonymous-646/UHJ/2,1,1,100485.16422800004,100485.16422800004,100485.16422800004,100485.16422800004,11.0,0.0002758456848840466,0.0002758456848840466,100000,100000,100000,100000,100000,100000,100000,100000,100000,100000,100000
GET,/api/cart/update/anonymous-648/HPTD/2,1,1,62623.72178899977,62623.72178899977,62623.72178899977,62623.72178899977,182.0,0.0002758456848840466,0.0002758456848840466,63000,63000,63000,63000,63000,63000,63000,63000,63000,63000,63000
GET,/api/cart/update/anonymous-648/SHCE/2,1,0,26498.370387999785,26498.370387999785,26498.370387999785,26498.370387999785,213.0,0.0002758456848840466,0.0,26000,26000,26000,26000,26000,26000,26000,26000,26000,26000,26000
GET,/api/cart/update/anonymous-65/EMM/2,1,0,30137.68792200017,30137.68792200017,30137.68792200017,30137.68792200017,206.0,0.0002758456848840466,0.0,30000,30000,30000,30000,30000,30000,30000,30000,30000,30000,30000
GET,/api/cart/update/anonymous-65/SHCE/2,1,0,27.80208799998718,27.80208799998718,27.80208799998718,27.80208799998718,204.0,0.0002758456848840466,0.0,28,28,28,28,28,28,28,28,28,28,28
GET,/api/cart/update/anonymous-65/UHJ/2,1,0,29.4773929999792,29.4773929999792,29.4773929999792,29.4773929999792,219.0,0.0002758456848840466,0.0,29,29,29,29,29,29,29,29,29,29,29
GET,/api/cart/update/anonymous-650/STAN-1/2,1,0,38059.67782200014,38059.67782200014,38059.67782200014,38059.67782200014,112.0,0.0002758456848840466,0.0,38000,38000,38000,38000,38000,38000,38000,38000,38000,38000,38000
GET,/api/cart/update/anonymous-651/STAN-1/2,1,0,136516.91679400005,136516.91679400005,136516.91679400005,136516.91679400005,204.0,0.0002758456848840466,0.0,137000,137000,137000,137000,137000,137000,137000,137000,137000,137000,137000
GET,/api/cart/update/anonymous-653/EMM/2,1,0,104409.06377500005,104409.06377500005,104409.06377500005,104409.06377500005,137.0,0.0002758456848840466,0.0,104000,104000,104000,104000,104000,104000,104000,104000,104000,104000,104000
GET,/api/cart/update/anonymous-653/RED/2,1,0,89759.20783999981,89759.20783999981,89759.20783999981,89759.20783999981,221.0,0.0002758456848840466,0.0,90000,90000,90000,90000,90000,90000,90000,90000,90000,90000,90000
GET,/api/cart/update/anonymous-654/RED/2,1,0,62556.69460399986,62556.69460399986,62556.69460399986,62556.69460399986,313.0,0.0002758456848840466,0.0,63000,63000,63000,63000,63000,63000,63000,63000,63000,63000,63000
GET,/api/cart/update/anonymous-655/EMM/2,1,0,64072.887964000074,64072.887964000074,64072.887964000074,64072.887964000074,205.0,0.0002758456848840466,0.0,64000,64000,64000,64000,64000,64000,64000,64000,64000,64000,64000
GET,/api/cart/update/anonymous-656/RMC/2,1,0,528.3848880003461,528.3848880003461,528.3848880003461,528.3848880003461,109.0,0.0002758456848840466,0.0,530,530,530,530,530,530,530,530,530,530,530
GET,/api/cart/update/anonymous-656/UHJ/2,1,0,41101.77387599993,41101.77387599993,41101.77387599993,41101.77387599993,206.0,0.0002758456848840466,0.0,41000,41000,41000,41000,41000,41000,41000,41000,41000,41000,41000
GET,/api/cart/update/anonymous-657/EMM/2,1,1,100479.09843100024,100479.09843100024,100479.09843100024,100479.09843100024,14.0,0.0002758456848840466,0.0002758456848840466,100000,100000,100000,100000,100000,100000,100000,100000,100000,100000,100000
GET,/api/cart/update/anonymous-657/STAN-1/2,1,0,43141.88249300014,43141.88249300014,43141.88249300014,43141.88249300014,112.0,0.0002758456848840466,0.0,43000,43000,43000,43000,43000,43000,43000,43000,43000,43000,43000
GET,/api/cart/update/anonymous-658/Watson/2,1,0,23249.215105000076,23249.215105000076,23249.215105000076,23249.215105000076,104.0,0.0002758456848840466,0.0,23000,23000,23000,23000,23000,23000,23000,23000,23000,23000,23000
GET,/api/cart/update/anonymous-66/RED/2,1,0,46.884347000002435,46.884347000002435,46.884347000002435,46.884347000002435,224.0,0.0002758456848840466,0.0,47,47,47,47,47,47,47,47,47,47,47
GET,/api/cart/update/anonymous-66/STAN-1/2,1,0,157.3920970000131,157.3920970000131,157.3920970000131,157.3920970000131,112.0,0.0002758456848840466,0.0,160,160,160,160,160,160,160,160,160,160,160
GET,/api/cart/update/anonymous-660/SHCE/2,1,0,65611.106114,65611.106114,65611.106114,65611.106114,196.0,0.0002758456848840466,0.0,66000,66000,66000,66000,66000,66000,66000,66000,66000,66000,66000
GET,/api/cart/update/anonymous-661/EMM/2,1,0,519.9682919997031,519.9682919997031,519.9682919997031,519.9682919997031,137.0,0.0002758456848840466,0.0,520,520,520,520,520,520,520,520,520,520,520
GET,/api/cart/update/anonymous-662/SHCE/2,1,1,110424.23064599984,110424.23064599984,110424.23064599984,110424.23064599984,11.0,0.0002758456848840466,0.0002758456848840466,110000,110000,110000,110000,110000,110000,110000,110000,110000,110000,110000
GET,/api/cart/update/anonymous-663/STAN-1/2,2,0,75000.0,82225.68035199994,74676.74448700018,89774.61621699968,147.0,0.0005516913697680932,0.0,90000,90000,90000,90000,90000,90000,90000,90000,90000,90000,90000
GET,/api/cart/update/anonymous-664/HPTD/2,1,0,18652.3145379997,18652.3145379997,18652.3145379997,18652.3145379997,199.0,0.0002758456848840466,0.0,19000,19000,19000,19000,19000,19000,19000,19000,19000,19000,19000
GET,/api/cart/update/anonymous-665/Watson/2,1,0,58407.05030499998,58407.05030499998,58407.05030499998,58407.05030499998,182.0,0.0002758456848840466,0.0,58000,58000,58000,58000,58000,58000,58000,58000,58000,58000,58000
GET,/api/cart/update/anonymous-668/HPTD/2,1,1,59925.15526299985,59925.15526299985,59925.15526299985,59925.15526299985,182.0,0.0002758456848840466,0.0002758456848840466,60000,60000,60000,60000,60000,60000,60000,60000,60000,60000,60000
GET,/api/cart/update/anonymous-669/HPTD/2,1,0,104400.94955899986,104400.94955899986,104400.94955899986,104400.94955899986,215.0,0.0002758456848840466,0.0,104000,104000,104000,104000,104000,104000,104000,104000,104000,104000,104000
GET,/api/cart/update/anonymous-669/SHCE/2,1,0,67846.0078290002,67846.0078290002,67846.0078290002,67846.0078290002,222.0,0.0002758456848840466,0.0,68000,68000,68000,68000,68000,68000,68000,68000,68000,68000,68000
GET,/api/cart/update/anonymous-67/RMC/2,1,0,17.74455599996827,17.74455599996827,17.74455599996827,17.74455599996827,202.0,0.0002758456848840466,0.0,18,18,18,18,18,18,18,18,18,18,18
GET,/api/cart/update/anonymous-67/UHJ/2,2,0,20,19073.38088600005,19.95976199998495,38126.802010000116,187.0,0.0005516913697680932,0.0,38000,38000,38000,38000,38000,38000,38000,38000,38000,38000,38000
GET,/api/cart/update/anonymous-670/UHJ/2,1,0,98983.620944,98983.620944,98983.620944,98983.620944,219.0,0.0002758456848840466,0.0,99000,99000,99000,99000,99000,99000,99000,99000,99000,99000,99000
GET,/api/cart/update/anonymous-671/RED/2,1,0,59923.55993699994,59923.55993699994,59923.55993699994,59923.55993699994,134.0,0.0002758456848840466,0.0,60000,60000,60000,60000,60000,60000,60000,60000,60000,60000,60000
GET,/api/cart/update/anonymous-672/EPE/2,1,0,104387.32837199996,104387.32837199996,104387.32837199996,104387.32837199996,208.0,0.0002758456848840466,0.0,104000,104000,104000,104000,104000,104000,104000,104000,104000,104000,104000
GET,/api/cart/update/anonymous-672/SHCE/2,1,0,65619.93089099997,65619.93089099997,65619.93089099997,65619.93089099997,230.0,0.0002758456848840466,0.0,66000,66000,66000,66000,66000,66000,66000,66000,66000,66000,66000
GET,/api/cart/update/anonymous-673/RED/2,1,0,67865.05940300004,67865.05940300004,67865.05940300004,67865.05940300004,134.0,0.0002758456848840466,0.0,68000,68000,68000,68000,68000,68000,68000,68000,68000,68000,68000
GET,/api/cart/update/anonymous-675/RED/2,1,0,21419.48054699992,21419.48054699992,21419.48054699992,21419.48054699992,226.0,0.0002758456848840466,0.0,21000,21000,21000,21000,21000,21000,21000,21000,21000,21000,21000
GET,/api/cart/update/anonymous-677/SHCE/2,1,0,28628.41090599977,28628.41090599977,28628.41090599977,28628.41090599977,125.0,0.0002758456848840466,0.0,29000,29000,29000,29000,29000,29000,29000,29000,29000,29000,29000
GET,/api/cart/update/anonymous-678/UHJ/2,1,1,97441.10993599998,97441.10993599998,97441.10993599998,97441.10993599998,182.0,0.0002758456848840466,0.0002758456848840466,97000,97000,97000,97000,97000,97000,97000,97000,97000,97000,97000
GET,/api/cart/update/anonymous-679/RMC/2,2,0,21488.629360000006,21755.55521900003,21488.629360000006,22022.481078000055,162.5,0.0005516913697680932,0.0,22000,22000,22000,22000,22000,22000,22000,22000,22000,22000,22000
GET,/api/cart/update/anonymous-68/SHCE/2,1,0,15.383049000035953,15.383049000035953,15.383049000035953,15.383049000035953,203.0,0.0002758456848840466,0.0,15,15,15,15,15,15,15,15,15,15,15
GET,/api/cart/update/anonymous-68/UHJ/2,1,0,30.76419699999633,30.76419699999633,30.76419699999633,30.76419699999633,226.0,0.0002758456848840466,0.0,31,31,31,31,31,31,31,31,31,31,31
GET,/api/cart/update/anonymous-680/EMM/2,1,0,528.806392000206,528.806392000206,528.806392000206,528.806392000206,137.0,0.0002758456848840466,0.0,530,530,530,530,530,530,530,530,530,530,530
GET,/api/cart/update/anonymous-681/RMC/2,1,1,1470480.6154940003,1470480.6154940003,1470480.6154940003,1470480.6154940003,14.0,0.0002758456848840466,0.0002758456848840466,1470000,1470000,1470000,1470000,1470000,1470000,1470000,1470000,1470000,1470000,1470000
GET,/api/cart/update/anonymous-682/EPE/2,1,0,22029.044646999864,22029.044646999864,22029.044646999864,22029.044646999864,217.0,0.0002758456848840466,0.0,22000,22000,22000,22000,22000,22000,22000,22000,22000,22000,22000
GET,/api/cart/update/anonymous-682/RMC/2,1,0,81920.73181099999,81920.73181099999,81920.73181099999,81920.73181099999,210.0,0.0002758456848840466,0.0,82000,82000,82000,82000,82000,82000,82000,82000,82000,82000,82000
GET,/api/cart/update/anonymous-684/HPTD/2,1,0,34256.52894399991,34256.52894399991,34256.52894399991,34256.52894399991,121.0,0.0002758456848840466,0.0,34000,34000,34000,34000,34000,34000,34000,34000,34000,34000,34000
GET,/api/cart/update/anonymous-684/UHJ/2,1,0,21416.816418999813,21416.816418999813,21416.816418999813,21416.816418999813,211.0,0.0002758456848840466,0.0,21000,21000,21000,21000,21000,21000,21000,21000,21000,21000,21000
GET,/api/cart/update/anonymous-685/HPTD/2,1,1,1470470.236444,1470470.236444,1470470.236444,1470470.236444,14.0,0.0002758456848840466,0.0002758456848840466,1470000,1470000,1470000,1470000,1470000,1470000,1470000,1470000,1470000,1470000,1470000
GET,/api/cart/update/anonymous-685/RMC/2,1,0,121737.29545099991,121737.29545099991,121737.29545099991,121737.29545099991,109.0,0.0002758456848840466,0.0,122000,122000,122000,122000,122000,122000,122000,122000,122000,122000,122000
GET,/api/cart/update/anonymous-686/UHJ/2,1,0,42892.66663700028,42892.66663700028,42892.66663700028,42892.66663700028,317.0,0.0002758456848840466,0.0,43000,43000,43000,43000,43000,43000,43000,43000,43000,43000,43000
GET,/api/cart/update/anonymous-687/UHJ/2,1,0,1562546.836158,1562546.836158,1562546.836158,1562546.836158,206.0,0.0002758456848840466,0.0,1563000,1563000,1563000,1563000,1563000,1563000,1563000,1563000,1563000,1563000,1563000
GET,/api/cart/update/anonymous-687/Watson/2,1,0,22548.697648000143,22548.697648000143,22548.697648000143,22548.697648000143,104.0,0.0002758456848840466,0.0,23000,23000,23000,23000,23000,23000,23000,23000,23000,23000,23000
GET,/api/cart/update/anonymous-688/RMC/2,1,0,26705.94477900022,26705.94477900022,26705.94477900022,26705.94477900022,109.0,0.0002758456848840466,0.0,27000,27000,27000,27000,27000,27000,27000,27000,27000,27000,27000
GET,/api/cart/update/anonymous-689/HPTD/2,1,0,75740.24212900031,75740.24212900031,75740.24212900031,75740.24212900031,219.0,0.0002758456848840466,0.0,76000,76000,76000,76000,76000,76000,76000,76000,76000,76000,76000
GET,/api/cart/update/anonymous-69/HPTD/2,1,0,45197.44787400032,45197.44787400032,45197.44787400032,45197.44787400032,121.0,0.0002758456848840466,0.0,45000,45000,45000,45000,45000,45000,45000,45000,45000,45000,45000
GET,/api/cart/update/anonymous-69/Watson/2,2,0,13.13644099997191,16.642202499980385,13.13644099997191,20.14796399998886,193.5,0.0005516913697680932,0.0,20,20,20,20,20,20,20,20,20,20,20
GET,/api/cart/update/anonymous-690/HPTD/2,1,1,1470471.4520639998,1470471.4520639998,1470471.4520639998,1470471.4520639998,14.0,0.0002758456848840466,0.0002758456848840466,1470000,1470000,1470000,1470000,1470000,1470000,1470000,1470000,1470000,1470000,1470000
GET,/api/cart/update/anonymous-691/SHCE/2,1,0,80976.64579599995,80976.64579599995,80976.64579599995,80976.64579599995,213.0,0.0002758456848840466,0.0,81000,81000,81000,81000,81000,81000,81000,81000,81000,81000,81000
GET,/api/cart/update/anonymous-693/EMM/2,1,0,18624.30057199981,18624.30057199981,18624.30057199981,18624.30057199981,283.0,0.0002758456848840466,0.0,19000,19000,19000,19000,19000,19000,19000,19000,19000,19000,19000
GET,/api/cart/update/anonymous-693/RMC/2,1,0,68110.73701099986,68110.73701099986,68110.73701099986,68110.73701099986,284.0,0.0002758456848840466,0.0,68000,68000,68000,68000,68000,68000,68000,68000,68000,68000,68000
GET,/api/cart/update/anonymous-695/HPTD/2,1,0,17185.508389000006,17185.508389000006,17185.508389000006,17185.508389000006,121.0,0.0002758456848840466,0.0,17000,17000,17000,17000,17000,17000,17000,17000,17000,17000,17000
GET,/api/cart/update/anonymous-695/SHCE/2,1,0,20079.50204200006,20079.50204200006,20079.50204200006,20079.50204200006,213.0,0.0002758456848840466,0.0,20000,20000,20000,20000,20000,20000,20000,20000,20000,20000,20000
GET,/api/cart/update/anonymous-696/RED/2,1,0,26449.784003999866,26449.784003999866,26449.784003999866,26449.784003999866,134.0,0.0002758456848840466,0.0,26000,26000,26000,26000,26000,26000,26000,26000,26000,26000,26000
GET,/api/cart/update/anonymous-696/Watson/2,1,0,24220.259331000307,24220.259331000307,24220.259331000307,24220.259331000307,104.0,0.0002758456848840466,0.0,24000,24000,24000,24000,24000,24000,24000,24000,24000,24000,24000
GET,/api/cart/update/anonymous-697/HPTD/2,1,0,62575.53720099986,62575.53720099986,62575.53720099986,62575.53720099986,121.0,0.0002758456848840466,0.0,63000,63000,63000,63000,63000,63000,63000,63000,63000,63000,63000
GET,/api/cart/update/anonymous-697/UHJ/2,1,0,29580.493276999732,29580.493276999732,29580.493276999732,29580.493276999732,228.0,0.0002758456848840466,0.0,30000,30000,30000,30000,30000,30000,30000,30000,30000,30000,30000
GET,/api/cart/update/anonymous-699/RMC/2,1,0,65619.56308400023,65619.56308400023,65619.56308400023,65619.56308400023,190.0,0.0002758456848840466,0.0,66000,66000,66000,66000,66000,66000,66000,66000,66000,66000,66000
GET,/api/cart/update/anonymous-7/EPE/2,1,0,43150.557507000034,43150.557507000034,43150.557507000034,43150.557507000034,130.0,0.0002758456848840466,0.0,43000,43000,43000,43000,43000,43000,43000,43000,43000,43000,43000
GET,/api/cart/update/anonymous-7/RED/2,1,0,61115.13457400042,61115.13457400042,61115.13457400042,61115.13457400042,202.0,0.0002758456848840466,0.0,61000,61000,61000,61000,61000,61000,61000,61000,61000,61000,61000
GET,/api/cart/update/anonymous-7/STAN-1/2,1,0,20.500663999996505,20.500663999996505,20.500663999996505,20.500663999996505,182.0,0.0002758456848840466,0.0,21,21,21,21,21,21,21,21,21,21,21
GET,/api/cart/update/anonymous-7/Watson/2,1,0,40.880627999968056,40.880627999968056,40.880627999968056,40.880627999968056,196.0,0.0002758456848840466,0.0,41,41,41,41,41,41,41,41,41,41,41
GET,/api/cart/update/anonymous-70/EMM/2,1,0,28.06318900002225,28.06318900002225,28.06318900002225,28.06318900002225,229.0,0.0002758456848840466,0.0,28,28,28,28,28,28,28,28,28,28,28
GET,/api/cart/update/anonymous-70/RED/2,1,0,113.3752570000297,113.3752570000297,113.3752570000297,113.3752570000297,226.0,0.0002758456848840466,0.0,110,110,110,110,110,110,110,110,110,110,110
GET,/api/cart/update/anonymous-700/RED/2,1,1,52143.49026700029,52143.49026700029,52143.49026700029,52143.49026700029,14.0,0.0002758456848840466,0.0002758456848840466,52000,52000,52000,52000,52000,52000,52000,52000,52000,52000,52000
GET,/api/cart/update/anonymous-700/STAN-1/2,1,0,67858.6472080001,67858.6472080001,67858.6472080001,67858.6472080001,195.0,0.0002758456848840466,0.0,68000,68000,68000,68000,68000,68000,68000,68000,68000,68000,68000
GET,/api/cart/update/anonymous-701/RMC/2,1,1,48869.55371499971,48869.55371499971,48869.55371499971,48869.55371499971,14.0,0.0002758456848840466,0.0002758456848840466,49000,49000,49000,49000,49000,49000,49000,49000,49000,49000,49000
GET,/api/cart/update/anonymous-701/STAN-1/2,1,0,43473.05347199972,43473.05347199972,43473.05347199972,43473.05347199972,112.0,0.0002758456848840466,0.0,43000,43000,43000,43000,43000,43000,43000,43000,43000,43000,43000
GET,/api/cart/update/anonymous-702/SHCE/2,1,0,104389.8336000002,104389.8336000002,104389.8336000002,104389.8336000002,125.0,0.0002758456848840466,0.0,104000,104000,104000,104000,104000,104000,104000,104000,104000,104000,104000
GET,/api/cart/update/anonymous-702/Watson/2,1,0,24459.86255899993,24459.86255899993,24459.86255899993,24459.86255899993,104.0,0.0002758456848840466,0.0,24000,24000,24000,24000,24000,24000,24000,24000,24000,24000,24000
GET,/api/cart/update/anonymous-703/STAN-1/2,2,0,19000.0,61661.55320100018,18923.65876300005,104399.4476390003,228.0,0.0005516913697680932,0.0,104000,104000,104000,104000,104000,104000,104000,104000,104000,104000,104000
GET,/api/cart/update/anonymous-704/HPTD/2,1,0,47824.91066400007,47824.91066400007,47824.91066400007,47824.91066400007,121.0,0.0002758456848840466,0.0,48000,48000,48000,48000,48000,48000,48000,48000,48000,48000,48000
GET,/api/cart/update/anonymous-708/Watson/2,2,0,23359.582485000145,41836.02227750009,23359.582485000145,60312.46207000004,233.5,0.0005516913697680932,0.0,60000,60000,60000,60000,60000,60000,60000,60000,60000,60000,60000
GET,/api/cart/update/anonymous-709/UHJ/2,2,0,49134.82079699998,58500.66935950008,49134.82079699998,67866.51792200019,180.0,0.0005516913697680932,0.0,68000,68000,68000,68000,68000,68000,68000,68000,68000,68000,68000
GET,/api/cart/update/anonymous-71/RED/2,2,0,17.170554000017546,22615.48543249995,17.170554000017546,45213.80031099988,168.0,0.0005516913697680932,0.0,45000,45000,45000,45000,45000,45000,45000,45000,45000,45000,45000
GET,/api/cart/update/anonymous-71/UHJ/2,2,0,50.07615800002441,70907.95258099995,50.07615800002441,141765.82900399988,219.5,0.0005516913697680932,0.0,142000,142000,142000,142000,142000,142000,142000,142000,142000,142000,142000
GET,/api/cart/update/anonymous-711/RMC/2,2,0,17190.266889999977,31129.244630999892,17190.266889999977,45068.22237199981,251.5,0.0005516913697680932,0.0,45000,45000,45000,45000,45000,45000,45000,45000,45000,45000,45000
GET,/api/cart/update/anonymous-712/EPE/2,1,0,27068.962512000326,27068.962512000326,27068.962512000326,27068.962512000326,130.0,0.0002758456848840466,0.0,27000,27000,27000,27000,27000,27000,27000,27000,27000,27000,27000
GET,/api/cart/update/anonymous-712/HPTD/2,1,0,23469.530088999818,23469.530088999818,23469.530088999818,23469.530088999818,121.0,0.0002758456848840466,0.0,23000,23000,23000,23000,23000,23000,23000,23000,23000,23000,23000
GET,/api/cart/update/anonymous-713/Watson/2,2,0,52000.0,63776.10042249989,51779.827521999774,75772.373323,143.0,0.0005516913697680932,0.0,76000,76000,76000,76000,76000,76000,76000,76000,76000,76000,76000
GET,/api/cart/update/anonymous-714/HPTD/2,1,0,26777.74708400011,26777.74708400011,26777.74708400011,26777.74708400011,219.0,0.0002758456848840466,0.0,27000,27000,27000,27000,27000,27000,27000,27000,27000,27000,27000
GET,/api/cart/update/anonymous-714/Watson/2,1,0,67876.9294719998,67876.9294719998,67876.9294719998,67876.9294719998,206.0,0.0002758456848840466,0.0,68000,68000,68000,68000,68000,68000,68000,68000,68000,68000,68000
GET,/api/cart/update/anonymous-716/Watson/2,1,0,51778.938311000275,51778.938311000275,51778.938311000275,51778.938311000275,104.0,0.0002758456848840466,0.0,52000,52000,52000,52000,52000,52000,52000,52000,52000,52000,52000
GET,/api/cart/update/anonymous-717/STAN-1/2,1,0,23231.160747000104,23231.160747000104,23231.160747000104,23231.160747000104,112.0,0.0002758456848840466,0.0,23000,23000,23000,23000,23000,23000,23000,23000,23000,23000,23000
GET,/api/cart/update/anonymous-718/SHCE/2,1,0,25651.747456000066,25651.747456000066,25651.747456000066,25651.747456000066,203.0,0.0002758456848840466,0.0,26000,26000,26000,26000,26000,26000,26000,26000,26000,26000,26000
GET,/api/cart/update/anonymous-719/Watson/2,1,0,43058.33999600008,43058.33999600008,43058.33999600008,43058.33999600008,198.0,0.0002758456848840466,0.0,43000,43000,43000,43000,43000,43000,43000,43000,43000,43000,43000
GET,/api/cart/update/anonymous-72/RED/2,1,0,10.47813299999234,10.47813299999234,10.47813299999234,10.47813299999234,221.0,0.0002758456848840466,0.0,10,10,10,10,10,10,10,10,10,10,10
GET,/api/cart/update/anonymous-72/RMC/2,1,0,41.29462999998168,41.29462999998168,41.29462999998168,41.29462999998168,184.0,0.0002758456848840466,0.0,41,41,41,41,41,41,41,41,41,41,41
GET,/api/cart/update/anonymous-72/Watson/2,1,0,65582.8810830003,65582.8810830003,65582.8810830003,65582.8810830003,269.0,0.0002758456848840466,0.0,66000,66000,66000,66000,66000,66000,66000,66000,66000,66000,66000
GET,/api/cart/update/anonymous-720/RED/2,1,0,46773.346657999806,46773.346657999806,46773.346657999806,46773.346657999806,134.0,0.0002758456848840466,0.0,47000,47000,47000,47000,47000,47000,47000,47000,47000,47000,47000
GET,/api/cart/update/anonymous-722/EMM/2,1,0,31384.371915999964,31384.371915999964,31384.371915999964,31384.371915999964,137.0,0.0002758456848840466,0.0,31000,31000,31000,31000,31000,31000,31000,31000,31000,31000,31000
GET,/api/cart/update/anonymous-724/STAN-1/2,1,0,80987.30640700001,80987.30640700001,80987.30640700001,80987.30640700001,182.0,0.0002758456848840466,0.0,81000,81000,81000,81000,81000,81000,81000,81000,81000,81000,81000
GET,/api/cart/update/anonymous-724/Watson/2,1,0,21975.99002900006,21975.99002900006,21975.99002900006,21975.99002900006,198.0,0.0002758456848840466,0.0,22000,22000,22000,22000,22000,22000,22000,22000,22000,22000,22000
GET,/api/cart/update/anonymous-725/SHCE/2,1,0,37872.95129599988,37872.95129599988,37872.95129599988,37872.95129599988,230.0,0.0002758456848840466,0.0,38000,38000,38000,38000,38000,38000,38000,38000,38000,38000,38000
GET,/api/cart/update/anonymous-726/UHJ/2,1,0,56023.709194999814,56023.709194999814,56023.709194999814,56023.709194999814,141.0,0.0002758456848840466,0.0,56000,56000,56000,56000,56000,56000,56000,56000,56000,56000,56000
GET,/api/cart/update/anonymous-728/SHCE/2,1,0,47823.36114200007,47823.36114200007,47823.36114200007,47823.36114200007,205.0,0.0002758456848840466,0.0,48000,48000,48000,48000,48000,48000,48000,48000,48000,48000,48000
GET,/api/cart/update/anonymous-728/STAN-1/2,1,0,20225.048382000296,20225.048382000296,20225.048382000296,20225.048382000296,112.0,0.0002758456848840466,0.0,20000,20000,20000,20000,20000,20000,20000,20000,20000,20000,20000
GET,/api/cart/update/anonymous-729/EPE/2,1,0,21529.894485000113,21529.894485000113,21529.894485000113,21529.894485000113,222.0,0.0002758456848840466,0.0,22000,22000,22000,22000,22000,22000,22000,22000,22000,22000,22000
GET,/api/cart/update/anonymous-73/EMM/2,1,1,137616.50624100002,137616.50624100002,137616.50624100002,137616.50624100002,11.0,0.0002758456848840466,0.0002758456848840466,138000,138000,138000,138000,138000,138000,138000,138000,138000,138000,138000
GET,/api/cart/update/anonymous-73/RMC/2,1,0,12.01013799999373,12.01013799999373,12.01013799999373,12.01013799999373,199.0,0.0002758456848840466,0.0,12,12,12,12,12,12,12,12,12,12,12
GET,/api/cart/update/anonymous-73/SHCE/2,1,0,75097.15810300031,75097.15810300031,75097.15810300031,75097.15810300031,371.0,0.0002758456848840466,0.0,75000,75000,75000,75000,75000,75000,75000,75000,75000,75000,75000
GET,/api/cart/update/anonymous-73/STAN-1/2,1,0,121.647983999992,121.647983999992,121.647983999992,121.647983999992,112.0,0.0002758456848840466,0.0,120,120,120,120,120,120,120,120,120,120,120
GET,/api/cart/update/anonymous-731/UHJ/2,1,0,37965.31490299981,37965.31490299981,37965.31490299981,37965.31490299981,211.0,0.0002758456848840466,0.0,38000,38000,38000,38000,38000,38000,38000,38000,38000,38000,38000
GET,/api/cart/update/anonymous-732/EPE/2,1,0,24234.612923999975,24234.612923999975,24234.612923999975,24234.612923999975,217.0,0.0002758456848840466,0.0,24000,24000,24000,24000,24000,24000,24000,24000,24000,24000,24000
GET,/api/cart/update/anonymous-733/EPE/2,1,0,39732.34409199995,39732.34409199995,39732.34409199995,39732.34409199995,130.0,0.0002758456848840466,0.0,40000,40000,40000,40000,40000,40000,40000,40000,40000,40000,40000
GET,/api/cart/update/anonymous-736/RED/2,1,0,50350.93383699996,50350.93383699996,50350.93383699996,50350.93383699996,226.0,0.0002758456848840466,0.0,50000,50000,50000,50000,50000,50000,50000,50000,50000,50000,50000
GET,/api/cart/update/anonymous-737/EMM/2,1,0,51099.92460099966,51099.92460099966,51099.92460099966,51099.92460099966,222.0,0.0002758456848840466,0.0,51000,51000,51000,51000,51000,51000,51000,51000,51000,51000,51000
GET,/api/cart/update/anonymous-737/HPTD/2,1,0,45189.62728199994,45189.62728199994,45189.62728199994,45189.62728199994,121.0,0.0002758456848840466,0.0,45000,45000,45000,45000,45000,45000,45000,45000,45000,45000,45000
GET,/api/cart/update/anonymous-738/HPTD/2,1,0,42913.66927099989,42913.66927099989,42913.66927099989,42913.66927099989,121.0,0.0002758456848840466,0.0,43000,43000,43000,43000,43000,43000,43000,43000,43000,43000,43000
GET,/api/cart/update/anonymous-738/Watson/2,1,0,54966.43995699992,54966.43995699992,54966.43995699992,54966.43995699992,274.0,0.0002758456848840466,0.0,55000,55000,55000,55000,55000,55000,55000,55000,55000,55000,55000
GET,/api/cart/update/anonymous-739/EPE/2,2,0,31375.641213000108,83950.9495625,31375.641213000108,136526.25791199988,234.0,0.0005516913697680932,0.0,137000,137000,137000,137000,137000,137000,137000,137000,137000,137000,137000
GET,/api/cart/update/anonymous-74/RED/2,2,1,28,37603.33687799994,27.761287999965134,75178.91246799991,67.0,0.0005516913697680932,0.0002758456848840466,75000,75000,75000,75000,75000,75000,75000,75000,75000,75000,75000
GET,/api/cart/update/anonymous-74/SHCE/2,1,0,21.97246999998015,21.97246999998015,21.97246999998015,21.97246999998015,230.0,0.0002758456848840466,0.0,22,22,22,22,22,22,22,22,22,22,22
GET,/api/cart/update/anonymous-740/EPE/2,2,0,41000.0,43022.710006499896,40837.514415999976,45207.90559699981,172.5,0.0005516913697680932,0.0,45000,45000,45000,45000,45000,45000,45000,45000,45000,45000,45000
GET,/api/cart/update/anonymous-741/Watson/2,1,0,121431.02703399972,121431.02703399972,121431.02703399972,121431.02703399972,104.0,0.0002758456848840466,0.0,121000,121000,121000,121000,121000,121000,121000,121000,121000,121000,121000
GET,/api/cart/update/anonymous-742/RMC/2,1,0,46339.617093000015,46339.617093000015,46339.617093000015,46339.617093000015,109.0,0.0002758456848840466,0.0,46000,46000,46000,46000,46000,46000,46000,46000,46000,46000,46000
GET,/api/cart/update/anonymous-744/EMM/2,1,0,55908.07910000012,55908.07910000012,55908.07910000012,55908.07910000012,137.0,0.0002758456848840466,0.0,56000,56000,56000,56000,56000,56000,56000,56000,56000,56000,56000
GET,/api/cart/update/anonymous-746/RMC/2,1,0,80987.68870999993,80987.68870999993,80987.68870999993,80987.68870999993,109.0,0.0002758456848840466,0.0,81000,81000,81000,81000,81000,81000,81000,81000,81000,81000,81000
GET,/api/cart/update/anonymous-747/EPE/2,1,0,26306.198778999715,26306.198778999715,26306.198778999715,26306.198778999715,300.0,0.0002758456848840466,0.0,26000,26000,26000,26000,26000,26000,26000,26000,26000,26000,26000
GET,/api/cart/update/anonymous-747/RMC/2,1,0,121440.11054500015,121440.11054500015,121440.11054500015,121440.11054500015,109.0,0.0002758456848840466,0.0,121000,121000,121000,121000,121000,121000,121000,121000,121000,121000,121000
GET,/api/cart/update/anonymous-749/Watson/2,1,0,18328.71208700021,18328.71208700021,18328.71208700021,18328.71208700021,104.0,0.0002758456848840466,0.0,18000,18000,18000,18000,18000,18000,18000,18000,18000,18000,18000
GET,/api/cart/update/anonymous-75/HPTD/2,2,0,18.064857000013035,24.927778500000386,18.064857000013035,31.790699999987737,196.0,0.0005516913697680932,0.0,32,32,32,32,32,32,32,32,32,32,32
GET,/api/cart/update/anonymous-75/Watson/2,1,0,38818.650881000394,38818.650881000394,38818.650881000394,38818.650881000394,293.0,0.0002758456848840466,0.0,39000,39000,39000,39000,39000,39000,39000,39000,39000,39000,39000
GET,/api/cart/update/anonymous-750/RED/2,1,0,121441.35865999988,121441.35865999988,121441.35865999988,121441.35865999988,134.0,0.0002758456848840466,0.0,121000,121000,121000,121000,121000,121000,121000,121000,121000,121000,121000
GET,/api/cart/update/anonymous-751/STAN-1/2,1,0,22662.57924399997,22662.57924399997,22662.57924399997,22662.57924399997,195.0,0.0002758456848840466,0.0,23000,23000,23000,23000,23000,23000,23000,23000,23000,23000,23000
GET,/api/cart/update/anonymous-752/SHCE/2,1,0,28288.426555000115,28288.426555000115,28288.426555000115,28288.426555000115,307.0,0.0002758456848840466,0.0,28000,28000,28000,28000,28000,28000,28000,28000,28000,28000,28000
GET,/api/cart/update/anonymous-752/Watson/2,1,1,109303.4557799997,109303.4557799997,109303.4557799997,109303.4557799997,14.0,0.0002758456848840466,0.0002758456848840466,109000,109000,109000,109000,109000,109000,109000,109000,109000,109000,109000
GET,/api/cart/update/anonymous-753/SHCE/2,1,0,35841.27119200002,35841.27119200002,35841.27119200002,35841.27119200002,125.0,0.0002758456848840466,0.0,36000,36000,36000,36000,36000,36000,36000,36000,36000,36000,36000
GET,/api/cart/update/anonymous-754/SHCE/2,1,0,39918.88209499985,39918.88209499985,39918.88209499985,39918.88209499985,125.0,0.0002758456848840466,0.0,40000,40000,40000,40000,40000,40000,40000,40000,40000,40000,40000
GET,/api/cart/update/anonymous-755/RMC/2,1,0,18771.35026799988,18771.35026799988,18771.35026799988,18771.35026799988,109.0,0.0002758456848840466,0.0,19000,19000,19000,19000,19000,19000,19000,19000,19000,19000,19000
GET,/api/cart/update/anonymous-756/STAN-1/2,1,0,65728.64067399997,65728.64067399997,65728.64067399997,65728.64067399997,112.0,0.0002758456848840466,0.0,66000,66000,66000,66000,66000,66000,66000,66000,66000,66000,66000
GET,/api/cart/update/anonymous-756/Watson/2,1,0,18932.460557000013,18932.460557000013,18932.460557000013,18932.460557000013,209.0,0.0002758456848840466,0.0,19000,19000,19000,19000,19000,19000,19000,19000,19000,19000,19000
GET,/api/cart/update/anonymous-758/Watson/2,1,0,25727.120381000077,25727.120381000077,25727.120381000077,25727.120381000077,182.0,0.0002758456848840466,0.0,26000,26000,26000,26000,26000,26000,26000,26000,26000,26000,26000
GET,/api/cart/update/anonymous-759/UHJ/2,1,0,47404.96666300032,47404.96666300032,47404.96666300032,47404.96666300032,228.0,0.0002758456848840466,0.0,47000,47000,47000,47000,47000,47000,47000,47000,47000,47000,47000
GET,/api/cart/update/anonymous-76/STAN-1/2,1,0,123.13438799998266,123.13438799998266,123.13438799998266,123.13438799998266,201.0,0.0002758456848840466,0.0,120,120,120,120,120,120,120,120,120,120,120
GET,/api/cart/update/anonymous-76/UHJ/2,1,0,17.624254999986988,17.624254999986988,17.624254999986988,17.624254999986988,211.0,0.0002758456848840466,0.0,18,18,18,18,18,18,18,18,18,18,18
GET,/api/cart/update/anonymous-761/EPE/2,1,0,55360.87991500017,55360.87991500017,55360.87991500017,55360.87991500017,130.0,0.0002758456848840466,0.0,55000,55000,55000,55000,55000,55000,55000,55000,55000,55000,55000
GET,/api/cart/update/anonymous-761/RMC/2,1,0,40873.22666400041,40873.22666400041,40873.22666400041,40873.22666400041,202.0,0.0002758456848840466,0.0,41000,41000,41000,41000,41000,41000,41000,41000,41000,41000,41000
GET,/api/cart/update/anonymous-762/EPE/2,1,0,1267.799789000037,1267.799789000037,1267.799789000037,1267.799789000037,130.0,0.0002758456848840466,0.0,1300,1300,1300,1300,1300,1300,1300,1300,1300,1300,1300
GET,/api/cart/update/anonymous-763/Watson/2,1,1,74850.75209800016,74850.75209800016,74850.75209800016,74850.75209800016,0.0,0.0002758456848840466,0.0002758456848840466,75000,75000,75000,75000,75000,75000,75000,75000,75000,75000,75000
GET,/api/cart/update/anonymous-764/RMC/2,1,0,121442.5798719999,121442.5798719999,121442.5798719999,121442.5798719999,280.0,0.0002758456848840466,0.0,121000,121000,121000,121000,121000,121000,121000,121000,121000,121000,121000
GET,/api/cart/update/anonymous-764/Watson/2,1,0,18603.374638999867,18603.374638999867,18603.374638999867,18603.374638999867,202.0,0.0002758456848840466,0.0,19000,19000,19000,19000,19000,19000,19000,19000,19000,19000,19000
GET,/api/cart/update/anonymous-765/Watson/2,1,0,67875.41465100003,67875.41465100003,67875.41465100003,67875.41465100003,104.0,0.0002758456848840466,0.0,68000,68000,68000,68000,68000,68000,68000,68000,68000,68000,68000
GET,/api/cart/update/anonymous-767/SHIP/2,1,1,139460.2237690001,139460.2237690001,139460.2237690001,139460.2237690001,14.0,0.0002758456848840466,0.0002758456848840466,139000,139000,139000,139000,139000,139000,139000,139000,139000,139000,139000
GET,/api/cart/update/anonymous-767/Watson/2,1,0,30449.283189999733,30449.283189999733,30449.283189999733,30449.283189999733,104.0,0.0002758456848840466,0.0,30000,30000,30000,30000,30000,30000,30000,30000,30000,30000,30000
GET,/api/cart/update/anonymous-768/EPE/2,1,0,49462.94853099971,49462.94853099971,49462.94853099971,49462.94853099971,222.0,0.0002758456848840466,0.0,49000,49000,49000,49000,49000,49000,49000,49000,49000,49000,49000
GET,/api/cart/update/anonymous-768/RED/2,1,0,43017.359786999805,43017.359786999805,43017.359786999805,43017.359786999805,134.0,0.0002758456848840466,0.0,43000,43000,43000,43000,43000,43000,43000,43000,43000,43000,43000
GET,/api/cart/update/anonymous-769/EMM/2,1,0,51316.672512999954,51316.672512999954,51316.672512999954,51316.672512999954,137.0,0.0002758456848840466,0.0,51000,51000,51000,51000,51000,51000,51000,51000,51000,51000,51000
GET,/api/cart/update/anonymous-77/EMM/2,1,0,170.55973800000856,170.55973800000856,170.55973800000856,170.55973800000856,222.0,0.0002758456848840466,0.0,170,170,170,170,170,170,170,170,170,170,170
GET,/api/cart/update/anonymous-77/HPTD/2,1,0,176.77705799997057,176.77705799997057,176.77705799997057,176.77705799997057,121.0,0.0002758456848840466,0.0,180,180,180,180,180,180,180,180,180,180,180
GET,/api/cart/update/anonymous-770/EMM/2,1,0,17509.69933200031,17509.69933200031,17509.69933200031,17509.69933200031,137.0,0.0002758456848840466,0.0,18000,18000,18000,18000,18000,18000,18000,18000,18000,18000,18000
GET,/api/cart/update/anonymous-770/RED/2,1,0,55008.962831000186,55008.962831000186,55008.962831000186,55008.962831000186,308.0,0.0002758456848840466,0.0,55000,55000,55000,55000,55000,55000,55000,55000,55000,55000,55000
GET,/api/cart/update/anonymous-771/RMC/2,1,0,23851.734695999992,23851.734695999992,23851.734695999992,23851.734695999992,109.0,0.0002758456848840466,0.0,24000,24000,24000,24000,24000,24000,24000,24000,24000,24000,24000
GET,/api/cart/update/anonymous-774/EMM/2,1,0,61756.06207400006,61756.06207400006,61756.06207400006,61756.06207400006,227.0,0.0002758456848840466,0.0,62000,62000,62000,62000,62000,62000,62000,62000,62000,62000,62000
GET,/api/cart/update/anonymous-774/Watson/2,1,0,92012.43295799986,92012.43295799986,92012.43295799986,92012.43295799986,104.0,0.0002758456848840466,0.0,92000,92000,92000,92000,92000,92000,92000,92000,92000,92000,92000
GET,/api/cart/update/anonymous-777/EMM/2,1,0,28987.92456199999,28987.92456199999,28987.92456199999,28987.92456199999,137.0,0.0002758456848840466,0.0,29000,29000,29000,29000,29000,29000,29000,29000,29000,29000,29000
GET,/api/cart/update/anonymous-778/HPTD/2,1,0,75638.03585300002,75638.03585300002,75638.03585300002,75638.03585300002,193.0,0.0002758456848840466,0.0,76000,76000,76000,76000,76000,76000,76000,76000,76000,76000,76000
GET,/api/cart/update/anonymous-779/EMM/2,1,0,870.8186199996817,870.8186199996817,870.8186199996817,870.8186199996817,389.0,0.0002758456848840466,0.0,870,870,870,870,870,870,870,870,870,870,870
GET,/api/cart/update/anonymous-78/EPE/2,1,0,38.898523000000296,38.898523000000296,38.898523000000296,38.898523000000296,208.0,0.0002758456848840466,0.0,39,39,39,39,39,39,39,39,39,39,39
GET,/api/cart/update/anonymous-78/SHCE/2,1,0,102976.0916109999,102976.0916109999,102976.0916109999,102976.0916109999,198.0,0.0002758456848840466,0.0,103000,103000,103000,103000,103000,103000,103000,103000,103000,103000,103000
GET,/api/cart/update/anonymous-78/Watson/2,1,0,8.721826999988025,8.721826999988025,8.721826999988025,8.721826999988025,191.0,0.0002758456848840466,0.0,9,9,9,9,9,9,9,9,9,9,9
GET,/api/cart/update/anonymous-780/Watson/2,1,0,151063.46929600023,151063.46929600023,151063.46929600023,151063.46929600023,191.0,0.0002758456848840466,0.0,151000,151000,151000,151000,151000,151000,151000,151000,151000,151000,151000
GET,/api/cart/update/anonymous-781/STAN-1/2,1,0,52012.10159599986,52012.10159599986,52012.10159599986,52012.10159599986,287.0,0.0002758456848840466,0.0,52000,52000,52000,52000,52000,52000,52000,52000,52000,52000,52000
GET,/api/cart/update/anonymous-782/RMC/2,2,0,22000.0,23611.566802999958,21619.330228999843,25603.803377000077,109.0,0.0005516913697680932,0.0,26000,26000,26000,26000,26000,26000,26000,26000,26000,26000,26000
GET,/api/cart/update/anonymous-784/EMM/2,1,0,24234.568222999995,24234.568222999995,24234.568222999995,24234.568222999995,215.0,0.0002758456848840466,0.0,24000,24000,24000,24000,24000,24000,24000,24000,24000,24000,24000
GET,/api/cart/update/anonymous-784/RED/2,1,0,42850.61987900008,42850.61987900008,42850.61987900008,42850.61987900008,134.0,0.0002758456848840466,0.0,43000,43000,43000,43000,43000,43000,43000,43000,43000,43000,43000
GET,/api/cart/update/anonymous-785/EPE/2,1,0,24454.21959899977,24454.21959899977,24454.21959899977,24454.21959899977,200.0,0.0002758456848840466,0.0,24000,24000,24000,24000,24000,24000,24000,24000,24000,24000,24000
GET,/api/cart/update/anonymous-786/HPTD/2,2,0,39222.41303900001,50485.42126749999,39222.41303900001,61748.42949599997,216.0,0.0005516913697680932,0.0,62000,62000,62000,62000,62000,62000,62000,62000,62000,62000,62000
GET,/api/cart/update/anonymous-788/RED/2,1,0,59599.357318999864,59599.357318999864,59599.357318999864,59599.357318999864,207.0,0.0002758456848840466,0.0,60000,60000,60000,60000,60000,60000,60000,60000,60000,60000,60000
GET,/api/cart/update/anonymous-789/SHCE/2,1,0,47304.15264199974,47304.15264199974,47304.15264199974,47304.15264199974,230.0,0.0002758456848840466,0.0,47000,47000,47000,47000,47000,47000,47000,47000,47000,47000,47000
GET,/api/cart/update/anonymous-79/RED/2,1,0,53.649069000016425,53.649069000016425,53.649069000016425,53.649069000016425,207.0,0.0002758456848840466,0.0,54,54,54,54,54,54,54,54,54,54,54
GET,/api/cart/update/anonymous-79/STAN-1/2,1,0,10.392833000025803,10.392833000025803,10.392833000025803,10.392833000025803,182.0,0.0002758456848840466,0.0,10,10,10,10,10,10,10,10,10,10,10
GET,/api/cart/update/anonymous-790/Watson/2,1,1,103002.70761599996,103002.70761599996,103002.70761599996,103002.70761599996,14.0,0.0002758456848840466,0.0002758456848840466,103000,103000,103000,103000,103000,103000,103000,103000,103000,103000,103000
GET,/api/cart/update/anonymous-791/SHCE/2,1,0,26350.73742199984,26350.73742199984,26350.73742199984,26350.73742199984,204.0,0.0002758456848840466,0.0,26000,26000,26000,26000,26000,26000,26000,26000,26000,26000,26000
GET,/api/cart/update/anonymous-791/STAN-1/2,1,1,137604.79980699983,137604.79980699983,137604.79980699983,137604.79980699983,14.0,0.0002758456848840466,0.0002758456848840466,138000,138000,138000,138000,138000,138000,138000,138000,138000,138000,138000
GET,/api/cart/update/anonymous-792/UHJ/2,1,0,48027.903204999806,48027.903204999806,48027.903204999806,48027.903204999806,141.0,0.0002758456848840466,0.0,48000,48000,48000,48000,48000,48000,48000,48000,48000,48000,48000
GET,/api/cart/update/anonymous-793/EPE/2,1,0,48027.76530399978,48027.76530399978,48027.76530399978,48027.76530399978,130.0,0.0002758456848840466,0.0,48000,48000,48000,48000,48000,48000,48000,48000,48000,48000,48000
GET,/api/cart/update/anonymous-794/SHCE/2,1,0,23550.30471499981,23550.30471499981,23550.30471499981,23550.30471499981,222.0,0.0002758456848840466,0.0,24000,24000,24000,24000,24000,24000,24000,24000,24000,24000,24000
GET,/api/cart/update/anonymous-794/UHJ/2,1,1,131229.7729940001,131229.7729940001,131229.7729940001,131229.7729940001,11.0,0.0002758456848840466,0.0002758456848840466,131000,131000,131000,131000,131000,131000,131000,131000,131000,131000,131000
GET,/api/cart/update/anonymous-796/EPE/2,1,0,23558.63789099999,23558.63789099999,23558.63789099999,23558.63789099999,217.0,0.0002758456848840466,0.0,24000,24000,24000,24000,24000,24000,24000,24000,24000,24000,24000
GET,/api/cart/update/anonymous-797/Watson/2,1,0,45439.28221700003,45439.28221700003,45439.28221700003,45439.28221700003,104.0,0.0002758456848840466,0.0,45000,45000,45000,45000,45000,45000,45000,45000,45000,45000,45000
GET,/api/cart/update/anonymous-798/Watson/2,1,0,18171.840352000345,18171.840352000345,18171.840352000345,18171.840352000345,198.0,0.0002758456848840466,0.0,18000,18000,18000,18000,18000,18000,18000,18000,18000,18000,18000
GET,/api/cart/update/anonymous-8/SHCE/2,1,0,40.139926999984255,40.139926999984255,40.139926999984255,40.139926999984255,198.0,0.0002758456848840466,0.0,40,40,40,40,40,40,40,40,40,40,40
GET,/api/cart/update/anonymous-8/UHJ/2,1,0,28.38928900001747,28.38928900001747,28.38928900001747,28.38928900001747,226.0,0.0002758456848840466,0.0,28,28,28,28,28,28,28,28,28,28,28
GET,/api/cart/update/anonymous-80/HPTD/2,1,0,19.062961000031464,19.062961000031464,19.062961000031464,19.062961000031464,193.0,0.0002758456848840466,0.0,19,19,19,19,19,19,19,19,19,19,19
GET,/api/cart/update/anonymous-80/RMC/2,1,0,47.198749000017415,47.198749000017415,47.198749000017415,47.198749000017415,184.0,0.0002758456848840466,0.0,47,47,47,47,47,47,47,47,47,47,47
GET,/api/cart/update/anonymous-800/STAN-1/2,1,0,624.1260580000016,624.1260580000016,624.1260580000016,624.1260580000016,112.0,0.0002758456848840466,0.0,620,620,620,620,620,620,620,620,620,620,620
GET,/api/cart/update/anonymous-801/RMC/2,1,0,49465.626664999945,49465.626664999945,49465.626664999945,49465.626664999945,109.0,0.0002758456848840466,0.0,49000,49000,49000,49000,49000,49000,49000,49000,49000,49000,49000
GET,/api/cart/update/anonymous-802/RMC/2,1,0,67004.38105300009,67004.38105300009,67004.38105300009,67004.38105300009,287.0,0.0002758456848840466,0.0,67000,67000,67000,67000,67000,67000,67000,67000,67000,67000,67000
GET,/api/cart/update/anonymous-803/RED/2,2,0,38275.10292600004,52639.31938450002,38275.10292600004,67003.535843,134.0,0.0005516913697680932,0.0,67000,67000,67000,67000,67000,67000,67000,67000,67000,67000,67000
GET,/api/cart/update/anonymous-805/EPE/2,1,1,88471.82440699998,88471.82440699998,88471.82440699998,88471.82440699998,14.0,0.0002758456848840466,0.0002758456848840466,88000,88000,88000,88000,88000,88000,88000,88000,88000,88000,88000
GET,/api/cart/update/anonymous-805/UHJ/2,1,0,74595.10731299997,74595.10731299997,74595.10731299997,74595.10731299997,211.0,0.0002758456848840466,0.0,75000,75000,75000,75000,75000,75000,75000,75000,75000,75000,75000
GET,/api/cart/update/anonymous-806/Watson/2,1,0,65614.31417700033,65614.31417700033,65614.31417700033,65614.31417700033,206.0,0.0002758456848840466,0.0,66000,66000,66000,66000,66000,66000,66000,66000,66000,66000,66000
GET,/api/cart/update/anonymous-808/EPE/2,1,0,89932.21980900035,89932.21980900035,89932.21980900035,89932.21980900035,222.0,0.0002758456848840466,0.0,90000,90000,90000,90000,90000,90000,90000,90000,90000,90000,90000
GET,/api/cart/update/anonymous-81/EPE/2,1,0,26.845685000012054,26.845685000012054,26.845685000012054,26.845685000012054,217.0,0.0002758456848840466,0.0,27,27,27,27,27,27,27,27,27,27,27
GET,/api/cart/update/anonymous-81/RED/2,2,0,20.475464000014654,70897.87368899994,20.475464000014654,141775.27191399987,196.0,0.0005516913697680932,0.0,142000,142000,142000,142000,142000,142000,142000,142000,142000,142000,142000
GET,/api/cart/update/anonymous-812/SHCE/2,2,0,23230.61973899985,26916.15321799986,23230.61973899985,30601.686696999877,177.5,0.0005516913697680932,0.0,31000,31000,31000,31000,31000,31000,31000,31000,31000,31000,31000
GET,/api/cart/update/anonymous-813/UHJ/2,1,0,26516.7480719997,26516.7480719997,26516.7480719997,26516.7480719997,226.0,0.0002758456848840466,0.0,27000,27000,27000,27000,27000,27000,27000,27000,27000,27000,27000
GET,/api/cart/update/anonymous-815/EPE/2,1,0,27032.293997000124,27032.293997000124,27032.293997000124,27032.293997000124,195.0,0.0002758456848840466,0.0,27000,27000,27000,27000,27000,27000,27000,27000,27000,27000,27000
GET,/api/cart/update/anonymous-816/HPTD/2,1,0,48040.22374499982,48040.22374499982,48040.22374499982,48040.22374499982,121.0,0.0002758456848840466,0.0,48000,48000,48000,48000,48000,48000,48000,48000,48000,48000,48000
GET,/api/cart/update/anonymous-816/UHJ/2,1,0,22009.620741000163,22009.620741000163,22009.620741000163,22009.620741000163,211.0,0.0002758456848840466,0.0,22000,22000,22000,22000,22000,22000,22000,22000,22000,22000,22000
GET,/api/cart/update/anonymous-819/EPE/2,1,0,18617.585611999857,18617.585611999857,18617.585611999857,18617.585611999857,130.0,0.0002758456848840466,0.0,19000,19000,19000,19000,19000,19000,19000,19000,19000,19000,19000
GET,/api/cart/update/anonymous-819/SHCE/2,1,0,21451.671643000052,21451.671643000052,21451.671643000052,21451.671643000052,125.0,0.0002758456848840466,0.0,21000,21000,21000,21000,21000,21000,21000,21000,21000,21000,21000
GET,/api/cart/update/anonymous-82/HPTD/2,1,0,14.444244999992861,14.444244999992861,14.444244999992861,14.444244999992861,223.0,0.0002758456848840466,0.0,14,14,14,14,14,14,14,14,14,14,14
GET,/api/cart/update/anonymous-82/Watson/2,1,0,28.90939100001333,28.90939100001333,28.90939100001333,28.90939100001333,206.0,0.0002758456848840466,0.0,29,29,29,29,29,29,29,29,29,29,29
GET,/api/cart/update/anonymous-820/HPTD/2,1,0,51951.16265299976,51951.16265299976,51951.16265299976,51951.16265299976,121.0,0.0002758456848840466,0.0,52000,52000,52000,52000,52000,52000,52000,52000,52000,52000,52000
GET,/api/cart/update/anonymous-820/RED/2,1,0,56022.556783000255,56022.556783000255,56022.556783000255,56022.556783000255,134.0,0.0002758456848840466,0.0,56000,56000,56000,56000,56000,56000,56000,56000,56000,56000,56000
GET,/api/cart/update/anonymous-825/SHCE/2,1,0,51100.83631899988,51100.83631899988,51100.83631899988,51100.83631899988,125.0,0.0002758456848840466,0.0,51000,51000,51000,51000,51000,51000,51000,51000,51000,51000,51000
GET,/api/cart/update/anonymous-826/RMC/2,1,1,86672.47201600003,86672.47201600003,86672.47201600003,86672.47201600003,14.0,0.0002758456848840466,0.0002758456848840466,87000,87000,87000,87000,87000,87000,87000,87000,87000,87000,87000
GET,/api/cart/update/anonymous-829/RMC/2,1,0,52730.215979000146,52730.215979000146,52730.215979000146,52730.215979000146,208.0,0.0002758456848840466,0.0,53000,53000,53000,53000,53000,53000,53000,53000,53000,53000,53000
GET,/api/cart/update/anonymous-829/UHJ/2,1,0,69287.8459389999,69287.8459389999,69287.8459389999,69287.8459389999,228.0,0.0002758456848840466,0.0,69000,69000,69000,69000,69000,69000,69000,69000,69000,69000,69000
GET,/api/cart/update/anonymous-83/STAN-1/2,1,0,19.413960999997926,19.413960999997926,19.413960999997926,19.413960999997926,204.0,0.0002758456848840466,0.0,19,19,19,19,19,19,19,19,19,19,19
GET,/api/cart/update/anonymous-83/UHJ/2,2,0,19.04605999999376,326.953770499955,19.04605999999376,634.8614809999162,245.5,0.0005516913697680932,0.0,630,630,630,630,630,630,630,630,630,630,630
GET,/api/cart/update/anonymous-831/EMM/2,1,0,61115.670277999925,61115.670277999925,61115.670277999925,61115.670277999925,217.0,0.0002758456848840466,0.0,61000,61000,61000,61000,61000,61000,61000,61000,61000,61000,61000
GET,/api/cart/update/anonymous-834/Watson/2,1,1,104956.63454600026,104956.63454600026,104956.63454600026,104956.63454600026,0.0,0.0002758456848840466,0.0002758456848840466,105000,105000,105000,105000,105000,105000,105000,105000,105000,105000,105000
GET,/api/cart/update/anonymous-835/Watson/2,1,0,47872.06545199979,47872.06545199979,47872.06545199979,47872.06545199979,191.0,0.0002758456848840466,0.0,48000,48000,48000,48000,48000,48000,48000,48000,48000,48000,48000
GET,/api/cart/update/anonymous-836/UHJ/2,1,0,151083.91734099996,151083.91734099996,151083.91734099996,151083.91734099996,141.0,0.0002758456848840466,0.0,151000,151000,151000,151000,151000,151000,151000,151000,151000,151000,151000
GET,/api/cart/update/anonymous-838/EPE/2,1,0,172.56406900014554,172.56406900014554,172.56406900014554,172.56406900014554,215.0,0.0002758456848840466,0.0,170,170,170,170,170,170,170,170,170,170,170
GET,/api/cart/update/anonymous-839/HPTD/2,1,0,43169.31215400018,43169.31215400018,43169.31215400018,43169.31215400018,121.0,0.0002758456848840466,0.0,43000,43000,43000,43000,43000,43000,43000,43000,43000,43000,43000
GET,/api/cart/update/anonymous-84/RMC/2,1,0,9.296828999993068,9.296828999993068,9.296828999993068,9.296828999993068,210.0,0.0002758456848840466,0.0,9,9,9,9,9,9,9,9,9,9,9
GET,/api/cart/update/anonymous-84/Watson/2,1,0,10.667533000003004,10.667533000003004,10.667533000003004,10.667533000003004,198.0,0.0002758456848840466,0.0,11,11,11,11,11,11,11,11,11,11,11
GET,/api/cart/update/anonymous-840/UHJ/2,1,1,48715.436782000324,48715.436782000324,48715.436782000324,48715.436782000324,0.0,0.0002758456848840466,0.0002758456848840466,49000,49000,49000,49000,49000,49000,49000,49000,49000,49000,49000
GET,/api/cart/update/anonymous-842/SHCE/2,1,0,49367.5014370001,49367.5014370001,49367.5014370001,49367.5014370001,125.0,0.0002758456848840466,0.0,49000,49000,49000,49000,49000,49000,49000,49000,49000,49000,49000
GET,/api/cart/update/anonymous-844/EMM/2,1,0,47403.42804500005,47403.42804500005,47403.42804500005,47403.42804500005,137.0,0.0002758456848840466,0.0,47000,47000,47000,47000,47000,47000,47000,47000,47000,47000,47000
GET,/api/cart/update/anonymous-845/RED/2,1,0,61124.222310000274,61124.222310000274,61124.222310000274,61124.222310000274,202.0,0.0002758456848840466,0.0,61000,61000,61000,61000,61000,61000,61000,61000,61000,61000,61000
GET,/api/cart/update/anonymous-848/HPTD/2,1,0,28275.286198999765,28275.286198999765,28275.286198999765,28275.286198999765,121.0,0.0002758456848840466,0.0,28000,28000,28000,28000,28000,28000,28000,28000,28000,28000,28000
GET,/api/cart/update/anonymous-849/RMC/2,1,1,74850.05449100026,74850.05449100026,74850.05449100026,74850.05449100026,0.0,0.0002758456848840466,0.0002758456848840466,75000,75000,75000,75000,75000,75000,75000,75000,75000,75000,75000
GET,/api/cart/update/anonymous-85/HPTD/2,2,0,350.0,33662.149571000016,346.5377929999818,66977.76134900005,121.0,0.0005516913697680932,0.0,67000,67000,67000,67000,67000,67000,67000,67000,67000,67000,67000
GET,/api/cart/update/anonymous-85/SHCE/2,1,0,18.149956999991446,18.149956999991446,18.149956999991446,18.149956999991446,228.0,0.0002758456848840466,0.0,18,18,18,18,18,18,18,18,18,18,18
GET,/api/cart/update/anonymous-850/SHCE/2,1,0,89979.32029599996,89979.32029599996,89979.32029599996,89979.32029599996,125.0,0.0002758456848840466,0.0,90000,90000,90000,90000,90000,90000,90000,90000,90000,90000,90000
GET,/api/cart/update/anonymous-850/Watson/2,1,0,28277.146422999976,28277.146422999976,28277.146422999976,28277.146422999976,209.0,0.0002758456848840466,0.0,28000,28000,28000,28000,28000,28000,28000,28000,28000,28000,28000
GET,/api/cart/update/anonymous-852/RMC/2,1,0,28308.707711999887,28308.707711999887,28308.707711999887,28308.707711999887,210.0,0.0002758456848840466,0.0,28000,28000,28000,28000,28000,28000,28000,28000,28000,28000,28000
GET,/api/cart/update/anonymous-853/STAN-1/2,1,0,27989.784607000274,27989.784607000274,27989.784607000274,27989.784607000274,184.0,0.0002758456848840466,0.0,28000,28000,28000,28000,28000,28000,28000,28000,28000,28000,28000
GET,/api/cart/update/anonymous-856/SHCE/2,1,1,48715.468882000096,48715.468882000096,48715.468882000096,48715.468882000096,0.0,0.0002758456848840466,0.0002758456848840466,49000,49000,49000,49000,49000,49000,49000,49000,49000,49000,49000
GET,/api/cart/update/anonymous-856/Watson/2,1,0,41060.23649600001,41060.23649600001,41060.23649600001,41060.23649600001,383.0,0.0002758456848840466,0.0,41000,41000,41000,41000,41000,41000,41000,41000,41000,41000,41000
GET,/api/cart/update/anonymous-857/SHCE/2,1,0,49378.5149790001,49378.5149790001,49378.5149790001,49378.5149790001,225.0,0.0002758456848840466,0.0,49000,49000,49000,49000,49000,49000,49000,49000,49000,49000,49000
GET,/api/cart/update/anonymous-86/SHCE/2,1,0,25.631981000003634,25.631981000003634,25.631981000003634,25.631981000003634,222.0,0.0002758456848840466,0.0,26,26,26,26,26,26,26,26,26,26,26
GET,/api/cart/update/anonymous-86/UHJ/2,1,0,29.976794000049267,29.976794000049267,29.976794000049267,29.976794000049267,206.0,0.0002758456848840466,0.0,30,30,30,30,30,30,30,30,30,30,30
GET,/api/cart/update/anonymous-860/STAN-1/2,2,0,67276.93441300016,70964.06793950018,67276.93441300016,74651.2014660002,147.0,0.0005516913697680932,0.0,75000,75000,75000,75000,75000,75000,75000,75000,75000,75000,75000
GET,/api/cart/update/anonymous-864/UHJ/2,1,0,41185.413977999815,41185.413977999815,41185.413977999815,41185.413977999815,206.0,0.0002758456848840466,0.0,41000,41000,41000,41000,41000,41000,41000,41000,41000,41000,41000
GET,/api/cart/update/anonymous-865/STAN-1/2,1,0,28007.777729999816,28007.777729999816,28007.777729999816,28007.777729999816,204.0,0.0002758456848840466,0.0,28000,28000,28000,28000,28000,28000,28000,28000,28000,28000,28000
GET,/api/cart/update/anonymous-867/EMM/2,1,0,48861.56397800005,48861.56397800005,48861.56397800005,48861.56397800005,288.0,0.0002758456848840466,0.0,49000,49000,49000,49000,49000,49000,49000,49000,49000,49000,49000
GET,/api/cart/update/anonymous-867/EPE/2,1,0,21325.063526999882,21325.063526999882,21325.063526999882,21325.063526999882,200.0,0.0002758456848840466,0.0,21000,21000,21000,21000,21000,21000,21000,21000,21000,21000,21000
GET,/api/cart/update/anonymous-868/RED/2,1,0,48816.093393999836,48816.093393999836,48816.093393999836,48816.093393999836,202.0,0.0002758456848840466,0.0,49000,49000,49000,49000,49000,49000,49000,49000,49000,49000,49000
GET,/api/cart/update/anonymous-87/EMM/2,1,0,21.051166999995985,21.051166999995985,21.051166999995985,21.051166999995985,217.0,0.0002758456848840466,0.0,21,21,21,21,21,21,21,21,21,21,21
GET,/api/cart/update/anonymous-87/SHCE/2,1,0,82.16035899999952,82.16035899999952,82.16035899999952,82.16035899999952,198.0,0.0002758456848840466,0.0,82,82,82,82,82,82,82,82,82,82,82
GET,/api/cart/update/anonymous-870/EMM/2,1,0,54177.396961999875,54177.396961999875,54177.396961999875,54177.396961999875,229.0,0.0002758456848840466,0.0,54000,54000,54000,54000,54000,54000,54000,54000,54000,54000,54000
GET,/api/cart/update/anonymous-872/SHCE/2,1,0,18764.123548000043,18764.123548000043,18764.123548000043,18764.123548000043,204.0,0.0002758456848840466,0.0,19000,19000,19000,19000,19000,19000,19000,19000,19000,19000,19000
GET,/api/cart/update/anonymous-872/STAN-1/2,1,0,92023.851595,92023.851595,92023.851595,92023.851595,204.0,0.0002758456848840466,0.0,92000,92000,92000,92000,92000,92000,92000,92000,92000,92000,92000
GET,/api/cart/update/anonymous-873/RMC/2,1,0,92022.61057999976,92022.61057999976,92022.61057999976,92022.61057999976,109.0,0.0002758456848840466,0.0,92000,92000,92000,92000,92000,92000,92000,92000,92000,92000,92000
GET,/api/cart/update/anonymous-874/STAN-1/2,1,0,121904.46495499964,121904.46495499964,121904.46495499964,121904.46495499964,187.0,0.0002758456848840466,0.0,122000,122000,122000,122000,122000,122000,122000,122000,122000,122000,122000
GET,/api/cart/update/anonymous-874/UHJ/2,1,0,24215.741344000206,24215.741344000206,24215.741344000206,24215.741344000206,233.0,0.0002758456848840466,0.0,24000,24000,24000,24000,24000,24000,24000,24000,24000,24000,24000
GET,/api/cart/update/anonymous-875/RED/2,1,0,28987.77796000013,28987.77796000013,28987.77796000013,28987.77796000013,134.0,0.0002758456848840466,0.0,29000,29000,29000,29000,29000,29000,29000,29000,29000,29000,29000
GET,/api/cart/update/anonymous-877/SHCE/2,1,0,45180.10827099988,45180.10827099988,45180.10827099988,45180.10827099988,125.0,0.0002758456848840466,0.0,45000,45000,45000,45000,45000,45000,45000,45000,45000,45000,45000
GET,/api/cart/update/anonymous-878/UHJ/2,1,1,83245.8773100002,83245.8773100002,83245.8773100002,83245.8773100002,14.0,0.0002758456848840466,0.0002758456848840466,83000,83000,83000,83000,83000,83000,83000,83000,83000,83000,83000
GET,/api/cart/update/anonymous-879/EPE/2,1,0,83244.998399,83244.998399,83244.998399,83244.998399,195.0,0.0002758456848840466,0.0,83000,83000,83000,83000,83000,83000,83000,83000,83000,83000,83000
GET,/api/cart/update/anonymous-88/RED/2,1,0,34.46300899997823,34.46300899997823,34.46300899997823,34.46300899997823,185.0,0.0002758456848840466,0.0,34,34,34,34,34,34,34,34,34,34,34
GET,/api/cart/update/anonymous-88/SHCE/2,1,0,12.159238999970512,12.159238999970512,12.159238999970512,12.159238999970512,228.0,0.0002758456848840466,0.0,12,12,12,12,12,12,12,12,12,12,12
GET,/api/cart/update/anonymous-880/EMM/2,1,0,65587.55743599977,65587.55743599977,65587.55743599977,65587.55743599977,137.0,0.0002758456848840466,0.0,66000,66000,66000,66000,66000,66000,66000,66000,66000,66000,66000
GET,/api/cart/update/anonymous-881/Watson/2,1,0,52728.52685899989,52728.52685899989,52728.52685899989,52728.52685899989,198.0,0.0002758456848840466,0.0,53000,53000,53000,53000,53000,53000,53000,53000,53000,53000,53000
GET,/api/cart/update/anonymous-882/Watson/2,1,0,45841.21004899999,45841.21004899999,45841.21004899999,45841.21004899999,209.0,0.0002758456848840466,0.0,46000,46000,46000,46000,46000,46000,46000,46000,46000,46000,46000
GET,/api/cart/update/anonymous-884/SHCE/2,1,0,65586.2493210002,65586.2493210002,65586.2493210002,65586.2493210002,203.0,0.0002758456848840466,0.0,66000,66000,66000,66000,66000,66000,66000,66000,66000,66000,66000
GET,/api/cart/update/anonymous-885/RED/2,1,0,65583.826993,65583.826993,65583.826993,65583.826993,134.0,0.0002758456848840466,0.0,66000,66000,66000,66000,66000,66000,66000,66000,66000,66000,66000
GET,/api/cart/update/anonymous-885/RMC/2,1,1,97430.89273300006,97430.89273300006,97430.89273300006,97430.89273300006,14.0,0.0002758456848840466,0.0002758456848840466,97000,97000,97000,97000,97000,97000,97000,97000,97000,97000,97000
GET,/api/cart/update/anonymous-89/EPE/2,1,0,193.75521199998502,193.75521199998502,193.75521199998502,193.75521199998502,219.0,0.0002758456848840466,0.0,190,190,190,190,190,190,190,190,190,190,190
GET,/api/cart/update/anonymous-89/STAN-1/2,1,0,10.374833000014405,10.374833000014405,10.374833000014405,10.374833000014405,191.0,0.0002758456848840466,0.0,10,10,10,10,10,10,10,10,10,10,10
GET,/api/cart/update/anonymous-891/EMM/2,1,0,71427.55764000003,71427.55764000003,71427.55764000003,71427.55764000003,137.0,0.0002758456848840466,0.0,71000,71000,71000,71000,71000,71000,71000,71000,71000,71000,71000
GET,/api/cart/update/anonymous-892/HPTD/2,1,0,58961.74467600008,58961.74467600008,58961.74467600008,58961.74467600008,121.0,0.0002758456848840466,0.0,59000,59000,59000,59000,59000,59000,59000,59000,59000,59000,59000
GET,/api/cart/update/anonymous-893/Watson/2,2,1,230.0,51601.828703500134,228.4971070002939,102975.16029999997,104.5,0.0005516913697680932,0.0002758456848840466,103000,103000,103000,103000,103000,103000,103000,103000,103000,103000,103000
GET,/api/cart/update/anonymous-894/UHJ/2,1,1,68077.56842900017,68077.56842900017,68077.56842900017,68077.56842900017,182.0,0.0002758456848840466,0.0002758456848840466,68000,68000,68000,68000,68000,68000,68000,68000,68000,68000,68000
GET,/api/cart/update/anonymous-894/Watson/2,1,0,75057.4929430004,75057.4929430004,75057.4929430004,75057.4929430004,196.0,0.0002758456848840466,0.0,75000,75000,75000,75000,75000,75000,75000,75000,75000,75000,75000
GET,/api/cart/update/anonymous-895/EPE/2,1,1,58402.13020800024,58402.13020800024,58402.13020800024,58402.13020800024,0.0,0.0002758456848840466,0.0002758456848840466,58000,58000,58000,58000,58000,58000,58000,58000,58000,58000,58000
GET,/api/cart/update/anonymous-896/EPE/2,1,1,137618.22546099985,137618.22546099985,137618.22546099985,137618.22546099985,11.0,0.0002758456848840466,0.0002758456848840466,138000,138000,138000,138000,138000,138000,138000,138000,138000,138000,138000
GET,/api/cart/update/anonymous-897/EMM/2,1,0,71406.99764100008,71406.99764100008,71406.99764100008,71406.99764100008,137.0,0.0002758456848840466,0.0,71000,71000,71000,71000,71000,71000,71000,71000,71000,71000,71000
GET,/api/cart/update/anonymous-9/EMM/2,1,0,20.19866299997375,20.19866299997375,20.19866299997375,20.19866299997375,137.0,0.0002758456848840466,0.0,20,20,20,20,20,20,20,20,20,20,20
GET,/api/cart/update/anonymous-9/RED/2,1,0,67.11771199996974,67.11771199996974,67.11771199996974,67.11771199996974,185.0,0.0002758456848840466,0.0,67,67,67,67,67,67,67,67,67,67,67
GET,/api/cart/update/anonymous-9/STAN-1/2,1,0,47949.386280999985,47949.386280999985,47949.386280999985,47949.386280999985,268.0,0.0002758456848840466,0.0,48000,48000,48000,48000,48000,48000,48000,48000,48000,48000,48000
GET,/api/cart/update/anonymous-90/RED/2,2,0,10.14633199997661,22.629921499998318,10.14633199997661,35.113511000020026,207.0,0.0005516913697680932,0.0,35,35,35,35,35,35,35,35,35,35,35
GET,/api/cart/update/anonymous-900/EPE/2,1,0,1607.2669029999815,1607.2669029999815,1607.2669029999815,1607.2669029999815,130.0,0.0002758456848840466,0.0,1600,1600,1600,1600,1600,1600,1600,1600,1600,1600,1600
GET,/api/cart/update/anonymous-902/SHCE/2,1,1,102974.55799299997,102974.55799299997,102974.55799299997,102974.55799299997,14.0,0.0002758456848840466,0.0002758456848840466,103000,103000,103000,103000,103000,103000,103000,103000,103000,103000,103000
GET,/api/cart/update/anonymous-903/STAN-1/2,1,0,19658.283668999957,19658.283668999957,19658.283668999957,19658.283668999957,112.0,0.0002758456848840466,0.0,20000,20000,20000,20000,20000,20000,20000,20000,20000,20000,20000
GET,/api/cart/update/anonymous-904/EPE/2,1,1,140972.29055399974,140972.29055399974,140972.29055399974,140972.29055399974,11.0,0.0002758456848840466,0.0002758456848840466,141000,141000,141000,141000,141000,141000,141000,141000,141000,141000,141000
GET,/api/cart/update/anonymous-904/RED/2,1,0,1064.129442000194,1064.129442000194,1064.129442000194,1064.129442000194,226.0,0.0002758456848840466,0.0,1100,1100,1100,1100,1100,1100,1100,1100,1100,1100,1100
GET,/api/cart/update/anonymous-905/STAN-1/2,1,1,38634.77576200012,38634.77576200012,38634.77576200012,38634.77576200012,0.0,0.0002758456848840466,0.0002758456848840466,39000,39000,39000,39000,39000,39000,39000,39000,39000,39000,39000
GET,/api/cart/update/anonymous-907/UHJ/2,1,0,18171.99235499993,18171.99235499993,18171.99235499993,18171.99235499993,233.0,0.0002758456848840466,0.0,18000,18000,18000,18000,18000,18000,18000,18000,18000,18000,18000
GET,/api/cart/update/anonymous-908/RED/2,1,0,65631.965519,65631.965519,65631.965519,65631.965519,134.0,0.0002758456848840466,0.0,66000,66000,66000,66000,66000,66000,66000,66000,66000,66000,66000
GET,/api/cart/update/anonymous-91/EPE/2,1,0,19.864163000022472,19.864163000022472,19.864163000022472,19.864163000022472,208.0,0.0002758456848840466,0.0,20,20,20,20,20,20,20,20,20,20,20
GET,/api/cart/update/anonymous-91/STAN-1/2,1,0,29.716494000012972,29.716494000012972,29.716494000012972,29.716494000012972,204.0,0.0002758456848840466,0.0,30,30,30,30,30,30,30,30,30,30,30
GET,/api/cart/update/anonymous-911/RMC/2,1,0,64073.498176999696,64073.498176999696,64073.498176999696,64073.498176999696,199.0,0.0002758456848840466,0.0,64000,64000,64000,64000,64000,64000,64000,64000,64000,64000,64000
GET,/api/cart/update/anonymous-912/EMM/2,1,1,1659077.6177110001,1659077.6177110001,1659077.6177110001,1659077.6177110001,11.0,0.0002758456848840466,0.0002758456848840466,1659000,1659000,1659000,1659000,1659000,1659000,1659000,1659000,1659000,1659000,1659000
GET,/api/cart/update/anonymous-913/STAN-1/2,1,0,19658.347869999943,19658.347869999943,19658.347869999943,19658.347869999943,112.0,0.0002758456848840466,0.0,20000,20000,20000,20000,20000,20000,20000,20000,20000,20000,20000
GET,/api/cart/update/anonymous-914/EMM/2,1,0,1122.0714139999473,1122.0714139999473,1122.0714139999473,1122.0714139999473,137.0,0.0002758456848840466,0.0,1100,1100,1100,1100,1100,1100,1100,1100,1100,1100,1100
GET,/api/cart/update/anonymous-915/HPTD/2,1,0,577.6576449998174,577.6576449998174,577.6576449998174,577.6576449998174,121.0,0.0002758456848840466,0.0,580,580,580,580,580,580,580,580,580,580,580
GET,/api/cart/update/anonymous-918/RED/2,1,0,323.3044630001132,323.3044630001132,323.3044630001132,323.3044630001132,221.0,0.0002758456848840466,0.0,320,320,320,320,320,320,320,320,320,320,320
GET,/api/cart/update/anonymous-919/EPE/2,1,0,537.6352919997771,537.6352919997771,537.6352919997771,537.6352919997771,130.0,0.0002758456848840466,0.0,540,540,540,540,540,540,540,540,540,540,540
GET,/api/cart/update/anonymous-92/EPE/2,1,0,61.1831930000335,61.1831930000335,61.1831930000335,61.1831930000335,215.0,0.0002758456848840466,0.0,61,61,61,61,61,61,61,61,61,61,61
GET,/api/cart/update/anonymous-92/UHJ/2,1,0,9.140129000002162,9.140129000002162,9.140129000002162,9.140129000002162,219.0,0.0002758456848840466,0.0,9,9,9,9,9,9,9,9,9,9,9
GET,/api/cart/update/anonymous-922/SHCE/2,1,0,328.1730190001326,328.1730190001326,328.1730190001326,328.1730190001326,125.0,0.0002758456848840466,0.0,330,330,330,330,330,330,330,330,330,330,330
GET,/api/cart/update/anonymous-923/EMM/2,1,0,28007.369904999905,28007.369904999905,28007.369904999905,28007.369904999905,229.0,0.0002758456848840466,0.0,28000,28000,28000,28000,28000,28000,28000,28000,28000,28000,28000
GET,/api/cart/update/anonymous-925/RMC/2,1,0,28007.27850400017,28007.27850400017,28007.27850400017,28007.27850400017,282.0,0.0002758456848840466,0.0,28000,28000,28000,28000,28000,28000,28000,28000,28000,28000,28000
GET,/api/cart/update/anonymous-927/UHJ/2,1,0,89728.08746100009,89728.08746100009,89728.08746100009,89728.08746100009,226.0,0.0002758456848840466,0.0,90000,90000,90000,90000,90000,90000,90000,90000,90000,90000,90000
GET,/api/cart/update/anonymous-928/UHJ/2,2,1,670.6651869999405,43397.90796450006,670.6651869999405,86125.15074200019,115.0,0.0005516913697680932,0.0002758456848840466,86000,86000,86000,86000,86000,86000,86000,86000,86000,86000,86000
GET,/api/cart/update/anonymous-93/EMM/2,1,0,18.797559999995883,18.797559999995883,18.797559999995883,18.797559999995883,188.0,0.0002758456848840466,0.0,19,19,19,19,19,19,19,19,19,19,19
GET,/api/cart/update/anonymous-93/HPTD/2,1,0,27.08048599998847,27.08048599998847,27.08048599998847,27.08048599998847,121.0,0.0002758456848840466,0.0,27,27,27,27,27,27,27,27,27,27,27
GET,/api/cart/update/anonymous-931/RED/2,1,0,89748.76244500001,89748.76244500001,89748.76244500001,89748.76244500001,221.0,0.0002758456848840466,0.0,90000,90000,90000,90000,90000,90000,90000,90000,90000,90000,90000
GET,/api/cart/update/anonymous-932/Watson/2,1,1,100858.53462399973,100858.53462399973,100858.53462399973,100858.53462399973,14.0,0.0002758456848840466,0.0002758456848840466,101000,101000,101000,101000,101000,101000,101000,101000,101000,101000,101000
GET,/api/cart/update/anonymous-933/EMM/2,1,0,28252.36268100025,28252.36268100025,28252.36268100025,28252.36268100025,229.0,0.0002758456848840466,0.0,28000,28000,28000,28000,28000,28000,28000,28000,28000,28000,28000
GET,/api/cart/update/anonymous-936/EMM/2,1,0,58905.08026599992,58905.08026599992,58905.08026599992,58905.08026599992,137.0,0.0002758456848840466,0.0,59000,59000,59000,59000,59000,59000,59000,59000,59000,59000,59000
GET,/api/cart/update/anonymous-94/STAN-1/2,1,0,10.000230999992255,10.000230999992255,10.000230999992255,10.000230999992255,191.0,0.0002758456848840466,0.0,10,10,10,10,10,10,10,10,10,10,10
GET,/api/cart/update/anonymous-94/Watson/2,1,0,43.019835999984934,43.019835999984934,43.019835999984934,43.019835999984934,182.0,0.0002758456848840466,0.0,43,43,43,43,43,43,43,43,43,43,43
GET,/api/cart/update/anonymous-940/HPTD/2,1,0,30262.25449200001,30262.25449200001,30262.25449200001,30262.25449200001,121.0,0.0002758456848840466,0.0,30000,30000,30000,30000,30000,30000,30000,30000,30000,30000,30000
GET,/api/cart/update/anonymous-941/STAN-1/2,1,0,17508.891519999906,17508.891519999906,17508.891519999906,17508.891519999906,201.0,0.0002758456848840466,0.0,18000,18000,18000,18000,18000,18000,18000,18000,18000,18000,18000
GET,/api/cart/update/anonymous-941/UHJ/2,1,0,51799.98124799976,51799.98124799976,51799.98124799976,51799.98124799976,206.0,0.0002758456848840466,0.0,52000,52000,52000,52000,52000,52000,52000,52000,52000,52000,52000
GET,/api/cart/update/anonymous-942/EMM/2,1,0,55916.223892000286,55916.223892000286,55916.223892000286,55916.223892000286,137.0,0.0002758456848840466,0.0,56000,56000,56000,56000,56000,56000,56000,56000,56000,56000,56000
GET,/api/cart/update/anonymous-949/UHJ/2,1,0,46202.378982000024,46202.378982000024,46202.378982000024,46202.378982000024,141.0,0.0002758456848840466,0.0,46000,46000,46000,46000,46000,46000,46000,46000,46000,46000,46000
GET,/api/cart/update/anonymous-95/SHCE/2,2,0,12,33.49575600000776,11.929738000048928,55.06177399996659,216.0,0.0005516913697680932,0.0,55,55,55,55,55,55,55,55,55,55,55
GET,/api/cart/update/anonymous-96/EMM/2,1,0,10.485333000019637,10.485333000019637,10.485333000019637,10.485333000019637,215.0,0.0002758456848840466,0.0,10,10,10,10,10,10,10,10,10,10,10
GET,/api/cart/update/anonymous-96/SHCE/2,1,0,44.20393899999908,44.20393899999908,44.20393899999908,44.20393899999908,222.0,0.0002758456848840466,0.0,44,44,44,44,44,44,44,44,44,44,44
GET,/api/cart/update/anonymous-961/RMC/2,1,0,25466.76975499986,25466.76975499986,25466.76975499986,25466.76975499986,199.0,0.0002758456848840466,0.0,25000,25000,25000,25000,25000,25000,25000,25000,25000,25000,25000
GET,/api/cart/update/anonymous-964/RMC/2,1,0,41289.3500250002,41289.3500250002,41289.3500250002,41289.3500250002,215.0,0.0002758456848840466,0.0,41000,41000,41000,41000,41000,41000,41000,41000,41000,41000,41000
GET,/api/cart/update/anonymous-966/RMC/2,1,1,73376.67029900012,73376.67029900012,73376.67029900012,73376.67029900012,14.0,0.0002758456848840466,0.0002758456848840466,73000,73000,73000,73000,73000,73000,73000,73000,73000,73000,73000
GET,/api/cart/update/anonymous-967/HPTD/2,1,0,43845.886361999874,43845.886361999874,43845.886361999874,43845.886361999874,223.0,0.0002758456848840466,0.0,44000,44000,44000,44000,44000,44000,44000,44000,44000,44000,44000
GET,/api/cart/update/anonymous-969/UHJ/2,1,0,73818.83388699999,73818.83388699999,73818.83388699999,73818.83388699999,206.0,0.0002758456848840466,0.0,74000,74000,74000,74000,74000,74000,74000,74000,74000,74000,74000
GET,/api/cart/update/anonymous-97/EPE/2,1,0,28.435390000026928,28.435390000026928,28.435390000026928,28.435390000026928,200.0,0.0002758456848840466,0.0,28,28,28,28,28,28,28,28,28,28,28
GET,/api/cart/update/anonymous-97/RED/2,1,0,7.123321999984,7.123321999984,7.123321999984,7.123321999984,224.0,0.0002758456848840466,0.0,7,7,7,7,7,7,7,7,7,7,7
GET,/api/cart/update/anonymous-976/RMC/2,1,0,26868.05509700025,26868.05509700025,26868.05509700025,26868.05509700025,109.0,0.0002758456848840466,0.0,27000,27000,27000,27000,27000,27000,27000,27000,27000,27000,27000
GET,/api/cart/update/anonymous-977/EPE/2,1,0,73246.33980399994,73246.33980399994,73246.33980399994,73246.33980399994,130.0,0.0002758456848840466,0.0,73000,73000,73000,73000,73000,73000,73000,73000,73000,73000,73000
GET,/api/cart/update/anonymous-978/RMC/2,1,0,73812.64170500026,73812.64170500026,73812.64170500026,73812.64170500026,109.0,0.0002758456848840466,0.0,74000,74000,74000,74000,74000,74000,74000,74000,74000,74000,74000
GET,/api/cart/update/anonymous-98/HPTD/2,1,0,11.221235000050456,11.221235000050456,11.221235000050456,11.221235000050456,193.0,0.0002758456848840466,0.0,11,11,11,11,11,11,11,11,11,11,11
GET,/api/cart/update/anonymous-98/RMC/2,1,0,9.405230000027132,9.405230000027132,9.405230000027132,9.405230000027132,109.0,0.0002758456848840466,0.0,9,9,9,9,9,9,9,9,9,9,9
GET,/api/cart/update/anonymous-980/SHCE/2,1,0,22360.08633900019,22360.08633900019,22360.08633900019,22360.08633900019,125.0,0.0002758456848840466,0.0,22000,22000,22000,22000,22000,22000,22000,22000,22000,22000,22000
GET,/api/cart/update/anonymous-983/STAN-1/2,1,0,42630.165626000235,42630.165626000235,42630.165626000235,42630.165626000235,191.0,0.0002758456848840466,0.0,43000,43000,43000,43000,43000,43000,43000,43000,43000,43000,43000
GET,/api/cart/update/anonymous-986/UHJ/2,1,0,27030.01036400019,27030.01036400019,27030.01036400019,27030.01036400019,141.0,0.0002758456848840466,0.0,27000,27000,27000,27000,27000,27000,27000,27000,27000,27000,27000
GET,/api/cart/update/anonymous-99/STAN-1/2,1,0,33.47430600001644,33.47430600001644,33.47430600001644,33.47430600001644,195.0,0.0002758456848840466,0.0,33,33,33,33,33,33,33,33,33,33,33
GET,/api/cart/update/anonymous-99/UHJ/2,1,0,47.66315099999474,47.66315099999474,47.66315099999474,47.66315099999474,228.0,0.0002758456848840466,0.0,48,48,48,48,48,48,48,48,48,48,48
GET,/api/cart/update/anonymous-990/HPTD/2,1,0,46792.75160799989,46792.75160799989,46792.75160799989,46792.75160799989,121.0,0.0002758456848840466,0.0,47000,47000,47000,47000,47000,47000,47000,47000,47000,47000,47000
GET,/api/cart/update/anonymous-993/RED/2,1,0,22561.73637799975,22561.73637799975,22561.73637799975,22561.73637799975,134.0,0.0002758456848840466,0.0,23000,23000,23000,23000,23000,23000,23000,23000,23000,23000,23000
GET,/api/catalogue/categories,2368,41,23000.0,51845.550971846256,6.308419999982107,1681714.3975150003,36.08488175675676,0.6532025818054223,0.01130967308024591,23000,28000,40000,43000,65000,99000,430000,1499000,1682000,1682000,1682000
GET,/api/catalogue/product/EMM,484,13,20000.0,55454.54844495865,9.40013000001727,1681687.1241300001,206.01859504132233,0.13350931148387854,0.0035859939034926054,20000,31000,36000,46000,76000,106000,891000,1323000,1682000,1682000,1682000
GET,/api/catalogue/product/EPE,465,24,24000.0,62521.74898673766,6.911922000028881,1771716.964498,188.68387096774194,0.12826824347108165,0.006620296437217118,24000,32000,40000,49000,76000,106000,741000,1576000,1772000,1772000,1772000
GET,/api/catalogue/product/HPTD,431,10,23000.0,44633.60648462874,9.231529000032879,1789999.9459009997,260.2761020881671,0.11888949018502408,0.0027584568488404656,23000,29000,33000,38000,58000,88000,145000,891000,1790000,1790000,1790000
GET,/api/catalogue/product/RED,481,24,22000.0,55721.691562359694,7.943725000018276,1700259.0624329997,178.2931392931393,0.1326817744292264,0.006620296437217118,22000,32000,39000,47000,75000,101000,699000,1564000,1700000,1700000,1700000
GET,/api/catalogue/product/RMC,439,18,21000.0,60788.20241503646,9.653658000047471,1790000.023601,193.6127562642369,0.12109625566409644,0.004965222327912838,21000,29000,35000,41000,67000,102000,1066000,1586000,1790000,1790000,1790000
GET,/api/catalogue/product/SHCE,467,16,23000.0,40986.20207273234,11.354535999998916,1702743.2672670002,180.627408993576,0.12881993484084975,0.0044135309581447455,23000,28000,35000,41000,67000,86000,114000,699000,1703000,1703000,1703000
GET,/api/catalogue/product/STAN-1,481,21,23000.0,64376.08481263618,6.894120999959341,1737709.6296370002,170.36590436590436,0.1326817744292264,0.005792759382564978,23000,33000,40000,48000,70000,116000,1414000,1615000,1738000,1738000,1738000
GET,/api/catalogue/product/UHJ,422,19,23000.0,65205.88846060429,9.310628999969595,1681676.7326930002,186.09715639810426,0.11640687902106765,0.005241068012796885,23000,32000,40000,47000,88000,125000,891000,1535000,1682000,1682000,1682000
GET,/api/catalogue/product/Watson,495,15,22000.0,73789.9690905576,10.857733999955599,1679248.9396109998,184.4080808080808,0.13654361401760307,0.004137685273260698,22000,30000,36000,44000,76000,122000,1440000,1535000,1679000,1679000,1679000
GET,/api/catalogue/products,2309,74,22000.0,42665.112728292304,4.606613999953879,1687105.602786,2128.2563880467733,0.6369276863972635,0.020412580681419448,22000,28000,36000,47000,60000,83000,140000,1114000,1665000,1687000,1687000
POST,/api/payment/pay/anonymous-1,1,0,1829.70721800001,1829.70721800001,1829.70721800001,1829.70721800001,51.0,0.0002758456848840466,0.0,1800,1800,1800,1800,1800,1800,1800,1800,1800,1800,1800
POST,/api/payment/pay/anonymous-10,2,0,21355.035683999973,48630.705462499864,21355.035683999973,75906.37524099975,51.0,0.0005516913697680932,0.0,76000,76000,76000,76000,76000,76000,76000,76000,76000,76000,76000
POST,/api/payment/pay/anonymous-1008,1,0,29379.13929899969,29379.13929899969,29379.13929899969,29379.13929899969,51.0,0.0002758456848840466,0.0,29000,29000,29000,29000,29000,29000,29000,29000,29000,29000,29000
POST,/api/payment/pay/anonymous-1011,1,0,52333.26894399988,52333.26894399988,52333.26894399988,52333.26894399988,51.0,0.0002758456848840466,0.0,52000,52000,52000,52000,52000,52000,52000,52000,52000,52000,52000
POST,/api/payment/pay/anonymous-1016,1,1,136255.43779700002,136255.43779700002,136255.43779700002,136255.43779700002,33.0,0.0002758456848840466,0.0002758456848840466,136000,136000,136000,136000,136000,136000,136000,136000,136000,136000,136000
POST,/api/payment/pay/anonymous-1019,1,1,38840.761697000285,38840.761697000285,38840.761697000285,38840.761697000285,0.0,0.0002758456848840466,0.0002758456848840466,39000,39000,39000,39000,39000,39000,39000,39000,39000,39000,39000
POST,/api/payment/pay/anonymous-1024,1,1,42058.45269800011,42058.45269800011,42058.45269800011,42058.45269800011,33.0,0.0002758456848840466,0.0002758456848840466,42000,42000,42000,42000,42000,42000,42000,42000,42000,42000,42000
POST,/api/payment/pay/anonymous-1029,1,0,67210.61010899984,67210.61010899984,67210.61010899984,67210.61010899984,51.0,0.0002758456848840466,0.0,67000,67000,67000,67000,67000,67000,67000,67000,67000,67000,67000
POST,/api/payment/pay/anonymous-1031,1,0,67150.07981400004,67150.07981400004,67150.07981400004,67150.07981400004,51.0,0.0002758456848840466,0.0,67000,67000,67000,67000,67000,67000,67000,67000,67000,67000,67000
POST,/api/payment/pay/anonymous-1034,1,1,66929.14718599968,66929.14718599968,66929.14718599968,66929.14718599968,0.0,0.0002758456848840466,0.0002758456848840466,67000,67000,67000,67000,67000,67000,67000,67000,67000,67000,67000
POST,/api/payment/pay/anonymous-11,3,1,55000.0,54090.40221666665,49487.9509729999,57408.61674400003,45.0,0.0008275370546521397,0.0002758456848840466,55000,55000,57000,57000,57000,57000,57000,57000,57000,57000,57000
POST,/api/payment/pay/anonymous-13,1,0,39456.178710000015,39456.178710000015,39456.178710000015,39456.178710000015,51.0,0.0002758456848840466,0.0,39000,39000,39000,39000,39000,39000,39000,39000,39000,39000,39000
POST,/api/payment/pay/anonymous-14,1,0,27531.05989200003,27531.05989200003,27531.05989200003,27531.05989200003,51.0,0.0002758456848840466,0.0,28000,28000,28000,28000,28000,28000,28000,28000,28000,28000,28000
POST,/api/payment/pay/anonymous-16,2,1,49000.0,51974.87221749998,48723.516478999954,55226.227956,25.5,0.0005516913697680932,0.0002758456848840466,55000,55000,55000,55000,55000,55000,55000,55000,55000,55000,55000
POST,/api/payment/pay/anonymous-18,1,0,50116.42808900001,50116.42808900001,50116.42808900001,50116.42808900001,51.0,0.0002758456848840466,0.0,50000,50000,50000,50000,50000,50000,50000,50000,50000,50000,50000
POST,/api/payment/pay/anonymous-19,1,0,112237.14192299986,112237.14192299986,112237.14192299986,112237.14192299986,51.0,0.0002758456848840466,0.0,112000,112000,112000,112000,112000,112000,112000,112000,112000,112000,112000
POST,/api/payment/pay/anonymous-2,2,0,3600.0,23573.833559000177,3589.25933200004,43558.407786000316,51.0,0.0005516913697680932,0.0,44000,44000,44000,44000,44000,44000,44000,44000,44000,44000,44000
POST,/api/payment/pay/anonymous-20,1,1,121846.96933799978,121846.96933799978,121846.96933799978,121846.96933799978,0.0,0.0002758456848840466,0.0002758456848840466,122000,122000,122000,122000,122000,122000,122000,122000,122000,122000,122000
POST,/api/payment/pay/anonymous-23,3,0,74000.0,80638.10659033315,55376.12686799991,112207.06855499974,51.0,0.0008275370546521397,0.0,74000,74000,112000,112000,112000,112000,112000,112000,112000,112000,112000
POST,/api/payment/pay/anonymous-24,1,0,54399.70038899992,54399.70038899992,54399.70038899992,54399.70038899992,51.0,0.0002758456848840466,0.0,54000,54000,54000,54000,54000,54000,54000,54000,54000,54000,54000
POST,/api/payment/pay/anonymous-25,1,0,29072.21016199992,29072.21016199992,29072.21016199992,29072.21016199992,51.0,0.0002758456848840466,0.0,29000,29000,29000,29000,29000,29000,29000,29000,29000,29000,29000
POST,/api/payment/pay/anonymous-3,1,0,4442.063867999934,4442.063867999934,4442.063867999934,4442.063867999934,51.0,0.0002758456848840466,0.0,4400,4400,4400,4400,4400,4400,4400,4400,4400,4400,4400
POST,/api/payment/pay/anonymous-34,1,0,112237.82113099968,112237.82113099968,112237.82113099968,112237.82113099968,51.0,0.0002758456848840466,0.0,112000,112000,112000,112000,112000,112000,112000,112000,112000,112000,112000
POST,/api/payment/pay/anonymous-35,1,1,121884.97682299976,121884.97682299976,121884.97682299976,121884.97682299976,33.0,0.0002758456848840466,0.0002758456848840466,122000,122000,122000,122000,122000,122000,122000,122000,122000,122000,122000
POST,/api/payment/pay/anonymous-39,1,1,31395.961553000234,31395.961553000234,31395.961553000234,31395.961553000234,33.0,0.0002758456848840466,0.0002758456848840466,31000,31000,31000,31000,31000,31000,31000,31000,31000,31000,31000
POST,/api/payment/pay/anonymous-4,3,0,37000.0,37216.06757399995,6987.217697999995,68019.56862999986,51.0,0.0008275370546521397,0.0,37000,37000,68000,68000,68000,68000,68000,68000,68000,68000,68000
POST,/api/payment/pay/anonymous-40,1,0,46648.672234000056,46648.672234000056,46648.672234000056,46648.672234000056,51.0,0.0002758456848840466,0.0,47000,47000,47000,47000,47000,47000,47000,47000,47000,47000,47000
POST,/api/payment/pay/anonymous-414,1,0,1592736.938903,1592736.938903,1592736.938903,1592736.938903,51.0,0.0002758456848840466,0.0,1593000,1593000,1593000,1593000,1593000,1593000,1593000,1593000,1593000,1593000,1593000
POST,/api/payment/pay/anonymous-425,1,0,48617.98418000035,48617.98418000035,48617.98418000035,48617.98418000035,51.0,0.0002758456848840466,0.0,49000,49000,49000,49000,49000,49000,49000,49000,49000,49000,49000
POST,/api/payment/pay/anonymous-43,1,1,141363.53630099984,141363.53630099984,141363.53630099984,141363.53630099984,33.0,0.0002758456848840466,0.0002758456848840466,141000,141000,141000,141000,141000,141000,141000,141000,141000,141000,141000
POST,/api/payment/pay/anonymous-44,1,1,39677.813700000115,39677.813700000115,39677.813700000115,39677.813700000115,0.0,0.0002758456848840466,0.0002758456848840466,40000,40000,40000,40000,40000,40000,40000,40000,40000,40000,40000
POST,/api/payment/pay/anonymous-46,1,0,75336.6142079999,75336.6142079999,75336.6142079999,75336.6142079999,51.0,0.0002758456848840466,0.0,75000,75000,75000,75000,75000,75000,75000,75000,75000,75000,75000
POST,/api/payment/pay/anonymous-465,1,1,41960.4026459997,41960.4026459997,41960.4026459997,41960.4026459997,0.0,0.0002758456848840466,0.0002758456848840466,42000,42000,42000,42000,42000,42000,42000,42000,42000,42000,42000
POST,/api/payment/pay/anonymous-467,1,0,28669.000200000028,28669.000200000028,28669.000200000028,28669.000200000028,51.0,0.0002758456848840466,0.0,29000,29000,29000,29000,29000,29000,29000,29000,29000,29000,29000
POST,/api/payment/pay/anonymous-468,1,0,1564073.563481,1564073.563481,1564073.563481,1564073.563481,51.0,0.0002758456848840466,0.0,1564000,1564000,1564000,1564000,1564000,1564000,1564000,1564000,1564000,1564000,1564000
POST,/api/payment/pay/anonymous-469,1,1,623.8714689998233,623.8714689998233,623.8714689998233,623.8714689998233,33.0,0.0002758456848840466,0.0002758456848840466,620,620,620,620,620,620,620,620,620,620,620
POST,/api/payment/pay/anonymous-47,2,0,136406.14405400038,136406.90671250015,136406.14405400038,136407.66937099988,51.0,0.0005516913697680932,0.0,136000,136000,136000,136000,136000,136000,136000,136000,136000,136000,136000
POST,/api/payment/pay/anonymous-471,1,0,76497.66193899995,76497.66193899995,76497.66193899995,76497.66193899995,51.0,0.0002758456848840466,0.0,76000,76000,76000,76000,76000,76000,76000,76000,76000,76000,76000
POST,/api/payment/pay/anonymous-479,1,0,1564091.277275,1564091.277275,1564091.277275,1564091.277275,51.0,0.0002758456848840466,0.0,1564000,1564000,1564000,1564000,1564000,1564000,1564000,1564000,1564000,1564000,1564000
POST,/api/payment/pay/anonymous-48,1,0,135441.15380500033,135441.15380500033,135441.15380500033,135441.15380500033,51.0,0.0002758456848840466,0.0,135000,135000,135000,135000,135000,135000,135000,135000,135000,135000,135000
POST,/api/payment/pay/anonymous-483,1,0,1612883.3541120002,1612883.3541120002,1612883.3541120002,1612883.3541120002,51.0,0.0002758456848840466,0.0,1613000,1613000,1613000,1613000,1613000,1613000,1613000,1613000,1613000,1613000,1613000
POST,/api/payment/pay/anonymous-485,1,1,97432.69075099989,97432.69075099989,97432.69075099989,97432.69075099989,182.0,0.0002758456848840466,0.0002758456848840466,97000,97000,97000,97000,97000,97000,97000,97000,97000,97000,97000
POST,/api/payment/pay/anonymous-49,1,0,6979.290352000021,6979.290352000021,6979.290352000021,6979.290352000021,51.0,0.0002758456848840466,0.0,7000,7000,7000,7000,7000,7000,7000,7000,7000,7000,7000
POST,/api/payment/pay/anonymous-507,1,0,47709.33490900006,47709.33490900006,47709.33490900006,47709.33490900006,51.0,0.0002758456848840466,0.0,48000,48000,48000,48000,48000,48000,48000,48000,48000,48000,48000
POST,/api/payment/pay/anonymous-509,1,0,48075.81183899993,48075.81183899993,48075.81183899993,48075.81183899993,51.0,0.0002758456848840466,0.0,48000,48000,48000,48000,48000,48000,48000,48000,48000,48000,48000
POST,/api/payment/pay/anonymous-515,1,0,66530.15322400007,66530.15322400007,66530.15322400007,66530.15322400007,51.0,0.0002758456848840466,0.0,67000,67000,67000,67000,67000,67000,67000,67000,67000,67000,67000
POST,/api/payment/pay/anonymous-517,1,1,30271.06749099994,30271.06749099994,30271.06749099994,30271.06749099994,33.0,0.0002758456848840466,0.0002758456848840466,30000,30000,30000,30000,30000,30000,30000,30000,30000,30000,30000
POST,/api/payment/pay/anonymous-521,1,0,69446.73906899993,69446.73906899993,69446.73906899993,69446.73906899993,51.0,0.0002758456848840466,0.0,69000,69000,69000,69000,69000,69000,69000,69000,69000,69000,69000
POST,/api/payment/pay/anonymous-529,1,0,75706.02910499975,75706.02910499975,75706.02910499975,75706.02910499975,51.0,0.0002758456848840466,0.0,76000,76000,76000,76000,76000,76000,76000,76000,76000,76000,76000
POST,/api/payment/pay/anonymous-532,1,1,1739974.473939,1739974.473939,1739974.473939,1739974.473939,26.0,0.0002758456848840466,0.0002758456848840466,1740000,1740000,1740000,1740000,1740000,1740000,1740000,1740000,1740000,1740000,1740000
POST,/api/payment/pay/anonymous-533,1,0,101317.49282400006,101317.49282400006,101317.49282400006,101317.49282400006,51.0,0.0002758456848840466,0.0,101000,101000,101000,101000,101000,101000,101000,101000,101000,101000,101000
POST,/api/payment/pay/anonymous-540,1,1,48304.50649300019,48304.50649300019,48304.50649300019,48304.50649300019,33.0,0.0002758456848840466,0.0002758456848840466,48000,48000,48000,48000,48000,48000,48000,48000,48000,48000,48000
POST,/api/payment/pay/anonymous-541,1,1,1564073.675982,1564073.675982,1564073.675982,1564073.675982,26.0,0.0002758456848840466,0.0002758456848840466,1564000,1564000,1564000,1564000,1564000,1564000,1564000,1564000,1564000,1564000,1564000
POST,/api/payment/pay/anonymous-544,1,0,68189.93348899994,68189.93348899994,68189.93348899994,68189.93348899994,51.0,0.0002758456848840466,0.0,68000,68000,68000,68000,68000,68000,68000,68000,68000,68000,68000
POST,/api/payment/pay/anonymous-549,1,1,59564.136677000075,59564.136677000075,59564.136677000075,59564.136677000075,182.0,0.0002758456848840466,0.0002758456848840466,60000,60000,60000,60000,60000,60000,60000,60000,60000,60000,60000
POST,/api/payment/pay/anonymous-551,1,0,67917.93627199967,67917.93627199967,67917.93627199967,67917.93627199967,51.0,0.0002758456848840466,0.0,68000,68000,68000,68000,68000,68000,68000,68000,68000,68000,68000
POST,/api/payment/pay/anonymous-559,1,0,1638766.2610550001,1638766.2610550001,1638766.2610550001,1638766.2610550001,51.0,0.0002758456848840466,0.0,1639000,1639000,1639000,1639000,1639000,1639000,1639000,1639000,1639000,1639000,1639000
POST,/api/payment/pay/anonymous-561,1,0,23544.37068599964,23544.37068599964,23544.37068599964,23544.37068599964,51.0,0.0002758456848840466,0.0,24000,24000,24000,24000,24000,24000,24000,24000,24000,24000,24000
POST,/api/payment/pay/anonymous-562,1,1,47477.718435000046,47477.718435000046,47477.718435000046,47477.718435000046,33.0,0.0002758456848840466,0.0002758456848840466,47000,47000,47000,47000,47000,47000,47000,47000,47000,47000,47000
POST,/api/payment/pay/anonymous-570,1,0,29600.61312400012,29600.61312400012,29600.61312400012,29600.61312400012,51.0,0.0002758456848840466,0.0,30000,30000,30000,30000,30000,30000,30000,30000,30000,30000,30000
POST,/api/payment/pay/anonymous-574,1,0,43622.93500500027,43622.93500500027,43622.93500500027,43622.93500500027,51.0,0.0002758456848840466,0.0,44000,44000,44000,44000,44000,44000,44000,44000,44000,44000,44000
POST,/api/payment/pay/anonymous-576,1,1,52323.16292499991,52323.16292499991,52323.16292499991,52323.16292499991,33.0,0.0002758456848840466,0.0002758456848840466,52000,52000,52000,52000,52000,52000,52000,52000,52000,52000,52000
POST,/api/payment/pay/anonymous-581,1,0,51106.628332000124,51106.628332000124,51106.628332000124,51106.628332000124,51.0,0.0002758456848840466,0.0,51000,51000,51000,51000,51000,51000,51000,51000,51000,51000,51000
POST,/api/payment/pay/anonymous-583,1,1,76761.2474749999,76761.2474749999,76761.2474749999,76761.2474749999,33.0,0.0002758456848840466,0.0002758456848840466,77000,77000,77000,77000,77000,77000,77000,77000,77000,77000,77000
POST,/api/payment/pay/anonymous-584,1,1,1263.838898999893,1263.838898999893,1263.838898999893,1263.838898999893,33.0,0.0002758456848840466,0.0002758456848840466,1300,1300,1300,1300,1300,1300,1300,1300,1300,1300,1300
POST,/api/payment/pay/anonymous-591,1,0,136397.72565600014,136397.72565600014,136397.72565600014,136397.72565600014,51.0,0.0002758456848840466,0.0,136000,136000,136000,136000,136000,136000,136000,136000,136000,136000,136000
POST,/api/payment/pay/anonymous-592,1,0,49177.785594999936,49177.785594999936,49177.785594999936,49177.785594999936,51.0,0.0002758456848840466,0.0,49000,49000,49000,49000,49000,49000,49000,49000,49000,49000,49000
POST,/api/payment/pay/anonymous-593,1,0,49116.4245709997,49116.4245709997,49116.4245709997,49116.4245709997,51.0,0.0002758456848840466,0.0,49000,49000,49000,49000,49000,49000,49000,49000,49000,49000,49000
POST,/api/payment/pay/anonymous-595,1,1,30589.221466000254,30589.221466000254,30589.221466000254,30589.221466000254,33.0,0.0002758456848840466,0.0002758456848840466,31000,31000,31000,31000,31000,31000,31000,31000,31000,31000,31000
POST,/api/payment/pay/anonymous-598,1,0,75328.02300799995,75328.02300799995,75328.02300799995,75328.02300799995,51.0,0.0002758456848840466,0.0,75000,75000,75000,75000,75000,75000,75000,75000,75000,75000,75000
POST,/api/payment/pay/anonymous-6,1,0,37630.58117599996,37630.58117599996,37630.58117599996,37630.58117599996,51.0,0.0002758456848840466,0.0,38000,38000,38000,38000,38000,38000,38000,38000,38000,38000,38000
POST,/api/payment/pay/anonymous-605,1,0,68028.34284899973,68028.34284899973,68028.34284899973,68028.34284899973,51.0,0.0002758456848840466,0.0,68000,68000,68000,68000,68000,68000,68000,68000,68000,68000,68000
POST,/api/payment/pay/anonymous-606,1,0,36724.499152000135,36724.499152000135,36724.499152000135,36724.499152000135,51.0,0.0002758456848840466,0.0,37000,37000,37000,37000,37000,37000,37000,37000,37000,37000,37000
POST,/api/payment/pay/anonymous-609,1,0,47412.669968000046,47412.669968000046,47412.669968000046,47412.669968000046,51.0,0.0002758456848840466,0.0,47000,47000,47000,47000,47000,47000,47000,47000,47000,47000,47000
POST,/api/payment/pay/anonymous-610,1,0,52323.25552600014,52323.25552600014,52323.25552600014,52323.25552600014,51.0,0.0002758456848840466,0.0,52000,52000,52000,52000,52000,52000,52000,52000,52000,52000,52000
POST,/api/payment/pay/anonymous-614,1,0,105295.27266599963,105295.27266599963,105295.27266599963,105295.27266599963,51.0,0.0002758456848840466,0.0,105000,105000,105000,105000,105000,105000,105000,105000,105000,105000,105000
POST,/api/payment/pay/anonymous-618,1,0,49232.29299000013,49232.29299000013,49232.29299000013,49232.29299000013,51.0,0.0002758456848840466,0.0,49000,49000,49000,49000,49000,49000,49000,49000,49000,49000,49000
POST,/api/payment/pay/anonymous-620,1,0,79160.21548499998,79160.21548499998,79160.21548499998,79160.21548499998,51.0,0.0002758456848840466,0.0,79000,79000,79000,79000,79000,79000,79000,79000,79000,79000,79000
POST,/api/payment/pay/anonymous-622,1,0,47669.2849760002,47669.2849760002,47669.2849760002,47669.2849760002,51.0,0.0002758456848840466,0.0,48000,48000,48000,48000,48000,48000,48000,48000,48000,48000,48000
POST,/api/payment/pay/anonymous-623,1,1,22856.421846999638,22856.421846999638,22856.421846999638,22856.421846999638,33.0,0.0002758456848840466,0.0002758456848840466,23000,23000,23000,23000,23000,23000,23000,23000,23000,23000,23000
POST,/api/payment/pay/anonymous-625,1,0,27925.35008899995,27925.35008899995,27925.35008899995,27925.35008899995,51.0,0.0002758456848840466,0.0,28000,28000,28000,28000,28000,28000,28000,28000,28000,28000,28000
POST,/api/payment/pay/anonymous-628,1,1,886.1165939997591,886.1165939997591,886.1165939997591,886.1165939997591,33.0,0.0002758456848840466,0.0002758456848840466,890,890,890,890,890,890,890,890,890,890,890
POST,/api/payment/pay/anonymous-63,1,0,86886.46072699977,86886.46072699977,86886.46072699977,86886.46072699977,51.0,0.0002758456848840466,0.0,87000,87000,87000,87000,87000,87000,87000,87000,87000,87000,87000
POST,/api/payment/pay/anonymous-631,1,0,18273.737369999708,18273.737369999708,18273.737369999708,18273.737369999708,51.0,0.0002758456848840466,0.0,18000,18000,18000,18000,18000,18000,18000,18000,18000,18000,18000
POST,/api/payment/pay/anonymous-635,1,1,28170.833253999717,28170.833253999717,28170.833253999717,28170.833253999717,33.0,0.0002758456848840466,0.0002758456848840466,28000,28000,28000,28000,28000,28000,28000,28000,28000,28000,28000
POST,/api/payment/pay/anonymous-636,1,0,104731.01546299995,104731.01546299995,104731.01546299995,104731.01546299995,51.0,0.0002758456848840466,0.0,105000,105000,105000,105000,105000,105000,105000,105000,105000,105000,105000
POST,/api/payment/pay/anonymous-64,1,0,153524.19508899993,153524.19508899993,153524.19508899993,153524.19508899993,51.0,0.0002758456848840466,0.0,154000,154000,154000,154000,154000,154000,154000,154000,154000,154000,154000
POST,/api/payment/pay/anonymous-644,1,0,100990.34755000002,100990.34755000002,100990.34755000002,100990.34755000002,51.0,0.0002758456848840466,0.0,101000,101000,101000,101000,101000,101000,101000,101000,101000,101000,101000
POST,/api/payment/pay/anonymous-645,2,0,48113.30287800002,69008.78704399997,48113.30287800002,89904.27120999993,51.0,0.0005516913697680932,0.0,90000,90000,90000,90000,90000,90000,90000,90000,90000,90000,90000
POST,/api/payment/pay/anonymous-646,2,1,43000.0,43056.937744000155,42971.89839600014,43141.97709200016,42.0,0.0005516913697680932,0.0002758456848840466,43000,43000,43000,43000,43000,43000,43000,43000,43000,43000,43000
POST,/api/payment/pay/anonymous-648,1,1,47544.019023000146,47544.019023000146,47544.019023000146,47544.019023000146,33.0,0.0002758456848840466,0.0002758456848840466,48000,48000,48000,48000,48000,48000,48000,48000,48000,48000,48000
POST,/api/payment/pay/anonymous-650,1,0,20131.82797399986,20131.82797399986,20131.82797399986,20131.82797399986,51.0,0.0002758456848840466,0.0,20000,20000,20000,20000,20000,20000,20000,20000,20000,20000,20000
POST,/api/payment/pay/anonymous-653,2,0,43000.0,50644.51002300007,42890.64101099984,58398.37903500029,51.0,0.0005516913697680932,0.0,58000,58000,58000,58000,58000,58000,58000,58000,58000,58000,58000
POST,/api/payment/pay/anonymous-655,1,0,23470.26866499982,23470.26866499982,23470.26866499982,23470.26866499982,51.0,0.0002758456848840466,0.0,23000,23000,23000,23000,23000,23000,23000,23000,23000,23000,23000
POST,/api/payment/pay/anonymous-656,1,0,61625.455127999885,61625.455127999885,61625.455127999885,61625.455127999885,51.0,0.0002758456848840466,0.0,62000,62000,62000,62000,62000,62000,62000,62000,62000,62000,62000
POST,/api/payment/pay/anonymous-657,2,1,42000.0,45530.12175449976,41977.358298999665,49082.88520999986,42.0,0.0005516913697680932,0.0002758456848840466,49000,49000,49000,49000,49000,49000,49000,49000,49000,49000,49000
POST,/api/payment/pay/anonymous-658,1,1,104954.9706339999,104954.9706339999,104954.9706339999,104954.9706339999,0.0,0.0002758456848840466,0.0002758456848840466,105000,105000,105000,105000,105000,105000,105000,105000,105000,105000,105000
POST,/api/payment/pay/anonymous-660,1,0,40301.65412199995,40301.65412199995,40301.65412199995,40301.65412199995,51.0,0.0002758456848840466,0.0,40000,40000,40000,40000,40000,40000,40000,40000,40000,40000,40000
POST,/api/payment/pay/anonymous-662,1,0,23536.411484999917,23536.411484999917,23536.411484999917,23536.411484999917,51.0,0.0002758456848840466,0.0,24000,24000,24000,24000,24000,24000,24000,24000,24000,24000,24000
POST,/api/payment/pay/anonymous-663,1,0,43884.97348300007,43884.97348300007,43884.97348300007,43884.97348300007,51.0,0.0002758456848840466,0.0,44000,44000,44000,44000,44000,44000,44000,44000,44000,44000,44000
POST,/api/payment/pay/anonymous-664,1,0,23489.782857000137,23489.782857000137,23489.782857000137,23489.782857000137,51.0,0.0002758456848840466,0.0,23000,23000,23000,23000,23000,23000,23000,23000,23000,23000,23000
POST,/api/payment/pay/anonymous-665,1,1,1612873.3795369999,1612873.3795369999,1612873.3795369999,1612873.3795369999,26.0,0.0002758456848840466,0.0002758456848840466,1613000,1613000,1613000,1613000,1613000,1613000,1613000,1613000,1613000,1613000,1613000
POST,/api/payment/pay/anonymous-669,1,1,49437.05341799978,49437.05341799978,49437.05341799978,49437.05341799978,33.0,0.0002758456848840466,0.0002758456848840466,49000,49000,49000,49000,49000,49000,49000,49000,49000,49000,49000
POST,/api/payment/pay/anonymous-675,1,0,86372.74926400004,86372.74926400004,86372.74926400004,86372.74926400004,51.0,0.0002758456848840466,0.0,86000,86000,86000,86000,86000,86000,86000,86000,86000,86000,86000
POST,/api/payment/pay/anonymous-677,1,1,66939.44210199971,66939.44210199971,66939.44210199971,66939.44210199971,0.0,0.0002758456848840466,0.0002758456848840466,67000,67000,67000,67000,67000,67000,67000,67000,67000,67000,67000
POST,/api/payment/pay/anonymous-68,1,0,21443.860745000053,21443.860745000053,21443.860745000053,21443.860745000053,51.0,0.0002758456848840466,0.0,21000,21000,21000,21000,21000,21000,21000,21000,21000,21000,21000
POST,/api/payment/pay/anonymous-681,1,1,47456.816654999784,47456.816654999784,47456.816654999784,47456.816654999784,33.0,0.0002758456848840466,0.0002758456848840466,47000,47000,47000,47000,47000,47000,47000,47000,47000,47000,47000
POST,/api/payment/pay/anonymous-682,1,0,20363.638490000085,20363.638490000085,20363.638490000085,20363.638490000085,51.0,0.0002758456848840466,0.0,20000,20000,20000,20000,20000,20000,20000,20000,20000,20000,20000
POST,/api/payment/pay/anonymous-684,2,0,24000.0,26632.71884450012,23546.934959000057,29718.502730000182,51.0,0.0005516913697680932,0.0,30000,30000,30000,30000,30000,30000,30000,30000,30000,30000,30000
POST,/api/payment/pay/anonymous-685,2,1,19046.85605800023,31330.321522000075,19046.85605800023,43613.78698599992,42.0,0.0005516913697680932,0.0002758456848840466,44000,44000,44000,44000,44000,44000,44000,44000,44000,44000,44000
POST,/api/payment/pay/anonymous-688,1,0,62710.672122999764,62710.672122999764,62710.672122999764,62710.672122999764,51.0,0.0002758456848840466,0.0,63000,63000,63000,63000,63000,63000,63000,63000,63000,63000,63000
POST,/api/payment/pay/anonymous-693,2,1,49390.17491699997,830863.0091584998,49390.17491699997,1612335.8433999997,38.5,0.0005516913697680932,0.0002758456848840466,1612000,1612000,1612000,1612000,1612000,1612000,1612000,1612000,1612000,1612000,1612000
POST,/api/payment/pay/anonymous-695,2,1,52222.411935999844,58179.17407399978,52222.411935999844,64135.93621199971,25.5,0.0005516913697680932,0.0002758456848840466,64000,64000,64000,64000,64000,64000,64000,64000,64000,64000,64000
POST,/api/payment/pay/anonymous-696,1,0,50595.307541000235,50595.307541000235,50595.307541000235,50595.307541000235,51.0,0.0002758456848840466,0.0,51000,51000,51000,51000,51000,51000,51000,51000,51000,51000,51000
POST,/api/payment/pay/anonymous-697,1,0,88985.35545000005,88985.35545000005,88985.35545000005,88985.35545000005,51.0,0.0002758456848840466,0.0,89000,89000,89000,89000,89000,89000,89000,89000,89000,89000,89000
POST,/api/payment/pay/anonymous-7,3,0,37000.0,32277.22621199994,4299.752797999929,55909.75407699989,51.0,0.0008275370546521397,0.0,37000,37000,56000,56000,56000,56000,56000,56000,56000,56000,56000
POST,/api/payment/pay/anonymous-701,2,0,42000.0,54272.47543399994,41905.563415999946,66639.38745199994,51.0,0.0005516913697680932,0.0,67000,67000,67000,67000,67000,67000,67000,67000,67000,67000,67000
POST,/api/payment/pay/anonymous-702,2,1,49377.333765,63966.59540799999,49377.333765,78555.85705099997,42.0,0.0005516913697680932,0.0002758456848840466,79000,79000,79000,79000,79000,79000,79000,79000,79000,79000,79000
POST,/api/payment/pay/anonymous-708,1,0,1739974.5819410002,1739974.5819410002,1739974.5819410002,1739974.5819410002,51.0,0.0002758456848840466,0.0,1740000,1740000,1740000,1740000,1740000,1740000,1740000,1740000,1740000,1740000,1740000
POST,/api/payment/pay/anonymous-709,1,1,65476.71498799991,65476.71498799991,65476.71498799991,65476.71498799991,33.0,0.0002758456848840466,0.0002758456848840466,65000,65000,65000,65000,65000,65000,65000,65000,65000,65000,65000
POST,/api/payment/pay/anonymous-71,2,0,38000.0,62154.79867450006,37621.56148600002,86688.0358630001,51.0,0.0005516913697680932,0.0,87000,87000,87000,87000,87000,87000,87000,87000,87000,87000,87000
POST,/api/payment/pay/anonymous-711,1,0,52224.21425700031,52224.21425700031,52224.21425700031,52224.21425700031,51.0,0.0002758456848840466,0.0,52000,52000,52000,52000,52000,52000,52000,52000,52000,52000,52000
POST,/api/payment/pay/anonymous-714,1,0,41722.231432000175,41722.231432000175,41722.231432000175,41722.231432000175,51.0,0.0002758456848840466,0.0,42000,42000,42000,42000,42000,42000,42000,42000,42000,42000,42000
POST,/api/payment/pay/anonymous-718,1,0,58916.226769000335,58916.226769000335,58916.226769000335,58916.226769000335,51.0,0.0002758456848840466,0.0,59000,59000,59000,59000,59000,59000,59000,59000,59000,59000,59000
POST,/api/payment/pay/anonymous-719,1,0,76732.40311499967,76732.40311499967,76732.40311499967,76732.40311499967,51.0,0.0002758456848840466,0.0,77000,77000,77000,77000,77000,77000,77000,77000,77000,77000,77000
POST,/api/payment/pay/anonymous-720,1,1,121846.74473799986,121846.74473799986,121846.74473799986,121846.74473799986,0.0,0.0002758456848840466,0.0002758456848840466,122000,122000,122000,122000,122000,122000,122000,122000,122000,122000,122000
POST,/api/payment/pay/anonymous-722,1,1,86870.97605000008,86870.97605000008,86870.97605000008,86870.97605000008,33.0,0.0002758456848840466,0.0002758456848840466,87000,87000,87000,87000,87000,87000,87000,87000,87000,87000,87000
POST,/api/payment/pay/anonymous-724,1,1,121884.80241299976,121884.80241299976,121884.80241299976,121884.80241299976,0.0,0.0002758456848840466,0.0002758456848840466,122000,122000,122000,122000,122000,122000,122000,122000,122000,122000,122000
POST,/api/payment/pay/anonymous-737,1,0,49117.18118199997,49117.18118199997,49117.18118199997,49117.18118199997,51.0,0.0002758456848840466,0.0,49000,49000,49000,49000,49000,49000,49000,49000,49000,49000,49000
POST,/api/payment/pay/anonymous-738,1,1,51840.67830999993,51840.67830999993,51840.67830999993,51840.67830999993,33.0,0.0002758456848840466,0.0002758456848840466,52000,52000,52000,52000,52000,52000,52000,52000,52000,52000,52000
POST,/api/payment/pay/anonymous-739,1,1,87462.4740080003,87462.4740080003,87462.4740080003,87462.4740080003,33.0,0.0002758456848840466,0.0002758456848840466,87000,87000,87000,87000,87000,87000,87000,87000,87000,87000,87000
POST,/api/payment/pay/anonymous-740,1,1,86115.24273000032,86115.24273000032,86115.24273000032,86115.24273000032,0.0,0.0002758456848840466,0.0002758456848840466,86000,86000,86000,86000,86000,86000,86000,86000,86000,86000,86000
POST,/api/payment/pay/anonymous-742,1,0,89883.62522599983,89883.62522599983,89883.62522599983,89883.62522599983,51.0,0.0002758456848840466,0.0,90000,90000,90000,90000,90000,90000,90000,90000,90000,90000,90000
POST,/api/payment/pay/anonymous-747,1,1,141782.870601,141782.870601,141782.870601,141782.870601,33.0,0.0002758456848840466,0.0002758456848840466,142000,142000,142000,142000,142000,142000,142000,142000,142000,142000,142000
POST,/api/payment/pay/anonymous-750,1,1,141371.76059600007,141371.76059600007,141371.76059600007,141371.76059600007,33.0,0.0002758456848840466,0.0002758456848840466,141000,141000,141000,141000,141000,141000,141000,141000,141000,141000,141000
POST,/api/payment/pay/anonymous-752,2,1,24000.0,53115.09681450002,23545.10019500003,82685.09343400001,42.0,0.0005516913697680932,0.0002758456848840466,83000,83000,83000,83000,83000,83000,83000,83000,83000,83000,83000
POST,/api/payment/pay/anonymous-759,1,0,75988.8278249996,75988.8278249996,75988.8278249996,75988.8278249996,51.0,0.0002758456848840466,0.0,76000,76000,76000,76000,76000,76000,76000,76000,76000,76000,76000
POST,/api/payment/pay/anonymous-767,1,0,122025.38843399998,122025.38843399998,122025.38843399998,122025.38843399998,51.0,0.0002758456848840466,0.0,122000,122000,122000,122000,122000,122000,122000,122000,122000,122000,122000
POST,/api/payment/pay/anonymous-768,2,2,29370.49019699998,40984.71817200015,29370.49019699998,52598.94614700033,33.0,0.0005516913697680932,0.0005516913697680932,53000,53000,53000,53000,53000,53000,53000,53000,53000,53000,53000
POST,/api/payment/pay/anonymous-769,1,0,122345.94044100004,122345.94044100004,122345.94044100004,122345.94044100004,51.0,0.0002758456848840466,0.0,122000,122000,122000,122000,122000,122000,122000,122000,122000,122000,122000
POST,/api/payment/pay/anonymous-770,2,2,105000.0,123470.84883600018,104954.90933400014,141986.78833800022,13.0,0.0005516913697680932,0.0005516913697680932,142000,142000,142000,142000,142000,142000,142000,142000,142000,142000,142000
POST,/api/payment/pay/anonymous-780,1,1,39577.478634000276,39577.478634000276,39577.478634000276,39577.478634000276,0.0,0.0002758456848840466,0.0002758456848840466,40000,40000,40000,40000,40000,40000,40000,40000,40000,40000,40000
POST,/api/payment/pay/anonymous-781,1,0,86353.90995000035,86353.90995000035,86353.90995000035,86353.90995000035,51.0,0.0002758456848840466,0.0,86000,86000,86000,86000,86000,86000,86000,86000,86000,86000,86000
POST,/api/payment/pay/anonymous-784,2,1,59000.0,66811.47807749994,58981.33851500006,74641.61763999982,42.0,0.0005516913697680932,0.0002758456848840466,75000,75000,75000,75000,75000,75000,75000,75000,75000,75000,75000
POST,/api/payment/pay/anonymous-785,1,1,48964.141391999874,48964.141391999874,48964.141391999874,48964.141391999874,33.0,0.0002758456848840466,0.0002758456848840466,49000,49000,49000,49000,49000,49000,49000,49000,49000,49000,49000
POST,/api/payment/pay/anonymous-788,1,1,85394.77115899991,85394.77115899991,85394.77115899991,85394.77115899991,33.0,0.0002758456848840466,0.0002758456848840466,85000,85000,85000,85000,85000,85000,85000,85000,85000,85000,85000
POST,/api/payment/pay/anonymous-794,1,0,28773.416276999797,28773.416276999797,28773.416276999797,28773.416276999797,51.0,0.0002758456848840466,0.0,29000,29000,29000,29000,29000,29000,29000,29000,29000,29000,29000
POST,/api/payment/pay/anonymous-796,1,0,89901.74626299995,89901.74626299995,89901.74626299995,89901.74626299995,51.0,0.0002758456848840466,0.0,90000,90000,90000,90000,90000,90000,90000,90000,90000,90000,90000
POST,/api/payment/pay/anonymous-797,1,1,51922.12221199997,51922.12221199997,51922.12221199997,51922.12221199997,33.0,0.0002758456848840466,0.0002758456848840466,52000,52000,52000,52000,52000,52000,52000,52000,52000,52000,52000
POST,/api/payment/pay/anonymous-798,1,1,47679.3387380003,47679.3387380003,47679.3387380003,47679.3387380003,33.0,0.0002758456848840466,0.0002758456848840466,48000,48000,48000,48000,48000,48000,48000,48000,48000,48000,48000
POST,/api/payment/pay/anonymous-8,1,0,57035.396572999955,57035.396572999955,57035.396572999955,57035.396572999955,51.0,0.0002758456848840466,0.0,57000,57000,57000,57000,57000,57000,57000,57000,57000,57000,57000
POST,/api/payment/pay/anonymous-801,1,1,29369.662086999597,29369.662086999597,29369.662086999597,29369.662086999597,33.0,0.0002758456848840466,0.0002758456848840466,29000,29000,29000,29000,29000,29000,29000,29000,29000,29000,29000
POST,/api/payment/pay/anonymous-805,1,1,86719.04118200019,86719.04118200019,86719.04118200019,86719.04118200019,33.0,0.0002758456848840466,0.0002758456848840466,87000,87000,87000,87000,87000,87000,87000,87000,87000,87000,87000
POST,/api/payment/pay/anonymous-812,1,1,100626.42092600027,100626.42092600027,100626.42092600027,100626.42092600027,33.0,0.0002758456848840466,0.0002758456848840466,101000,101000,101000,101000,101000,101000,101000,101000,101000,101000,101000
POST,/api/payment/pay/anonymous-815,1,0,43567.45039899988,43567.45039899988,43567.45039899988,43567.45039899988,51.0,0.0002758456848840466,0.0,44000,44000,44000,44000,44000,44000,44000,44000,44000,44000,44000
POST,/api/payment/pay/anonymous-816,1,0,40811.39670000016,40811.39670000016,40811.39670000016,40811.39670000016,51.0,0.0002758456848840466,0.0,41000,41000,41000,41000,41000,41000,41000,41000,41000,41000,41000
POST,/api/payment/pay/anonymous-820,1,0,86374.2242809999,86374.2242809999,86374.2242809999,86374.2242809999,51.0,0.0002758456848840466,0.0,86000,86000,86000,86000,86000,86000,86000,86000,86000,86000,86000
POST,/api/payment/pay/anonymous-825,1,1,47402.21193099978,47402.21193099978,47402.21193099978,47402.21193099978,33.0,0.0002758456848840466,0.0002758456848840466,47000,47000,47000,47000,47000,47000,47000,47000,47000,47000,47000
POST,/api/payment/pay/anonymous-826,1,1,22349.869205999767,22349.869205999767,22349.869205999767,22349.869205999767,33.0,0.0002758456848840466,0.0002758456848840466,22000,22000,22000,22000,22000,22000,22000,22000,22000,22000,22000
POST,/api/payment/pay/anonymous-829,1,1,44183.22515099999,44183.22515099999,44183.22515099999,44183.22515099999,33.0,0.0002758456848840466,0.0002758456848840466,44000,44000,44000,44000,44000,44000,44000,44000,44000,44000,44000
POST,/api/payment/pay/anonymous-831,1,1,24314.01456499998,24314.01456499998,24314.01456499998,24314.01456499998,33.0,0.0002758456848840466,0.0002758456848840466,24000,24000,24000,24000,24000,24000,24000,24000,24000,24000,24000
POST,/api/payment/pay/anonymous-840,1,0,52240.66637299984,52240.66637299984,52240.66637299984,52240.66637299984,51.0,0.0002758456848840466,0.0,52000,52000,52000,52000,52000,52000,52000,52000,52000,52000,52000
POST,/api/payment/pay/anonymous-844,1,0,55209.22968400009,55209.22968400009,55209.22968400009,55209.22968400009,51.0,0.0002758456848840466,0.0,55000,55000,55000,55000,55000,55000,55000,55000,55000,55000,55000
POST,/api/payment/pay/anonymous-848,1,1,121853.72602100005,121853.72602100005,121853.72602100005,121853.72602100005,0.0,0.0002758456848840466,0.0002758456848840466,122000,122000,122000,122000,122000,122000,122000,122000,122000,122000,122000
POST,/api/payment/pay/anonymous-852,1,1,140392.62250899992,140392.62250899992,140392.62250899992,140392.62250899992,26.0,0.0002758456848840466,0.0002758456848840466,140000,140000,140000,140000,140000,140000,140000,140000,140000,140000,140000
POST,/api/payment/pay/anonymous-856,1,1,52220.76021600014,52220.76021600014,52220.76021600014,52220.76021600014,33.0,0.0002758456848840466,0.0002758456848840466,52000,52000,52000,52000,52000,52000,52000,52000,52000,52000,52000
POST,/api/payment/pay/anonymous-857,1,0,112397.50538499994,112397.50538499994,112397.50538499994,112397.50538499994,51.0,0.0002758456848840466,0.0,112000,112000,112000,112000,112000,112000,112000,112000,112000,112000,112000
POST,/api/payment/pay/anonymous-860,1,1,22621.37630199959,22621.37630199959,22621.37630199959,22621.37630199959,0.0,0.0002758456848840466,0.0002758456848840466,23000,23000,23000,23000,23000,23000,23000,23000,23000,23000,23000
POST,/api/payment/pay/anonymous-868,1,0,53372.37141300011,53372.37141300011,53372.37141300011,53372.37141300011,51.0,0.0002758456848840466,0.0,53000,53000,53000,53000,53000,53000,53000,53000,53000,53000,53000
POST,/api/payment/pay/anonymous-885,1,1,20364.03739799971,20364.03739799971,20364.03739799971,20364.03739799971,33.0,0.0002758456848840466,0.0002758456848840466,20000,20000,20000,20000,20000,20000,20000,20000,20000,20000,20000
POST,/api/payment/pay/anonymous-897,1,1,28163.102366000203,28163.102366000203,28163.102366000203,28163.102366000203,33.0,0.0002758456848840466,0.0002758456848840466,28000,28000,28000,28000,28000,28000,28000,28000,28000,28000,28000
POST,/api/payment/pay/anonymous-905,1,0,1612872.6511249996,1612872.6511249996,1612872.6511249996,1612872.6511249996,51.0,0.0002758456848840466,0.0,1613000,1613000,1613000,1613000,1613000,1613000,1613000,1613000,1613000,1613000,1613000
POST,/api/payment/pay/anonymous-908,1,0,18274.349480000183,18274.349480000183,18274.349480000183,18274.349480000183,51.0,0.0002758456848840466,0.0,18000,18000,18000,18000,18000,18000,18000,18000,18000,18000,18000
POST,/api/payment/pay/anonymous-911,1,0,23328.900778999923,23328.900778999923,23328.900778999923,23328.900778999923,51.0,0.0002758456848840466,0.0,23000,23000,23000,23000,23000,23000,23000,23000,23000,23000,23000
POST,/api/payment/pay/anonymous-913,1,1,19500.29206199997,19500.29206199997,19500.29206199997,19500.29206199997,33.0,0.0002758456848840466,0.0002758456848840466,20000,20000,20000,20000,20000,20000,20000,20000,20000,20000,20000
POST,/api/payment/pay/anonymous-927,1,1,62906.81495999979,62906.81495999979,62906.81495999979,62906.81495999979,33.0,0.0002758456848840466,0.0002758456848840466,63000,63000,63000,63000,63000,63000,63000,63000,63000,63000,63000
POST,/api/payment/pay/anonymous-932,1,1,62897.8407300001,62897.8407300001,62897.8407300001,62897.8407300001,33.0,0.0002758456848840466,0.0002758456848840466,63000,63000,63000,63000,63000,63000,63000,63000,63000,63000,63000
POST,/api/payment/pay/anonymous-941,1,1,104955.33014000012,104955.33014000012,104955.33014000012,104955.33014000012,0.0,0.0002758456848840466,0.0002758456848840466,105000,105000,105000,105000,105000,105000,105000,105000,105000,105000,105000
POST,/api/payment/pay/anonymous-961,1,1,30453.46465800003,30453.46465800003,30453.46465800003,30453.46465800003,33.0,0.0002758456848840466,0.0002758456848840466,30000,30000,30000,30000,30000,30000,30000,30000,30000,30000,30000
POST,/api/payment/pay/anonymous-964,1,1,43402.72165500028,43402.72165500028,43402.72165500028,43402.72165500028,33.0,0.0002758456848840466,0.0002758456848840466,43000,43000,43000,43000,43000,43000,43000,43000,43000,43000,43000
POST,/api/payment/pay/anonymous-966,1,1,50538.291093000225,50538.291093000225,50538.291093000225,50538.291093000225,33.0,0.0002758456848840466,0.0002758456848840466,51000,51000,51000,51000,51000,51000,51000,51000,51000,51000,51000
POST,/api/payment/pay/anonymous-967,1,1,47506.403370000044,47506.403370000044,47506.403370000044,47506.403370000044,33.0,0.0002758456848840466,0.0002758456848840466,48000,48000,48000,48000,48000,48000,48000,48000,48000,48000,48000
POST,/api/payment/pay/anonymous-969,1,0,62681.05785500029,62681.05785500029,62681.05785500029,62681.05785500029,51.0,0.0002758456848840466,0.0,63000,63000,63000,63000,63000,63000,63000,63000,63000,63000,63000
POST,/api/payment/pay/anonymous-976,1,1,41069.7139179997,41069.7139179997,41069.7139179997,41069.7139179997,33.0,0.0002758456848840466,0.0002758456848840466,41000,41000,41000,41000,41000,41000,41000,41000,41000,41000,41000
POST,/api/payment/pay/anonymous-977,1,0,50555.592411999896,50555.592411999896,50555.592411999896,50555.592411999896,51.0,0.0002758456848840466,0.0,51000,51000,51000,51000,51000,51000,51000,51000,51000,51000,51000
POST,/api/payment/pay/anonymous-978,1,0,50540.63472300004,50540.63472300004,50540.63472300004,50540.63472300004,51.0,0.0002758456848840466,0.0,51000,51000,51000,51000,51000,51000,51000,51000,51000,51000,51000
POST,/api/payment/pay/anonymous-980,1,1,43162.87249300012,43162.87249300012,43162.87249300012,43162.87249300012,33.0,0.0002758456848840466,0.0002758456848840466,43000,43000,43000,43000,43000,43000,43000,43000,43000,43000,43000
POST,/api/payment/pay/anonymous-986,1,0,61616.38681399972,61616.38681399972,61616.38681399972,61616.38681399972,51.0,0.0002758456848840466,0.0,62000,62000,62000,62000,62000,62000,62000,62000,62000,62000,62000
POST,/api/payment/pay/anonymous-990,1,0,76011.05419800023,76011.05419800023,76011.05419800023,76011.05419800023,51.0,0.0002758456848840466,0.0,76000,76000,76000,76000,76000,76000,76000,76000,76000,76000,76000
POST,/api/payment/pay/anonymous-993,1,1,1479.596736000076,1479.596736000076,1479.596736000076,1479.596736000076,33.0,0.0002758456848840466,0.0002758456848840466,1500,1500,1500,1500,1500,1500,1500,1500,1500,1500,1500
GET,/api/ratings/api/fetch/EMM,472,17,21000.0,63484.6983745826,19.70576200000096,1818444.8579449998,358.3156779661017,0.13019916326526998,0.004689376643028792,22000,29000,36000,43000,67000,104000,968000,1682000,1818000,1818000,1818000
GET,/api/ratings/api/fetch/EPE,445,19,25000.0,85128.66726891683,13.644143000021813,1741443.672581,714.6494382022472,0.12275132977340072,0.005241068012796885,25000,33000,41000,49000,81000,106000,1564000,1603000,1741000,1741000,1741000
GET,/api/ratings/api/fetch/HPTD,419,15,24000.0,63296.93809563487,13.86254299995926,1681687.5274249997,397.4653937947494,0.11557934196641552,0.004137685273260698,24000,32000,38000,47000,69000,107000,1325000,1606000,1682000,1682000,1682000
GET,/api/ratings/api/fetch/RED,463,23,23000.0,69928.58154028513,17.83555599996589,1679258.6845290002,365.08639308855294,0.12771655210131355,0.0063444507523330715,23000,32000,40000,48000,90000,125000,1389000,1607000,1679000,1679000,1679000
GET,/api/ratings/api/fetch/RMC,429,22,23000.0,61498.775508729625,17.890964000002896,1771705.7959689999,39.88811188811189,0.11833779881525598,0.006068605067449025,23000,31000,37000,42000,64000,111000,968000,1585000,1772000,1772000,1772000
GET,/api/ratings/api/fetch/SHCE,453,20,25000.0,73237.41915027155,17.087754000044697,1659078.534525,40.326710816777044,0.1249580952524731,0.005516913697680931,25000,32000,39000,46000,85000,107000,1411000,1606000,1659000,1659000,1659000
GET,/api/ratings/api/fetch/STAN-1,470,25,27000.0,59844.77485815108,16.09824999997045,1789999.7601980001,41.7,0.12964747189550188,0.006896142122101164,27000,33000,43000,51000,92000,120000,504000,1566000,1790000,1790000,1790000
GET,/api/ratings/api/fetch/UHJ,408,21,23000.0,63655.860923490225,19.984563999969396,1681645.318855,41.036764705882355,0.11254503943269101,0.005792759382564978,23000,33000,41000,47000,81000,102000,1180000,1564000,1682000,1682000,1682000
GET,/api/ratings/api/fetch/Watson,479,15,23000.0,54234.88992006264,17.557945999953972,1679338.6683450001,41.00835073068894,0.1321300830594583,0.004137685273260698,23000,32000,40000,44000,74000,104000,434000,1566000,1679000,1679000,1679000
PUT,/api/ratings/api/rate/EMM/1,30,0,18000.0,25520.09584040001,84.11193799997818,140961.35382800002,16.0,0.008275370546521396,0.0,18000,26000,28000,36000,104000,110000,141000,141000,141000,141000,141000
PUT,/api/ratings/api/rate/EMM/2,26,1,20000.0,26524.6552231154,68.19031500003803,143918.99986500005,15.384615384615385,0.007171987806985211,0.0002758456848840466,22000,30000,37000,40000,52000,76000,144000,144000,144000,144000,144000
PUT,/api/ratings/api/rate/EMM/3,29,0,27000.0,21975.59252689657,95.02650000001722,74656.73085899993,16.0,0.007999524861637351,0.0,27000,33000,36000,37000,52000,63000,75000,75000,75000,75000,75000
PUT,/api/ratings/api/rate/EMM/4,37,1,28000.0,34371.73605602701,125.16939500000035,141315.08874700012,15.567567567567568,0.010206290340709724,0.0002758456848840466,28000,41000,56000,66000,101000,113000,141000,141000,141000,141000,141000
PUT,/api/ratings/api/rate/EMM/5,31,1,6200.0,17616.963587290327,60.48949099999845,121854.59433000005,15.483870967741936,0.008551216231405444,0.0002758456848840466,6200,20000,28000,30000,38000,92000,122000,122000,122000,122000,122000
PUT,/api/ratings/api/rate/EPE/1,26,1,27000.0,51093.44686996154,137.46013399997992,698558.0031730001,22.384615384615383,0.007171987806985211,0.0002758456848840466,28000,29000,36000,36000,59000,63000,699000,699000,699000,699000,699000
PUT,/api/ratings/api/rate/EPE/2,29,1,27000.0,88351.56888051724,95.30747000002293,1614536.4247629999,5196.310344827586,0.007999524861637351,0.0002758456848840466,27000,46000,49000,57000,111000,146000,1615000,1615000,1615000,1615000,1615000
PUT,/api/ratings/api/rate/EPE/3,25,0,23000.0,28599.717085320022,123.27888900000517,120337.66750500012,16.0,0.006896142122101164,0.0,23000,28000,38000,40000,67000,101000,120000,120000,120000,120000,120000
PUT,/api/ratings/api/rate/EPE/4,29,1,22000.0,29562.76320517241,31.92460099995742,125203.96129400001,15.448275862068966,0.007999524861637351,0.0002758456848840466,22000,34000,40000,52000,90000,111000,125000,125000,125000,125000,125000
PUT,/api/ratings/api/rate/EPE/5,33,1,29000.0,46139.88537845453,179.94726799997807,586597.865457,21.03030303030303,0.009102907601173537,0.0002758456848840466,29000,33000,47000,52000,56000,107000,587000,587000,587000,587000,587000
PUT,/api/ratings/api/rate/HPTD/1,29,3,22000.0,26859.344922689645,177.0571590000145,101091.97882600006,26.896551724137932,0.007999524861637351,0.0008275370546521397,22000,27000,32000,36000,86000,100000,101000,101000,101000,101000,101000
PUT,/api/ratings/api/rate/HPTD/2,38,2,20000.0,52895.10709547369,77.72764400004917,586610.128831,19.94736842105263,0.01048213602559377,0.0005516913697680932,23000,29000,35000,50000,75000,540000,587000,587000,587000,587000,587000
PUT,/api/ratings/api/rate/HPTD/3,20,1,22000.0,60531.75472474997,108.23872200001006,683733.575466,15.2,0.005516913697680931,0.0002758456848840466,24000,29000,41000,44000,122000,684000,684000,684000,684000,684000,684000
PUT,/api/ratings/api/rate/HPTD/4,37,2,18000.0,62474.764656945976,211.2079670000071,1564592.383365,20.054054054054053,0.010206290340709724,0.0005516913697680932,18000,31000,33000,35000,49000,102000,1565000,1565000,1565000,1565000,1565000
PUT,/api/ratings/api/rate/HPTD/5,26,0,24000.0,27873.06945976924,95.12999899999386,101656.22105000011,16.0,0.007171987806985211,0.0,27000,34000,36000,41000,62000,68000,102000,102000,102000,102000,102000
PUT,/api/ratings/api/rate/RED/1,29,3,23000.0,59191.581911551715,68.1202149999649,1027803.9619580002,5201.482758620689,0.007999524861637351,0.0008275370546521397,23000,32000,41000,42000,71000,100000,1028000,1028000,1028000,1028000,1028000
PUT,/api/ratings/api/rate/RED/2,29,0,20000.0,22741.11885613793,95.15810000004876,110770.69328699986,16.0,0.007999524861637351,0.0,20000,28000,32000,34000,51000,53000,111000,111000,111000,111000,111000
PUT,/api/ratings/api/rate/RED/3,26,0,18000.0,23483.112912076896,105.18403200001103,75651.75668000006,16.0,0.007171987806985211,0.0,19000,32000,42000,43000,67000,71000,76000,76000,76000,76000,76000
PUT,/api/ratings/api/rate/RED/4,43,4,27000.0,40224.64983602327,70.89986199997611,503896.9270730001,3517.046511627907,0.011861364450014003,0.0011033827395361864,27000,33000,48000,52000,62000,107000,504000,504000,504000,504000,504000
PUT,/api/ratings/api/rate/RED/5,21,1,34000.0,32664.009301523765,166.365624999969,109793.6741399999,15.238095238095237,0.005792759382564978,0.0002758456848840466,34000,41000,47000,49000,58000,101000,110000,110000,110000,110000,110000
PUT,/api/ratings/api/rate/RMC/1,30,0,1600.0,18452.436694899985,68.08431499996459,83618.00741000002,16.0,0.008275370546521396,0.0,7800,27000,33000,41000,47000,54000,84000,84000,84000,84000,84000
PUT,/api/ratings/api/rate/RMC/2,34,2,18000.0,40189.25031632352,39.171823999993194,717722.1463090001,25.764705882352942,0.009378753286057584,0.0005516913697680932,21000,27000,32000,36000,55000,102000,718000,718000,718000,718000,718000
PUT,/api/ratings/api/rate/RMC/3,26,1,23000.0,24330.12684484616,166.51022399997828,58391.16662400011,15.384615384615385,0.007171987806985211,0.0002758456848840466,23000,28000,33000,33000,49000,51000,58000,58000,58000,58000,58000
PUT,/api/ratings/api/rate/RMC/4,22,1,23000.0,26812.169265500022,39.62176800001771,86156.90880700003,23.545454545454547,0.006068605067449025,0.0002758456848840466,23000,28000,33000,40000,70000,83000,86000,86000,86000,86000,86000
PUT,/api/ratings/api/rate/RMC/5,23,2,23000.0,87739.2039853478,100.87911900001245,890690.920753,22.52173913043478,0.0063444507523330715,0.0005516913697680932,23000,38000,54000,75000,120000,540000,891000,891000,891000,891000,891000
PUT,/api/ratings/api/rate/SHCE/1,25,0,18000.0,81521.28422803998,105.9278870000071,1456987.0623440002,16.0,0.006896142122101164,0.0,18000,28000,33000,59000,66000,140000,1457000,1457000,1457000,1457000,1457000
PUT,/api/ratings/api/rate/SHCE/2,28,0,19000.0,70112.72011175001,63.66225800002212,1285845.206392,16.0,0.0077236791767533045,0.0,21000,28000,40000,42000,73000,125000,1286000,1286000,1286000,1286000,1286000
PUT,/api/ratings/api/rate/SHCE/3,27,0,27000.0,33023.1823388148,53.120759000023554,125592.46343899985,16.0,0.007447833491869257,0.0,27000,29000,36000,40000,114000,121000,126000,126000,126000,126000,126000
PUT,/api/ratings/api/rate/SHCE/4,35,2,27000.0,58715.44250714285,114.30825999997296,947782.078117,20.285714285714285,0.00965459897094163,0.0005516913697680932,27000,35000,46000,57000,101000,171000,948000,948000,948000,948000,948000
PUT,/api/ratings/api/rate/SHCE/5,21,0,33000.0,80969.29052466669,78.06634600001416,947780.8872570001,16.0,0.005792759382564978,0.0,33000,36000,56000,73000,117000,121000,948000,948000,948000,948000,948000
PUT,/api/ratings/api/rate/STAN-1/1,29,1,20000.0,23038.43126486206,77.05404299997554,103195.14892899997,15.448275862068966,0.007999524861637351,0.0002758456848840466,20000,29000,33000,41000,53000,57000,103000,103000,103000,103000,103000
PUT,/api/ratings/api/rate/STAN-1/2,24,2,28000.0,220806.24731345836,192.29680700004792,1585875.491073,22.25,0.006620296437217118,0.0005516913697680932,33000,48000,58000,107000,1390000,1564000,1586000,1586000,1586000,1586000,1586000
PUT,/api/ratings/api/rate/STAN-1/3,33,0,23000.0,27271.79217848484,61.07669300001817,83656.82734500001,16.0,0.009102907601173537,0.0,23000,30000,41000,43000,63000,81000,84000,84000,84000,84000,84000
PUT,/api/ratings/api/rate/STAN-1/4,31,3,33000.0,61396.84112803225,78.72724800000697,947772.3611839999,20.322580645161292,0.008551216231405444,0.0008275370546521397,33000,44000,59000,62000,76000,102000,948000,948000,948000,948000,948000
PUT,/api/ratings/api/rate/STAN-1/5,28,3,25000.0,29801.140959678585,54.02167099998678,125599.66537400032,27.285714285714285,0.0077236791767533045,0.0008275370546521397,25000,28000,39000,44000,101000,102000,126000,126000,126000,126000,126000
PUT,/api/ratings/api/rate/UHJ/1,28,2,31000.0,69307.62023321427,81.39575599994942,1026997.044171,21.357142857142858,0.0077236791767533045,0.0005516913697680932,31000,35000,49000,52000,66000,141000,1027000,1027000,1027000,1027000,1027000
PUT,/api/ratings/api/rate/UHJ/2,29,0,25000.0,32049.806140103443,68.9728309999964,151106.33762999988,16.0,0.007999524861637351,0.0,25000,37000,49000,52000,66000,70000,151000,151000,151000,151000,151000
PUT,/api/ratings/api/rate/UHJ/3,22,2,19000.0,25422.700901772725,146.7411630000015,99531.27853900014,31.09090909090909,0.006068605067449025,0.0005516913697680932,19000,32000,40000,41000,67000,71000,100000,100000,100000,100000,100000
PUT,/api/ratings/api/rate/UHJ/4,22,0,29000.0,129045.15496954546,74.50443400000495,1565528.131245,16.0,0.006068605067449025,0.0,29000,49000,52000,52000,71000,739000,1566000,1566000,1566000,1566000,1566000
PUT,/api/ratings/api/rate/UHJ/5,15,0,23000.0,19869.062923066675,140.252342999986,58009.0607090001,16.0,0.004137685273260698,0.0,23000,28000,28000,32000,52000,58000,58000,58000,58000,58000,58000
PUT,/api/ratings/api/rate/Watson/1,38,0,27000.0,32289.086584078963,45.74534500000027,101454.15414799993,16.0,0.01048213602559377,0.0,28000,36000,49000,53000,74000,90000,101000,101000,101000,101000,101000
PUT,/api/ratings/api/rate/Watson/2,38,0,28000.0,110047.37111726314,89.50828299998648,1681697.4705339998,16.0,0.01048213602559377,0.0,31000,40000,44000,57000,84000,1498000,1682000,1682000,1682000,1682000,1682000
PUT,/api/ratings/api/rate/Watson/3,34,5,31000.0,162669.84330105886,75.47853900001655,1614534.6675440003,4448.676470588235,0.009378753286057584,0.0013792284244202328,32000,41000,51000,58000,146000,1566000,1615000,1615000,1615000,1615000,1615000
PUT,/api/ratings/api/rate/Watson/4,33,0,17000.0,17793.552717181854,49.3377559999999,66670.07758199997,16.0,0.009102907601173537,0.0,17000,23000,26000,28000,41000,64000,67000,67000,67000,67000,67000
PUT,/api/ratings/api/rate/Watson/5,28,2,19000.0,22985.41635121429,117.6804719999609,98946.95585599993,21.357142857142858,0.0077236791767533045,0.0005516913697680932,21000,27000,39000,40000,58000,66000,99000,99000,99000,99000,99000
GET,/api/shipping/calc/3185866,1,0,81224.98751799998,81224.98751799998,81224.98751799998,81224.98751799998,28.0,0.0002758456848840466,0.0,81000,81000,81000,81000,81000,81000,81000,81000,81000,81000,81000
GET,/api/shipping/calc/3185972,1,0,48456.48791900021,48456.48791900021,48456.48791900021,48456.48791900021,29.0,0.0002758456848840466,0.0,48000,48000,48000,48000,48000,48000,48000,48000,48000,48000,48000
GET,/api/shipping/calc/3186101,1,0,152495.20309299987,152495.20309299987,152495.20309299987,152495.20309299987,29.0,0.0002758456848840466,0.0,152000,152000,152000,152000,152000,152000,152000,152000,152000,152000,152000
GET,/api/shipping/calc/3186660,1,0,51952.319808999615,51952.319808999615,51952.319808999615,51952.319808999615,30.0,0.0002758456848840466,0.0,52000,52000,52000,52000,52000,52000,52000,52000,52000,52000,52000
GET,/api/shipping/calc/3186732,1,0,24092.067941000096,24092.067941000096,24092.067941000096,24092.067941000096,28.0,0.0002758456848840466,0.0,24000,24000,24000,24000,24000,24000,24000,24000,24000,24000,24000
GET,/api/shipping/calc/3187047,1,0,152417.6523770002,152417.6523770002,152417.6523770002,152417.6523770002,30.0,0.0002758456848840466,0.0,152000,152000,152000,152000,152000,152000,152000,152000,152000,152000,152000
GET,/api/shipping/calc/3187362,1,0,39543.22811400016,39543.22811400016,39543.22811400016,39543.22811400016,28.0,0.0002758456848840466,0.0,40000,40000,40000,40000,40000,40000,40000,40000,40000,40000,40000
GET,/api/shipping/calc/3188894,1,0,31158.24801100001,31158.24801100001,31158.24801100001,31158.24801100001,28.0,0.0002758456848840466,0.0,31000,31000,31000,31000,31000,31000,31000,31000,31000,31000,31000
GET,/api/shipping/calc/3189230,1,0,68841.24070899998,68841.24070899998,68841.24070899998,68841.24070899998,28.0,0.0002758456848840466,0.0,69000,69000,69000,69000,69000,69000,69000,69000,69000,69000,69000
GET,/api/shipping/calc/3190131,1,0,52605.6761079999,52605.6761079999,52605.6761079999,52605.6761079999,28.0,0.0002758456848840466,0.0,53000,53000,53000,53000,53000,53000,53000,53000,53000,53000,53000
GET,/api/shipping/calc/3191030,1,0,54890.800785000014,54890.800785000014,54890.800785000014,54890.800785000014,28.0,0.0002758456848840466,0.0,55000,55000,55000,55000,55000,55000,55000,55000,55000,55000,55000
GET,/api/shipping/calc/3192376,1,0,46410.17474199998,46410.17474199998,46410.17474199998,46410.17474199998,28.0,0.0002758456848840466,0.0,46000,46000,46000,46000,46000,46000,46000,46000,46000,46000,46000
GET,/api/shipping/calc/3192780,1,0,42976.30640599982,42976.30640599982,42976.30640599982,42976.30640599982,29.0,0.0002758456848840466,0.0,43000,43000,43000,43000,43000,43000,43000,43000,43000,43000,43000
GET,/api/shipping/calc/3192914,1,0,45076.87535600008,45076.87535600008,45076.87535600008,45076.87535600008,29.0,0.0002758456848840466,0.0,45000,45000,45000,45000,45000,45000,45000,45000,45000,45000,45000
GET,/api/shipping/calc/3193085,1,0,152220.56476599982,152220.56476599982,152220.56476599982,152220.56476599982,29.0,0.0002758456848840466,0.0,152000,152000,152000,152000,152000,152000,152000,152000,152000,152000,152000
GET,/api/shipping/calc/3195421,1,1,92796.23893500002,92796.23893500002,92796.23893500002,92796.23893500002,192.0,0.0002758456848840466,0.0002758456848840466,93000,93000,93000,93000,93000,93000,93000,93000,93000,93000,93000
GET,/api/shipping/calc/3195546,1,0,19306.761222000205,19306.761222000205,19306.761222000205,19306.761222000205,29.0,0.0002758456848840466,0.0,19000,19000,19000,19000,19000,19000,19000,19000,19000,19000,19000
GET,/api/shipping/calc/3195935,1,0,80181.38622200002,80181.38622200002,80181.38622200002,80181.38622200002,28.0,0.0002758456848840466,0.0,80000,80000,80000,80000,80000,80000,80000,80000,80000,80000,80000
GET,/api/shipping/calc/3196141,1,0,51306.85496499973,51306.85496499973,51306.85496499973,51306.85496499973,29.0,0.0002758456848840466,0.0,51000,51000,51000,51000,51000,51000,51000,51000,51000,51000,51000
GET,/api/shipping/calc/3197385,1,0,103245.1423350003,103245.1423350003,103245.1423350003,103245.1423350003,28.0,0.0002758456848840466,0.0,103000,103000,103000,103000,103000,103000,103000,103000,103000,103000,103000
GET,/api/shipping/calc/3197543,1,0,18436.341662999894,18436.341662999894,18436.341662999894,18436.341662999894,28.0,0.0002758456848840466,0.0,18000,18000,18000,18000,18000,18000,18000,18000,18000,18000,18000
GET,/api/shipping/calc/3198700,1,0,44729.23792300003,44729.23792300003,44729.23792300003,44729.23792300003,28.0,0.0002758456848840466,0.0,45000,45000,45000,45000,45000,45000,45000,45000,45000,45000,45000
GET,/api/shipping/calc/3198911,1,0,1686977.9837250002,1686977.9837250002,1686977.9837250002,1686977.9837250002,28.0,0.0002758456848840466,0.0,1687000,1687000,1687000,1687000,1687000,1687000,1687000,1687000,1687000,1687000,1687000
GET,/api/shipping/calc/3198924,1,0,48842.496490000034,48842.496490000034,48842.496490000034,48842.496490000034,29.0,0.0002758456848840466,0.0,49000,49000,49000,49000,49000,49000,49000,49000,49000,49000,49000
GET,/api/shipping/calc/3198968,1,1,93568.52222500004,93568.52222500004,93568.52222500004,93568.52222500004,192.0,0.0002758456848840466,0.0002758456848840466,94000,94000,94000,94000,94000,94000,94000,94000,94000,94000,94000
GET,/api/shipping/calc/3199387,1,0,55858.33662999994,55858.33662999994,55858.33662999994,55858.33662999994,28.0,0.0002758456848840466,0.0,56000,56000,56000,56000,56000,56000,56000,56000,56000,56000,56000
GET,/api/shipping/calc/3200895,1,1,109450.02489199999,109450.02489199999,109450.02489199999,109450.02489199999,192.0,0.0002758456848840466,0.0002758456848840466,109000,109000,109000,109000,109000,109000,109000,109000,109000,109000,109000
GET,/api/shipping/calc/3201123,1,0,56688.98886700026,56688.98886700026,56688.98886700026,56688.98886700026,31.0,0.0002758456848840466,0.0,57000,57000,57000,57000,57000,57000,57000,57000,57000,57000,57000
GET,/api/shipping/calc/3201181,1,0,20134.856018999926,20134.856018999926,20134.856018999926,20134.856018999926,31.0,0.0002758456848840466,0.0,20000,20000,20000,20000,20000,20000,20000,20000,20000,20000,20000
GET,/api/shipping/calc/3202001,1,0,39212.12015999982,39212.12015999982,39212.12015999982,39212.12015999982,32.0,0.0002758456848840466,0.0,39000,39000,39000,39000,39000,39000,39000,39000,39000,39000,39000
GET,/api/shipping/calc/3203165,1,0,42473.541543000014,42473.541543000014,42473.541543000014,42473.541543000014,31.0,0.0002758456848840466,0.0,42000,42000,42000,42000,42000,42000,42000,42000,42000,42000,42000
GET,/api/shipping/calc/3203540,1,0,46630.32770000018,46630.32770000018,46630.32770000018,46630.32770000018,32.0,0.0002758456848840466,0.0,47000,47000,47000,47000,47000,47000,47000,47000,47000,47000,47000
GET,/api/shipping/calc/3204021,1,0,140739.23164999997,140739.23164999997,140739.23164999997,140739.23164999997,31.0,0.0002758456848840466,0.0,141000,141000,141000,141000,141000,141000,141000,141000,141000,141000,141000
GET,/api/shipping/calc/3204490,1,0,51393.59409999997,51393.59409999997,51393.59409999997,51393.59409999997,32.0,0.0002758456848840466,0.0,51000,51000,51000,51000,51000,51000,51000,51000,51000,51000,51000
GET,/api/shipping/calc/3205626,1,0,1593325.664038,1593325.664038,1593325.664038,1593325.664038,32.0,0.0002758456848840466,0.0,1593000,1593000,1593000,1593000,1593000,1593000,1593000,1593000,1593000,1593000,1593000
GET,/api/shipping/calc/3205790,1,0,30354.213087000062,30354.213087000062,30354.213087000062,30354.213087000062,32.0,0.0002758456848840466,0.0,30000,30000,30000,30000,30000,30000,30000,30000,30000,30000,30000
GET,/api/shipping/calc/3206082,1,0,54726.739956999605,54726.739956999605,54726.739956999605,54726.739956999605,32.0,0.0002758456848840466,0.0,55000,55000,55000,55000,55000,55000,55000,55000,55000,55000,55000
GET,/api/shipping/calc/3206300,1,0,54121.529296000066,54121.529296000066,54121.529296000066,54121.529296000066,31.0,0.0002758456848840466,0.0,54000,54000,54000,54000,54000,54000,54000,54000,54000,54000,54000
GET,/api/shipping/calc/3207417,1,0,82734.93902199999,82734.93902199999,82734.93902199999,82734.93902199999,32.0,0.0002758456848840466,0.0,83000,83000,83000,83000,83000,83000,83000,83000,83000,83000,83000
GET,/api/shipping/calc/3207556,1,0,21315.433580000048,21315.433580000048,21315.433580000048,21315.433580000048,32.0,0.0002758456848840466,0.0,21000,21000,21000,21000,21000,21000,21000,21000,21000,21000,21000
GET,/api/shipping/calc/3208414,1,0,46698.64858799974,46698.64858799974,46698.64858799974,46698.64858799974,31.0,0.0002758456848840466,0.0,47000,47000,47000,47000,47000,47000,47000,47000,47000,47000,47000
GET,/api/shipping/calc/3208964,1,0,51254.46413999998,51254.46413999998,51254.46413999998,51254.46413999998,31.0,0.0002758456848840466,0.0,51000,51000,51000,51000,51000,51000,51000,51000,51000,51000,51000
GET,/api/shipping/calc/3209604,1,0,42534.29253900003,42534.29253900003,42534.29253900003,42534.29253900003,32.0,0.0002758456848840466,0.0,43000,43000,43000,43000,43000,43000,43000,43000,43000,43000,43000
GET,/api/shipping/calc/3209609,1,0,75921.37631600008,75921.37631600008,75921.37631600008,75921.37631600008,32.0,0.0002758456848840466,0.0,76000,76000,76000,76000,76000,76000,76000,76000,76000,76000,76000
GET,/api/shipping/calc/3210590,1,0,20049.735633999717,20049.735633999717,20049.735633999717,20049.735633999717,31.0,0.0002758456848840466,0.0,20000,20000,20000,20000,20000,20000,20000,20000,20000,20000,20000
GET,/api/shipping/calc/3210708,1,0,45763.70033800004,45763.70033800004,45763.70033800004,45763.70033800004,31.0,0.0002758456848840466,0.0,46000,46000,46000,46000,46000,46000,46000,46000,46000,46000,46000
GET,/api/shipping/calc/3211466,1,0,26840.111223999884,26840.111223999884,26840.111223999884,26840.111223999884,31.0,0.0002758456848840466,0.0,27000,27000,27000,27000,27000,27000,27000,27000,27000,27000,27000
GET,/api/shipping/calc/3293392,1,0,109684.419402,109684.419402,109684.419402,109684.419402,30.0,0.0002758456848840466,0.0,110000,110000,110000,110000,110000,110000,110000,110000,110000,110000,110000
GET,/api/shipping/calc/3294237,1,0,41949.5261510001,41949.5261510001,41949.5261510001,41949.5261510001,30.0,0.0002758456848840466,0.0,42000,42000,42000,42000,42000,42000,42000,42000,42000,42000,42000
GET,/api/shipping/calc/3296566,1,1,79816.06668699998,79816.06668699998,79816.06668699998,79816.06668699998,192.0,0.0002758456848840466,0.0002758456848840466,80000,80000,80000,80000,80000,80000,80000,80000,80000,80000,80000
GET,/api/shipping/calc/3296811,1,1,89419.77972600001,89419.77972600001,89419.77972600001,89419.77972600001,192.0,0.0002758456848840466,0.0002758456848840466,89000,89000,89000,89000,89000,89000,89000,89000,89000,89000,89000
GET,/api/shipping/calc/3297401,1,1,62001.85865999998,62001.85865999998,62001.85865999998,62001.85865999998,192.0,0.0002758456848840466,0.0002758456848840466,62000,62000,62000,62000,62000,62000,62000,62000,62000,62000,62000
GET,/api/shipping/calc/3299826,1,1,48652.38108200037,48652.38108200037,48652.38108200037,48652.38108200037,0.0,0.0002758456848840466,0.0002758456848840466,49000,49000,49000,49000,49000,49000,49000,49000,49000,49000,49000
GET,/api/shipping/calc/3301564,1,0,52347.103479,52347.103479,52347.103479,52347.103479,30.0,0.0002758456848840466,0.0,52000,52000,52000,52000,52000,52000,52000,52000,52000,52000,52000
GET,/api/shipping/calc/3303378,1,0,25717.51744200003,25717.51744200003,25717.51744200003,25717.51744200003,31.0,0.0002758456848840466,0.0,26000,26000,26000,26000,26000,26000,26000,26000,26000,26000,26000
GET,/api/shipping/calc/3305667,1,0,27248.397771000044,27248.397771000044,27248.397771000044,27248.397771000044,31.0,0.0002758456848840466,0.0,27000,27000,27000,27000,27000,27000,27000,27000,27000,27000,27000
GET,/api/shipping/calc/3307547,1,0,66217.30026700016,66217.30026700016,66217.30026700016,66217.30026700016,30.0,0.0002758456848840466,0.0,66000,66000,66000,66000,66000,66000,66000,66000,66000,66000,66000
GET,/api/shipping/calc/3308780,1,0,23591.80761000016,23591.80761000016,23591.80761000016,23591.80761000016,30.0,0.0002758456848840466,0.0,24000,24000,24000,24000,24000,24000,24000,24000,24000,24000,24000
GET,/api/shipping/calc/3312021,1,0,22927.445476,22927.445476,22927.445476,22927.445476,31.0,0.0002758456848840466,0.0,23000,23000,23000,23000,23000,23000,23000,23000,23000,23000,23000
GET,/api/shipping/calc/3336691,1,1,82489.63972699994,82489.63972699994,82489.63972699994,82489.63972699994,192.0,0.0002758456848840466,0.0002758456848840466,82000,82000,82000,82000,82000,82000,82000,82000,82000,82000,82000
GET,/api/shipping/calc/3336772,1,0,55363.087641000224,55363.087641000224,55363.087641000224,55363.087641000224,30.0,0.0002758456848840466,0.0,55000,55000,55000,55000,55000,55000,55000,55000,55000,55000,55000
GET,/api/shipping/calc/3340228,1,1,100207.46819500027,100207.46819500027,100207.46819500027,100207.46819500027,494.0,0.0002758456848840466,0.0002758456848840466,100000,100000,100000,100000,100000,100000,100000,100000,100000,100000,100000
GET,/api/shipping/calc/3344420,1,1,61866.5618330001,61866.5618330001,61866.5618330001,61866.5618330001,0.0,0.0002758456848840466,0.0002758456848840466,62000,62000,62000,62000,62000,62000,62000,62000,62000,62000,62000
GET,/api/shipping/calc/3346262,1,0,1564503.648473,1564503.648473,1564503.648473,1564503.648473,31.0,0.0002758456848840466,0.0,1565000,1565000,1565000,1565000,1565000,1565000,1565000,1565000,1565000,1565000,1565000
GET,/api/shipping/calc/3348529,1,0,41602.229448999875,41602.229448999875,41602.229448999875,41602.229448999875,31.0,0.0002758456848840466,0.0,42000,42000,42000,42000,42000,42000,42000,42000,42000,42000,42000
GET,/api/shipping/calc/3356179,1,0,27105.98323199997,27105.98323199997,27105.98323199997,27105.98323199997,30.0,0.0002758456848840466,0.0,27000,27000,27000,27000,27000,27000,27000,27000,27000,27000,27000
GET,/api/shipping/calc/3361060,1,1,79515.75398199998,79515.75398199998,79515.75398199998,79515.75398199998,192.0,0.0002758456848840466,0.0002758456848840466,80000,80000,80000,80000,80000,80000,80000,80000,80000,80000,80000
GET,/api/shipping/calc/3361108,1,1,105454.75982199992,105454.75982199992,105454.75982199992,105454.75982199992,0.0,0.0002758456848840466,0.0002758456848840466,105000,105000,105000,105000,105000,105000,105000,105000,105000,105000,105000
GET,/api/shipping/calc/3362513,1,0,82984.47887400017,82984.47887400017,82984.47887400017,82984.47887400017,31.0,0.0002758456848840466,0.0,83000,83000,83000,83000,83000,83000,83000,83000,83000,83000,83000
GET,/api/shipping/calc/3363623,1,0,151066.4713389997,151066.4713389997,151066.4713389997,151066.4713389997,31.0,0.0002758456848840466,0.0,151000,151000,151000,151000,151000,151000,151000,151000,151000,151000,151000
GET,/api/shipping/calc/3364910,1,0,41615.85936699998,41615.85936699998,41615.85936699998,41615.85936699998,31.0,0.0002758456848840466,0.0,42000,42000,42000,42000,42000,42000,42000,42000,42000,42000,42000
GET,/api/shipping/calc/3368323,1,0,46012.16145000012,46012.16145000012,46012.16145000012,46012.16145000012,32.0,0.0002758456848840466,0.0,46000,46000,46000,46000,46000,46000,46000,46000,46000,46000,46000
GET,/api/shipping/calc/3368971,1,1,97770.19272999997,97770.19272999997,97770.19272999997,97770.19272999997,192.0,0.0002758456848840466,0.0002758456848840466,98000,98000,98000,98000,98000,98000,98000,98000,98000,98000,98000
GET,/api/shipping/calc/3396191,1,0,58467.53328300019,58467.53328300019,58467.53328300019,58467.53328300019,30.0,0.0002758456848840466,0.0,58000,58000,58000,58000,58000,58000,58000,58000,58000,58000,58000
GET,/api/shipping/calc/3396354,1,1,96020.34770600006,96020.34770600006,96020.34770600006,96020.34770600006,192.0,0.0002758456848840466,0.0002758456848840466,96000,96000,96000,96000,96000,96000,96000,96000,96000,96000,96000
GET,/api/shipping/calc/3396703,1,0,140800.10745700018,140800.10745700018,140800.10745700018,140800.10745700018,30.0,0.0002758456848840466,0.0,141000,141000,141000,141000,141000,141000,141000,141000,141000,141000,141000
GET,/api/shipping/calc/3397024,1,1,83650.43429999998,83650.43429999998,83650.43429999998,83650.43429999998,192.0,0.0002758456848840466,0.0002758456848840466,84000,84000,84000,84000,84000,84000,84000,84000,84000,84000,84000
GET,/api/shipping/calc/3397165,1,0,54696.81211900024,54696.81211900024,54696.81211900024,54696.81211900024,31.0,0.0002758456848840466,0.0,55000,55000,55000,55000,55000,55000,55000,55000,55000,55000,55000
GET,/api/shipping/calc/3397271,1,0,22638.062424000054,22638.062424000054,22638.062424000054,22638.062424000054,31.0,0.0002758456848840466,0.0,23000,23000,23000,23000,23000,23000,23000,23000,23000,23000,23000
GET,/api/shipping/calc/3397782,1,0,24071.398614000373,24071.398614000373,24071.398614000373,24071.398614000373,31.0,0.0002758456848840466,0.0,24000,24000,24000,24000,24000,24000,24000,24000,24000,24000,24000
GET,/api/shipping/calc/3398704,1,0,56110.381641,56110.381641,56110.381641,56110.381641,31.0,0.0002758456848840466,0.0,56000,56000,56000,56000,56000,56000,56000,56000,56000,56000,56000
GET,/api/shipping/calc/3398787,1,0,42086.78962999966,42086.78962999966,42086.78962999966,42086.78962999966,30.0,0.0002758456848840466,0.0,42000,42000,42000,42000,42000,42000,42000,42000,42000,42000,42000
GET,/api/shipping/calc/3398894,1,0,140832.14362900026,140832.14362900026,140832.14362900026,140832.14362900026,31.0,0.0002758456848840466,0.0,141000,141000,141000,141000,141000,141000,141000,141000,141000,141000,141000
GET,/api/shipping/calc/3398929,1,0,26947.106987000097,26947.106987000097,26947.106987000097,26947.106987000097,31.0,0.0002758456848840466,0.0,27000,27000,27000,27000,27000,27000,27000,27000,27000,27000,27000
GET,/api/shipping/calc/3399155,1,0,51902.81120400004,51902.81120400004,51902.81120400004,51902.81120400004,30.0,0.0002758456848840466,0.0,52000,52000,52000,52000,52000,52000,52000,52000,52000,52000,52000
GET,/api/shipping/calc/3399170,1,0,50825.73582200029,50825.73582200029,50825.73582200029,50825.73582200029,31.0,0.0002758456848840466,0.0,51000,51000,51000,51000,51000,51000,51000,51000,51000,51000,51000
GET,/api/shipping/calc/3399427,1,0,66679.6787180001,66679.6787180001,66679.6787180001,66679.6787180001,31.0,0.0002758456848840466,0.0,67000,67000,67000,67000,67000,67000,67000,67000,67000,67000,67000
GET,/api/shipping/calc/3400240,1,0,24250.950739000018,24250.950739000018,24250.950739000018,24250.950739000018,30.0,0.0002758456848840466,0.0,24000,24000,24000,24000,24000,24000,24000,24000,24000,24000,24000
GET,/api/shipping/calc/3400282,1,1,95165.534654,95165.534654,95165.534654,95165.534654,192.0,0.0002758456848840466,0.0002758456848840466,95000,95000,95000,95000,95000,95000,95000,95000,95000,95000,95000
GET,/api/shipping/calc/3400537,1,0,43223.21159000012,43223.21159000012,43223.21159000012,43223.21159000012,30.0,0.0002758456848840466,0.0,43000,43000,43000,43000,43000,43000,43000,43000,43000,43000,43000
GET,/api/shipping/calc/3436940,1,1,86211.35830900005,86211.35830900005,86211.35830900005,86211.35830900005,192.0,0.0002758456848840466,0.0002758456848840466,86000,86000,86000,86000,86000,86000,86000,86000,86000,86000,86000
GET,/api/shipping/calc/3437050,1,0,67094.71901999996,67094.71901999996,67094.71901999996,67094.71901999996,29.0,0.0002758456848840466,0.0,67000,67000,67000,67000,67000,67000,67000,67000,67000,67000,67000
GET,/api/shipping/calc/3437056,1,0,49379.970984000014,49379.970984000014,49379.970984000014,49379.970984000014,28.0,0.0002758456848840466,0.0,49000,49000,49000,49000,49000,49000,49000,49000,49000,49000,49000
GET,/api/shipping/calc/3437128,1,1,105117.44205800004,105117.44205800004,105117.44205800004,105117.44205800004,0.0,0.0002758456848840466,0.0002758456848840466,105000,105000,105000,105000,105000,105000,105000,105000,105000,105000,105000
GET,/api/shipping/calc/3437163,1,1,83983.69835600005,83983.69835600005,83983.69835600005,83983.69835600005,192.0,0.0002758456848840466,0.0002758456848840466,84000,84000,84000,84000,84000,84000,84000,84000,84000,84000,84000
GET,/api/shipping/calc/3437244,1,0,52286.58716500013,52286.58716500013,52286.58716500013,52286.58716500013,28.0,0.0002758456848840466,0.0,52000,52000,52000,52000,52000,52000,52000,52000,52000,52000,52000
GET,/api/shipping/calc/3437448,1,0,21483.809441999994,21483.809441999994,21483.809441999994,21483.809441999994,29.0,0.0002758456848840466,0.0,21000,21000,21000,21000,21000,21000,21000,21000,21000,21000,21000
GET,/api/shipping/calc/3438010,1,0,48828.07045900017,48828.07045900017,48828.07045900017,48828.07045900017,28.0,0.0002758456848840466,0.0,49000,49000,49000,49000,49000,49000,49000,49000,49000,49000,49000
GET,/api/shipping/calc/3438145,1,0,29316.91937400001,29316.91937400001,29316.91937400001,29316.91937400001,29.0,0.0002758456848840466,0.0,29000,29000,29000,29000,29000,29000,29000,29000,29000,29000,29000
GET,/api/shipping/calc/3438642,1,0,1398.943414000314,1398.943414000314,1398.943414000314,1398.943414000314,29.0,0.0002758456848840466,0.0,1400,1400,1400,1400,1400,1400,1400,1400,1400,1400,1400
GET,/api/shipping/calc/3438766,1,1,125608.50964100019,125608.50964100019,125608.50964100019,125608.50964100019,0.0,0.0002758456848840466,0.0002758456848840466,126000,126000,126000,126000,126000,126000,126000,126000,126000,126000,126000
GET,/api/shipping/calc/3438919,1,0,151559.63957799986,151559.63957799986,151559.63957799986,151559.63957799986,29.0,0.0002758456848840466,0.0,152000,152000,152000,152000,152000,152000,152000,152000,152000,152000,152000
GET,/api/shipping/calc/3439132,1,0,61182.76649099994,61182.76649099994,61182.76649099994,61182.76649099994,29.0,0.0002758456848840466,0.0,61000,61000,61000,61000,61000,61000,61000,61000,61000,61000,61000
GET,/api/shipping/calc/3439225,1,0,42541.47194699999,42541.47194699999,42541.47194699999,42541.47194699999,29.0,0.0002758456848840466,0.0,43000,43000,43000,43000,43000,43000,43000,43000,43000,43000,43000
GET,/api/shipping/calc/3439661,1,0,21313.697885000238,21313.697885000238,21313.697885000238,21313.697885000238,28.0,0.0002758456848840466,0.0,21000,21000,21000,21000,21000,21000,21000,21000,21000,21000,21000
GET,/api/shipping/calc/3439872,1,0,39745.07965699991,39745.07965699991,39745.07965699991,39745.07965699991,28.0,0.0002758456848840466,0.0,40000,40000,40000,40000,40000,40000,40000,40000,40000,40000,40000
GET,/api/shipping/calc/3751297,1,1,58453.54138799985,58453.54138799985,58453.54138799985,58453.54138799985,0.0,0.0002758456848840466,0.0002758456848840466,58000,58000,58000,58000,58000,58000,58000,58000,58000,58000,58000
GET,/api/shipping/calc/3755300,1,0,54183.274636000075,54183.274636000075,54183.274636000075,54183.274636000075,29.0,0.0002758456848840466,0.0,54000,54000,54000,54000,54000,54000,54000,54000,54000,54000,54000
GET,/api/shipping/calc/3755711,1,1,86280.774098,86280.774098,86280.774098,86280.774098,192.0,0.0002758456848840466,0.0002758456848840466,86000,86000,86000,86000,86000,86000,86000,86000,86000,86000,86000
GET,/api/shipping/calc/3756375,1,0,75311.54480799977,75311.54480799977,75311.54480799977,75311.54480799977,28.0,0.0002758456848840466,0.0,75000,75000,75000,75000,75000,75000,75000,75000,75000,75000,75000
GET,/api/shipping/calc/3758712,1,0,61456.822472000116,61456.822472000116,61456.822472000116,61456.822472000116,29.0,0.0002758456848840466,0.0,61000,61000,61000,61000,61000,61000,61000,61000,61000,61000,61000
GET,/api/shipping/calc/3759875,1,1,61716.536822000024,61716.536822000024,61716.536822000024,61716.536822000024,192.0,0.0002758456848840466,0.0002758456848840466,62000,62000,62000,62000,62000,62000,62000,62000,62000,62000,62000
GET,/api/shipping/calc/3760850,1,0,51445.62642200026,51445.62642200026,51445.62642200026,51445.62642200026,28.0,0.0002758456848840466,0.0,51000,51000,51000,51000,51000,51000,51000,51000,51000,51000,51000
GET,/api/shipping/calc/3768594,1,1,113534.72892699995,113534.72892699995,113534.72892699995,113534.72892699995,192.0,0.0002758456848840466,0.0002758456848840466,114000,114000,114000,114000,114000,114000,114000,114000,114000,114000,114000
GET,/api/shipping/calc/3768941,1,1,91869.20007900005,91869.20007900005,91869.20007900005,91869.20007900005,192.0,0.0002758456848840466,0.0002758456848840466,92000,92000,92000,92000,92000,92000,92000,92000,92000,92000,92000
GET,/api/shipping/calc/3768977,1,0,22582.18323600022,22582.18323600022,22582.18323600022,22582.18323600022,28.0,0.0002758456848840466,0.0,23000,23000,23000,23000,23000,23000,23000,23000,23000,23000,23000
GET,/api/shipping/calc/3769766,1,1,113824.04364899991,113824.04364899991,113824.04364899991,113824.04364899991,192.0,0.0002758456848840466,0.0002758456848840466,114000,114000,114000,114000,114000,114000,114000,114000,114000,114000,114000
GET,/api/shipping/calc/3770221,1,1,106004.934607,106004.934607,106004.934607,106004.934607,0.0,0.0002758456848840466,0.0002758456848840466,106000,106000,106000,106000,106000,106000,106000,106000,106000,106000,106000
GET,/api/shipping/calc/3770564,1,0,20507.0565850001,20507.0565850001,20507.0565850001,20507.0565850001,28.0,0.0002758456848840466,0.0,21000,21000,21000,21000,21000,21000,21000,21000,21000,21000,21000
GET,/api/shipping/calc/3773688,1,0,38074.52567899986,38074.52567899986,38074.52567899986,38074.52567899986,28.0,0.0002758456848840466,0.0,38000,38000,38000,38000,38000,38000,38000,38000,38000,38000,38000
GET,/api/shipping/calc/3774608,1,1,42468.80641899997,42468.80641899997,42468.80641899997,42468.80641899997,0.0,0.0002758456848840466,0.0002758456848840466,42000,42000,42000,42000,42000,42000,42000,42000,42000,42000,42000
GET,/api/shipping/calc/3776603,1,0,64948.50567000003,64948.50567000003,64948.50567000003,64948.50567000003,28.0,0.0002758456848840466,0.0,65000,65000,65000,65000,65000,65000,65000,65000,65000,65000,65000
GET,/api/shipping/calc/3784678,1,0,51236.57905200025,51236.57905200025,51236.57905200025,51236.57905200025,29.0,0.0002758456848840466,0.0,51000,51000,51000,51000,51000,51000,51000,51000,51000,51000,51000
GET,/api/shipping/calc/3796490,1,1,47839.07941899997,47839.07941899997,47839.07941899997,47839.07941899997,0.0,0.0002758456848840466,0.0002758456848840466,48000,48000,48000,48000,48000,48000,48000,48000,48000,48000,48000
GET,/api/shipping/calc/3796541,1,0,53846.87421399985,53846.87421399985,53846.87421399985,53846.87421399985,29.0,0.0002758456848840466,0.0,54000,54000,54000,54000,54000,54000,54000,54000,54000,54000,54000
GET,/api/shipping/calc/3798342,1,0,69971.03293300007,69971.03293300007,69971.03293300007,69971.03293300007,28.0,0.0002758456848840466,0.0,70000,70000,70000,70000,70000,70000,70000,70000,70000,70000,70000
GET,/api/shipping/calc/3831085,1,1,48249.68884900045,48249.68884900045,48249.68884900045,48249.68884900045,0.0,0.0002758456848840466,0.0002758456848840466,48000,48000,48000,48000,48000,48000,48000,48000,48000,48000,48000
GET,/api/shipping/calc/3832634,1,0,42617.91351200009,42617.91351200009,42617.91351200009,42617.91351200009,28.0,0.0002758456848840466,0.0,43000,43000,43000,43000,43000,43000,43000,43000,43000,43000,43000
GET,/api/shipping/calc/3839356,1,0,119726.47083800007,119726.47083800007,119726.47083800007,119726.47083800007,28.0,0.0002758456848840466,0.0,120000,120000,120000,120000,120000,120000,120000,120000,120000,120000,120000
GET,/api/shipping/calc/3843117,1,0,27061.238594000315,27061.238594000315,27061.238594000315,27061.238594000315,28.0,0.0002758456848840466,0.0,27000,27000,27000,27000,27000,27000,27000,27000,27000,27000,27000
GET,/api/shipping/calc/3843428,1,0,26333.49374499994,26333.49374499994,26333.49374499994,26333.49374499994,28.0,0.0002758456848840466,0.0,26000,26000,26000,26000,26000,26000,26000,26000,26000,26000,26000
GET,/api/shipping/calc/3843743,1,1,102426.17179000001,102426.17179000001,102426.17179000001,102426.17179000001,192.0,0.0002758456848840466,0.0002758456848840466,102000,102000,102000,102000,102000,102000,102000,102000,102000,102000,102000
GET,/api/shipping/calc/3844141,1,0,63835.88363800027,63835.88363800027,63835.88363800027,63835.88363800027,28.0,0.0002758456848840466,0.0,64000,64000,64000,64000,64000,64000,64000,64000,64000,64000,64000
GET,/api/shipping/calc/3844858,1,0,21316.629507000016,21316.629507000016,21316.629507000016,21316.629507000016,28.0,0.0002758456848840466,0.0,21000,21000,21000,21000,21000,21000,21000,21000,21000,21000,21000
GET,/api/shipping/calc/3845752,1,1,104062.00523399991,104062.00523399991,104062.00523399991,104062.00523399991,192.0,0.0002758456848840466,0.0002758456848840466,104000,104000,104000,104000,104000,104000,104000,104000,104000,104000,104000
GET,/api/shipping/calc/3846885,1,0,42898.4220770003,42898.4220770003,42898.4220770003,42898.4220770003,28.0,0.0002758456848840466,0.0,43000,43000,43000,43000,43000,43000,43000,43000,43000,43000,43000
GET,/api/shipping/calc/3847364,1,0,137288.10371500003,137288.10371500003,137288.10371500003,137288.10371500003,28.0,0.0002758456848840466,0.0,137000,137000,137000,137000,137000,137000,137000,137000,137000,137000,137000
GET,/api/shipping/calc/3847400,1,0,72668.93737300007,72668.93737300007,72668.93737300007,72668.93737300007,28.0,0.0002758456848840466,0.0,73000,73000,73000,73000,73000,73000,73000,73000,73000,73000,73000
GET,/api/shipping/calc/3848550,1,0,48753.325518000114,48753.325518000114,48753.325518000114,48753.325518000114,28.0,0.0002758456848840466,0.0,49000,49000,49000,49000,49000,49000,49000,49000,49000,49000,49000
GET,/api/shipping/calc/3848774,1,1,125540.9927820001,125540.9927820001,125540.9927820001,125540.9927820001,0.0,0.0002758456848840466,0.0002758456848840466,126000,126000,126000,126000,126000,126000,126000,126000,126000,126000,126000
GET,/api/shipping/calc/3848938,1,1,105066.58003100028,105066.58003100028,105066.58003100028,105066.58003100028,0.0,0.0002758456848840466,0.0002758456848840466,105000,105000,105000,105000,105000,105000,105000,105000,105000,105000,105000
GET,/api/shipping/calc/3850897,1,1,105104.19719499987,105104.19719499987,105104.19719499987,105104.19719499987,0.0,0.0002758456848840466,0.0002758456848840466,105000,105000,105000,105000,105000,105000,105000,105000,105000,105000,105000
GET,/api/shipping/calc/3851024,1,0,51929.45449299987,51929.45449299987,51929.45449299987,51929.45449299987,28.0,0.0002758456848840466,0.0,52000,52000,52000,52000,52000,52000,52000,52000,52000,52000,52000
GET,/api/shipping/calc/3905104,1,0,84028.57039300034,84028.57039300034,84028.57039300034,84028.57039300034,30.0,0.0002758456848840466,0.0,84000,84000,84000,84000,84000,84000,84000,84000,84000,84000,84000
GET,/api/shipping/calc/3908518,1,0,43547.17524700027,43547.17524700027,43547.17524700027,43547.17524700027,30.0,0.0002758456848840466,0.0,44000,44000,44000,44000,44000,44000,44000,44000,44000,44000,44000
GET,/api/shipping/calc/3908771,1,0,37651.60533400001,37651.60533400001,37651.60533400001,37651.60533400001,29.0,0.0002758456848840466,0.0,38000,38000,38000,38000,38000,38000,38000,38000,38000,38000,38000
GET,/api/shipping/calc/3909062,1,0,47754.989159000164,47754.989159000164,47754.989159000164,47754.989159000164,29.0,0.0002758456848840466,0.0,48000,48000,48000,48000,48000,48000,48000,48000,48000,48000,48000
GET,/api/shipping/calc/3912280,1,0,100036.85620999977,100036.85620999977,100036.85620999977,100036.85620999977,29.0,0.0002758456848840466,0.0,100000,100000,100000,100000,100000,100000,100000,100000,100000,100000,100000
GET,/api/shipping/calc/3916619,1,0,35619.88273299994,35619.88273299994,35619.88273299994,35619.88273299994,30.0,0.0002758456848840466,0.0,36000,36000,36000,36000,36000,36000,36000,36000,36000,36000,36000
GET,/api/shipping/calc/3919347,1,1,104617.784518,104617.784518,104617.784518,104617.784518,494.0,0.0002758456848840466,0.0002758456848840466,105000,105000,105000,105000,105000,105000,105000,105000,105000,105000,105000
GET,/api/shipping/calc/3920310,1,0,47025.6257609999,47025.6257609999,47025.6257609999,47025.6257609999,30.0,0.0002758456848840466,0.0,47000,47000,47000,47000,47000,47000,47000,47000,47000,47000,47000
GET,/api/shipping/calc/3921720,1,0,21828.72230499993,21828.72230499993,21828.72230499993,21828.72230499993,29.0,0.0002758456848840466,0.0,22000,22000,22000,22000,22000,22000,22000,22000,22000,22000,22000
GET,/api/shipping/calc/3924122,1,0,19437.619326000004,19437.619326000004,19437.619326000004,19437.619326000004,29.0,0.0002758456848840466,0.0,19000,19000,19000,19000,19000,19000,19000,19000,19000,19000,19000
GET,/api/shipping/calc/3925555,1,0,28079.006717000084,28079.006717000084,28079.006717000084,28079.006717000084,30.0,0.0002758456848840466,0.0,28000,28000,28000,28000,28000,28000,28000,28000,28000,28000,28000
GET,/api/shipping/calc/3927915,1,0,50642.202730000005,50642.202730000005,50642.202730000005,50642.202730000005,31.0,0.0002758456848840466,0.0,51000,51000,51000,51000,51000,51000,51000,51000,51000,51000,51000
GET,/api/shipping/calc/3928166,1,1,99853.13561800012,99853.13561800012,99853.13561800012,99853.13561800012,494.0,0.0002758456848840466,0.0002758456848840466,100000,100000,100000,100000,100000,100000,100000,100000,100000,100000,100000
GET,/api/shipping/calc/3929165,1,0,47903.03291200007,47903.03291200007,47903.03291200007,47903.03291200007,29.0,0.0002758456848840466,0.0,48000,48000,48000,48000,48000,48000,48000,48000,48000,48000,48000
GET,/api/shipping/calc/3932109,1,0,48521.19439100033,48521.19439100033,48521.19439100033,48521.19439100033,30.0,0.0002758456848840466,0.0,49000,49000,49000,49000,49000,49000,49000,49000,49000,49000,49000
GET,/api/shipping/calc/3933895,1,0,88158.87490800014,88158.87490800014,88158.87490800014,88158.87490800014,30.0,0.0002758456848840466,0.0,88000,88000,88000,88000,88000,88000,88000,88000,88000,88000,88000
GET,/api/shipping/calc/3934729,1,1,103158.12497800005,103158.12497800005,103158.12497800005,103158.12497800005,192.0,0.0002758456848840466,0.0002758456848840466,103000,103000,103000,103000,103000,103000,103000,103000,103000,103000,103000
GET,/api/shipping/calc/3949946,1,0,1740439.2621,1740439.2621,1740439.2621,1740439.2621,29.0,0.0002758456848840466,0.0,1740000,1740000,1740000,1740000,1740000,1740000,1740000,1740000,1740000,1740000,1740000
GET,/api/shipping/calc/3950078,1,0,27110.778461000336,27110.778461000336,27110.778461000336,27110.778461000336,29.0,0.0002758456848840466,0.0,27000,27000,27000,27000,27000,27000,27000,27000,27000,27000,27000
GET,/api/shipping/calc/3950227,1,0,23358.99961899986,23358.99961899986,23358.99961899986,23358.99961899986,29.0,0.0002758456848840466,0.0,23000,23000,23000,23000,23000,23000,23000,23000,23000,23000,23000
GET,/api/shipping/calc/3950986,1,1,125630.4968520003,125630.4968520003,125630.4968520003,125630.4968520003,0.0,0.0002758456848840466,0.0002758456848840466,126000,126000,126000,126000,126000,126000,126000,126000,126000,126000,126000
GET,/api/shipping/calc/3951318,1,0,22158.48445399979,22158.48445399979,22158.48445399979,22158.48445399979,31.0,0.0002758456848840466,0.0,22000,22000,22000,22000,22000,22000,22000,22000,22000,22000,22000
GET,/api/shipping/calc/3954246,1,0,49526.96304400024,49526.96304400024,49526.96304400024,49526.96304400024,30.0,0.0002758456848840466,0.0,50000,50000,50000,50000,50000,50000,50000,50000,50000,50000,50000
GET,/api/shipping/calc/3954465,1,0,52266.110828999896,52266.110828999896,52266.110828999896,52266.110828999896,30.0,0.0002758456848840466,0.0,52000,52000,52000,52000,52000,52000,52000,52000,52000,52000,52000
GET,/api/shipping/calc/3954707,1,0,88490.61381799993,88490.61381799993,88490.61381799993,88490.61381799993,30.0,0.0002758456848840466,0.0,88000,88000,88000,88000,88000,88000,88000,88000,88000,88000,88000
GET,/api/shipping/calc/3955094,1,0,43682.89126199989,43682.89126199989,43682.89126199989,43682.89126199989,30.0,0.0002758456848840466,0.0,44000,44000,44000,44000,44000,44000,44000,44000,44000,44000,44000
GET,/api/shipping/calc/3956834,1,1,92572.96088399994,92572.96088399994,92572.96088399994,92572.96088399994,192.0,0.0002758456848840466,0.0002758456848840466,93000,93000,93000,93000,93000,93000,93000,93000,93000,93000,93000
GET,/api/shipping/calc/3957699,1,1,113746.50561499993,113746.50561499993,113746.50561499993,113746.50561499993,192.0,0.0002758456848840466,0.0002758456848840466,114000,114000,114000,114000,114000,114000,114000,114000,114000,114000,114000
GET,/api/shipping/calc/3959310,1,0,81054.40686000003,81054.40686000003,81054.40686000003,81054.40686000003,30.0,0.0002758456848840466,0.0,81000,81000,81000,81000,81000,81000,81000,81000,81000,81000,81000
GET,/api/shipping/calc/3959405,1,0,72718.75756200007,72718.75756200007,72718.75756200007,72718.75756200007,30.0,0.0002758456848840466,0.0,73000,73000,73000,73000,73000,73000,73000,73000,73000,73000,73000
GET,/api/shipping/calc/3968467,1,0,45501.15004000008,45501.15004000008,45501.15004000008,45501.15004000008,28.0,0.0002758456848840466,0.0,46000,46000,46000,46000,46000,46000,46000,46000,46000,46000,46000
GET,/api/shipping/calc/3972128,1,0,23664.210683999954,23664.210683999954,23664.210683999954,23664.210683999954,29.0,0.0002758456848840466,0.0,24000,24000,24000,24000,24000,24000,24000,24000,24000,24000,24000
GET,/api/shipping/calc/3975747,1,0,89587.99200700014,89587.99200700014,89587.99200700014,89587.99200700014,28.0,0.0002758456848840466,0.0,90000,90000,90000,90000,90000,90000,90000,90000,90000,90000,90000
GET,/api/shipping/calc/3982807,1,0,46906.635986000314,46906.635986000314,46906.635986000314,46906.635986000314,29.0,0.0002758456848840466,0.0,47000,47000,47000,47000,47000,47000,47000,47000,47000,47000,47000
GET,/api/shipping/calc/3988411,1,0,44451.69510100004,44451.69510100004,44451.69510100004,44451.69510100004,28.0,0.0002758456848840466,0.0,44000,44000,44000,44000,44000,44000,44000,44000,44000,44000,44000
GET,/api/shipping/calc/3990064,1,0,64562.262436999845,64562.262436999845,64562.262436999845,64562.262436999845,29.0,0.0002758456848840466,0.0,65000,65000,65000,65000,65000,65000,65000,65000,65000,65000,65000
GET,/api/shipping/calc/3993638,1,1,84357.89726100006,84357.89726100006,84357.89726100006,84357.89726100006,192.0,0.0002758456848840466,0.0002758456848840466,84000,84000,84000,84000,84000,84000,84000,84000,84000,84000,84000
GET,/api/shipping/calc/3993818,1,0,57388.02234299999,57388.02234299999,57388.02234299999,57388.02234299999,29.0,0.0002758456848840466,0.0,57000,57000,57000,57000,57000,57000,57000,57000,57000,57000,57000
GET,/api/shipping/calc/4001050,1,0,59564.20607900008,59564.20607900008,59564.20607900008,59564.20607900008,28.0,0.0002758456848840466,0.0,60000,60000,60000,60000,60000,60000,60000,60000,60000,60000,60000
GET,/api/shipping/calc/4016098,1,0,18915.96709999976,18915.96709999976,18915.96709999976,18915.96709999976,28.0,0.0002758456848840466,0.0,19000,19000,19000,19000,19000,19000,19000,19000,19000,19000,19000
GET,/api/shipping/calc/4017007,1,0,45159.36112000009,45159.36112000009,45159.36112000009,45159.36112000009,28.0,0.0002758456848840466,0.0,45000,45000,45000,45000,45000,45000,45000,45000,45000,45000,45000
GET,/api/shipping/calc/4020263,1,1,99229.27335099997,99229.27335099997,99229.27335099997,99229.27335099997,192.0,0.0002758456848840466,0.0002758456848840466,99000,99000,99000,99000,99000,99000,99000,99000,99000,99000,99000
GET,/api/shipping/calc/4023713,1,0,51196.19028299985,51196.19028299985,51196.19028299985,51196.19028299985,28.0,0.0002758456848840466,0.0,51000,51000,51000,51000,51000,51000,51000,51000,51000,51000,51000
GET,/api/shipping/calc/4028299,1,0,65065.44697700019,65065.44697700019,65065.44697700019,65065.44697700019,28.0,0.0002758456848840466,0.0,65000,65000,65000,65000,65000,65000,65000,65000,65000,65000,65000
GET,/api/shipping/calc/4029909,1,0,41278.409646,41278.409646,41278.409646,41278.409646,28.0,0.0002758456848840466,0.0,41000,41000,41000,41000,41000,41000,41000,41000,41000,41000,41000
GET,/api/shipping/calc/4030007,1,0,54095.838336999805,54095.838336999805,54095.838336999805,54095.838336999805,29.0,0.0002758456848840466,0.0,54000,54000,54000,54000,54000,54000,54000,54000,54000,54000,54000
GET,/api/shipping/calc/4030952,1,1,91054.50013799997,91054.50013799997,91054.50013799997,91054.50013799997,192.0,0.0002758456848840466,0.0002758456848840466,91000,91000,91000,91000,91000,91000,91000,91000,91000,91000,91000
GET,/api/shipping/calc/4036476,1,0,39412.63515999981,39412.63515999981,39412.63515999981,39412.63515999981,28.0,0.0002758456848840466,0.0,39000,39000,39000,39000,39000,39000,39000,39000,39000,39000,39000
GET,/api/shipping/calc/4037184,1,0,1248.7906199999088,1248.7906199999088,1248.7906199999088,1248.7906199999088,29.0,0.0002758456848840466,0.0,1200,1200,1200,1200,1200,1200,1200,1200,1200,1200,1200
GET,/api/shipping/calc/4040309,1,0,45562.572510999875,45562.572510999875,45562.572510999875,45562.572510999875,28.0,0.0002758456848840466,0.0,46000,46000,46000,46000,46000,46000,46000,46000,46000,46000,46000
GET,/api/shipping/calc/4040778,1,0,28638.012520000302,28638.012520000302,28638.012520000302,28638.012520000302,30.0,0.0002758456848840466,0.0,29000,29000,29000,29000,29000,29000,29000,29000,29000,29000,29000
GET,/api/shipping/calc/4043893,1,0,6573.4542300000385,6573.4542300000385,6573.4542300000385,6573.4542300000385,29.0,0.0002758456848840466,0.0,6600,6600,6600,6600,6600,6600,6600,6600,6600,6600,6600
GET,/api/shipping/calc/4051179,1,0,1611385.541619,1611385.541619,1611385.541619,1611385.541619,28.0,0.0002758456848840466,0.0,1611000,1611000,1611000,1611000,1611000,1611000,1611000,1611000,1611000,1611000,1611000
GET,/api/shipping/calc/4051534,1,1,95910.78425400007,95910.78425400007,95910.78425400007,95910.78425400007,192.0,0.0002758456848840466,0.0002758456848840466,96000,96000,96000,96000,96000,96000,96000,96000,96000,96000,96000
GET,/api/shipping/calc/4051921,1,0,106167.83477800005,106167.83477800005,106167.83477800005,106167.83477800005,29.0,0.0002758456848840466,0.0,106000,106000,106000,106000,106000,106000,106000,106000,106000,106000,106000
GET,/api/shipping/calc/4164425,1,0,66333.37466400008,66333.37466400008,66333.37466400008,66333.37466400008,29.0,0.0002758456848840466,0.0,66000,66000,66000,66000,66000,66000,66000,66000,66000,66000,66000
GET,/api/shipping/calc/4164643,1,0,1687278.59976,1687278.59976,1687278.59976,1687278.59976,30.0,0.0002758456848840466,0.0,1687000,1687000,1687000,1687000,1687000,1687000,1687000,1687000,1687000,1687000,1687000
GET,/api/shipping/calc/4165088,1,0,26287.311815999943,26287.311815999943,26287.311815999943,26287.311815999943,29.0,0.0002758456848840466,0.0,26000,26000,26000,26000,26000,26000,26000,26000,26000,26000,26000
GET,/api/shipping/calc/4167479,1,0,22755.56072499967,22755.56072499967,22755.56072499967,22755.56072499967,30.0,0.0002758456848840466,0.0,23000,23000,23000,23000,23000,23000,23000,23000,23000,23000,23000
GET,/api/shipping/calc/4168107,1,1,81764.50451799997,81764.50451799997,81764.50451799997,81764.50451799997,192.0,0.0002758456848840466,0.0002758456848840466,82000,82000,82000,82000,82000,82000,82000,82000,82000,82000,82000
GET,/api/shipping/calc/4169538,1,0,56829.97411799988,56829.97411799988,56829.97411799988,56829.97411799988,30.0,0.0002758456848840466,0.0,57000,57000,57000,57000,57000,57000,57000,57000,57000,57000,57000
GET,/api/shipping/calc/4171370,1,0,51024.12382900002,51024.12382900002,51024.12382900002,51024.12382900002,29.0,0.0002758456848840466,0.0,51000,51000,51000,51000,51000,51000,51000,51000,51000,51000,51000
GET,/api/shipping/calc/4173638,1,0,87294.78587299991,87294.78587299991,87294.78587299991,87294.78587299991,30.0,0.0002758456848840466,0.0,87000,87000,87000,87000,87000,87000,87000,87000,87000,87000,87000
GET,/api/shipping/calc/4174800,1,0,51986.28854399976,51986.28854399976,51986.28854399976,51986.28854399976,30.0,0.0002758456848840466,0.0,52000,52000,52000,52000,52000,52000,52000,52000,52000,52000,52000
GET,/api/shipping/calc/4176084,1,0,21221.591442999852,21221.591442999852,21221.591442999852,21221.591442999852,30.0,0.0002758456848840466,0.0,21000,21000,21000,21000,21000,21000,21000,21000,21000,21000,21000
GET,/api/shipping/calc/4176737,1,0,75028.35780800023,75028.35780800023,75028.35780800023,75028.35780800023,29.0,0.0002758456848840466,0.0,75000,75000,75000,75000,75000,75000,75000,75000,75000,75000,75000
GET,/api/shipping/calc/4177471,1,0,31426.84090800003,31426.84090800003,31426.84090800003,31426.84090800003,29.0,0.0002758456848840466,0.0,31000,31000,31000,31000,31000,31000,31000,31000,31000,31000,31000
GET,/api/shipping/calc/4178429,1,0,827.3403880002661,827.3403880002661,827.3403880002661,827.3403880002661,30.0,0.0002758456848840466,0.0,830,830,830,830,830,830,830,830,830,830,830
GET,/api/shipping/calc/4178472,1,1,67446.795302,67446.795302,67446.795302,67446.795302,192.0,0.0002758456848840466,0.0002758456848840466,67000,67000,67000,67000,67000,67000,67000,67000,67000,67000,67000
GET,/api/shipping/calc/4181291,1,1,39577.85643899979,39577.85643899979,39577.85643899979,39577.85643899979,0.0,0.0002758456848840466,0.0002758456848840466,40000,40000,40000,40000,40000,40000,40000,40000,40000,40000,40000
GET,/api/shipping/calc/4374162,1,0,54436.992985999954,54436.992985999954,54436.992985999954,54436.992985999954,31.0,0.0002758456848840466,0.0,54000,54000,54000,54000,54000,54000,54000,54000,54000,54000,54000
GET,/api/shipping/calc/4382943,1,1,102191.84586699998,102191.84586699998,102191.84586699998,102191.84586699998,192.0,0.0002758456848840466,0.0002758456848840466,102000,102000,102000,102000,102000,102000,102000,102000,102000,102000,102000
GET,/api/shipping/calc/4390056,1,1,53850.01566400024,53850.01566400024,53850.01566400024,53850.01566400024,0.0,0.0002758456848840466,0.0002758456848840466,54000,54000,54000,54000,54000,54000,54000,54000,54000,54000,54000
GET,/api/shipping/calc/4394885,1,0,27590.404971000225,27590.404971000225,27590.404971000225,27590.404971000225,31.0,0.0002758456848840466,0.0,28000,28000,28000,28000,28000,28000,28000,28000,28000,28000,28000
GET,/api/shipping/calc/4395976,1,0,45872.89731100009,45872.89731100009,45872.89731100009,45872.89731100009,30.0,0.0002758456848840466,0.0,46000,46000,46000,46000,46000,46000,46000,46000,46000,46000,46000
GET,/api/shipping/calc/4398191,1,1,81496.27642099994,81496.27642099994,81496.27642099994,81496.27642099994,192.0,0.0002758456848840466,0.0002758456848840466,81000,81000,81000,81000,81000,81000,81000,81000,81000,81000,81000
GET,/api/shipping/calc/4399012,1,0,141022.36504699977,141022.36504699977,141022.36504699977,141022.36504699977,30.0,0.0002758456848840466,0.0,141000,141000,141000,141000,141000,141000,141000,141000,141000,141000,141000
GET,/api/shipping/calc/4407995,1,1,89189.3283479999,89189.3283479999,89189.3283479999,89189.3283479999,192.0,0.0002758456848840466,0.0002758456848840466,89000,89000,89000,89000,89000,89000,89000,89000,89000,89000,89000
GET,/api/shipping/calc/4553193,1,0,53940.64464599978,53940.64464599978,53940.64464599978,53940.64464599978,29.0,0.0002758456848840466,0.0,54000,54000,54000,54000,54000,54000,54000,54000,54000,54000,54000
GET,/api/shipping/calc/4560092,1,1,85979.48545999998,85979.48545999998,85979.48545999998,85979.48545999998,192.0,0.0002758456848840466,0.0002758456848840466,86000,86000,86000,86000,86000,86000,86000,86000,86000,86000,86000
GET,/api/shipping/calc/4560872,1,0,70406.31536399997,70406.31536399997,70406.31536399997,70406.31536399997,29.0,0.0002758456848840466,0.0,70000,70000,70000,70000,70000,70000,70000,70000,70000,70000,70000
GET,/api/shipping/calc/4561146,1,0,20024.668193999787,20024.668193999787,20024.668193999787,20024.668193999787,29.0,0.0002758456848840466,0.0,20000,20000,20000,20000,20000,20000,20000,20000,20000,20000,20000
GET,/api/shipping/calc/4563635,1,1,92090.48583999992,92090.48583999992,92090.48583999992,92090.48583999992,192.0,0.0002758456848840466,0.0002758456848840466,92000,92000,92000,92000,92000,92000,92000,92000,92000,92000,92000
GET,/api/shipping/calc/4572347,1,1,92654.039839,92654.039839,92654.039839,92654.039839,192.0,0.0002758456848840466,0.0002758456848840466,93000,93000,93000,93000,93000,93000,93000,93000,93000,93000,93000
GET,/api/shipping/calc/4578714,1,0,71944.85104399997,71944.85104399997,71944.85104399997,71944.85104399997,30.0,0.0002758456848840466,0.0,72000,72000,72000,72000,72000,72000,72000,72000,72000,72000,72000
GET,/api/shipping/calc/4579123,1,0,37736.12127099978,37736.12127099978,37736.12127099978,37736.12127099978,30.0,0.0002758456848840466,0.0,38000,38000,38000,38000,38000,38000,38000,38000,38000,38000,38000
GET,/api/shipping/calc/4579249,1,0,1564746.945509,1564746.945509,1564746.945509,1564746.945509,31.0,0.0002758456848840466,0.0,1565000,1565000,1565000,1565000,1565000,1565000,1565000,1565000,1565000,1565000,1565000
GET,/api/shipping/calc/4580199,1,0,23702.021663999858,23702.021663999858,23702.021663999858,23702.021663999858,31.0,0.0002758456848840466,0.0,24000,24000,24000,24000,24000,24000,24000,24000,24000,24000,24000
GET,/api/shipping/calc/4580368,1,0,88068.48330100001,88068.48330100001,88068.48330100001,88068.48330100001,31.0,0.0002758456848840466,0.0,88000,88000,88000,88000,88000,88000,88000,88000,88000,88000,88000
GET,/api/shipping/calc/4581710,1,0,48319.09982200022,48319.09982200022,48319.09982200022,48319.09982200022,31.0,0.0002758456848840466,0.0,48000,48000,48000,48000,48000,48000,48000,48000,48000,48000,48000
GET,/api/shipping/calc/4582807,1,0,42518.472252999796,42518.472252999796,42518.472252999796,42518.472252999796,30.0,0.0002758456848840466,0.0,43000,43000,43000,43000,43000,43000,43000,43000,43000,43000,43000
GET,/api/shipping/calc/4583289,1,1,95811.83653300002,95811.83653300002,95811.83653300002,95811.83653300002,192.0,0.0002758456848840466,0.0002758456848840466,96000,96000,96000,96000,96000,96000,96000,96000,96000,96000,96000
GET,/api/shipping/calc/4585822,1,0,46496.41221599995,46496.41221599995,46496.41221599995,46496.41221599995,31.0,0.0002758456848840466,0.0,46000,46000,46000,46000,46000,46000,46000,46000,46000,46000,46000
GET,/api/shipping/calc/4586095,1,1,44760.25644999981,44760.25644999981,44760.25644999981,44760.25644999981,0.0,0.0002758456848840466,0.0002758456848840466,45000,45000,45000,45000,45000,45000,45000,45000,45000,45000,45000
GET,/api/shipping/calc/4586378,1,0,1601912.9657790004,1601912.9657790004,1601912.9657790004,1601912.9657790004,30.0,0.0002758456848840466,0.0,1602000,1602000,1602000,1602000,1602000,1602000,1602000,1602000,1602000,1602000,1602000
GET,/api/shipping/calc/4588337,1,0,152309.3779339997,152309.3779339997,152309.3779339997,152309.3779339997,31.0,0.0002758456848840466,0.0,152000,152000,152000,152000,152000,152000,152000,152000,152000,152000,152000
GET,/api/shipping/calc/4588534,1,0,37065.5488110001,37065.5488110001,37065.5488110001,37065.5488110001,31.0,0.0002758456848840466,0.0,37000,37000,37000,37000,37000,37000,37000,37000,37000,37000,37000
GET,/api/shipping/calc/4589421,1,0,51338.272197999686,51338.272197999686,51338.272197999686,51338.272197999686,31.0,0.0002758456848840466,0.0,51000,51000,51000,51000,51000,51000,51000,51000,51000,51000,51000
GET,/api/shipping/calc/4590387,1,0,52508.46707899973,52508.46707899973,52508.46707899973,52508.46707899973,31.0,0.0002758456848840466,0.0,53000,53000,53000,53000,53000,53000,53000,53000,53000,53000,53000
GET,/api/shipping/calc/4591930,1,0,45663.516698999956,45663.516698999956,45663.516698999956,45663.516698999956,31.0,0.0002758456848840466,0.0,46000,46000,46000,46000,46000,46000,46000,46000,46000,46000,46000
GET,/api/shipping/calc/4592696,1,0,52151.92318500021,52151.92318500021,52151.92318500021,52151.92318500021,31.0,0.0002758456848840466,0.0,52000,52000,52000,52000,52000,52000,52000,52000,52000,52000,52000
GET,/api/shipping/calc/4594460,1,0,19902.313618999982,19902.313618999982,19902.313618999982,19902.313618999982,31.0,0.0002758456848840466,0.0,20000,20000,20000,20000,20000,20000,20000,20000,20000,20000,20000
GET,/api/shipping/calc/4595073,1,0,49284.91157500002,49284.91157500002,49284.91157500002,49284.91157500002,31.0,0.0002758456848840466,0.0,49000,49000,49000,49000,49000,49000,49000,49000,49000,49000,49000
GET,/api/shipping/calc/4595093,1,0,42878.14720100004,42878.14720100004,42878.14720100004,42878.14720100004,30.0,0.0002758456848840466,0.0,43000,43000,43000,43000,43000,43000,43000,43000,43000,43000,43000
GET,/api/shipping/calc/4595588,1,1,38342.61503499965,38342.61503499965,38342.61503499965,38342.61503499965,182.0,0.0002758456848840466,0.0002758456848840466,38000,38000,38000,38000,38000,38000,38000,38000,38000,38000,38000
GET,/api/shipping/calc/5077393,1,0,24130.915131000165,24130.915131000165,24130.915131000165,24130.915131000165,27.0,0.0002758456848840466,0.0,24000,24000,24000,24000,24000,24000,24000,24000,24000,24000,24000
GET,/api/shipping/calc/5077530,1,1,96082.20705899998,96082.20705899998,96082.20705899998,96082.20705899998,192.0,0.0002758456848840466,0.0002758456848840466,96000,96000,96000,96000,96000,96000,96000,96000,96000,96000,96000
GET,/api/shipping/calc/5077631,1,1,85928.01396599998,85928.01396599998,85928.01396599998,85928.01396599998,494.0,0.0002758456848840466,0.0002758456848840466,86000,86000,86000,86000,86000,86000,86000,86000,86000,86000,86000
GET,/api/shipping/calc/5079143,1,1,44700.21636999991,44700.21636999991,44700.21636999991,44700.21636999991,0.0,0.0002758456848840466,0.0002758456848840466,45000,45000,45000,45000,45000,45000,45000,45000,45000,45000,45000
GET,/api/shipping/calc/5079918,1,0,66402.52627800009,66402.52627800009,66402.52627800009,66402.52627800009,28.0,0.0002758456848840466,0.0,66000,66000,66000,66000,66000,66000,66000,66000,66000,66000,66000
GET,/api/shipping/calc/5080059,1,0,52085.552508000095,52085.552508000095,52085.552508000095,52085.552508000095,27.0,0.0002758456848840466,0.0,52000,52000,52000,52000,52000,52000,52000,52000,52000,52000,52000
GET,/api/shipping/calc/5080189,1,0,35679.5204619998,35679.5204619998,35679.5204619998,35679.5204619998,28.0,0.0002758456848840466,0.0,36000,36000,36000,36000,36000,36000,36000,36000,36000,36000,36000
GET,/api/shipping/calc/5081325,1,0,27322.63236100016,27322.63236100016,27322.63236100016,27322.63236100016,29.0,0.0002758456848840466,0.0,27000,27000,27000,27000,27000,27000,27000,27000,27000,27000,27000
GET,/api/shipping/calc/5081605,1,0,48740.26734800009,48740.26734800009,48740.26734800009,48740.26734800009,28.0,0.0002758456848840466,0.0,49000,49000,49000,49000,49000,49000,49000,49000,49000,49000,49000
GET,/api/shipping/calc/5081719,1,0,61820.399309000095,61820.399309000095,61820.399309000095,61820.399309000095,28.0,0.0002758456848840466,0.0,62000,62000,62000,62000,62000,62000,62000,62000,62000,62000,62000
GET,/api/shipping/calc/5081782,1,0,1680099.3491549997,1680099.3491549997,1680099.3491549997,1680099.3491549997,28.0,0.0002758456848840466,0.0,1680000,1680000,1680000,1680000,1680000,1680000,1680000,1680000,1680000,1680000,1680000
GET,/api/shipping/calc/5081960,1,0,28037.18690100004,28037.18690100004,28037.18690100004,28037.18690100004,28.0,0.0002758456848840466,0.0,28000,28000,28000,28000,28000,28000,28000,28000,28000,28000,28000
GET,/api/shipping/calc/5082514,1,0,53897.36300699996,53897.36300699996,53897.36300699996,53897.36300699996,29.0,0.0002758456848840466,0.0,54000,54000,54000,54000,54000,54000,54000,54000,54000,54000,54000
GET,/api/shipping/calc/5082935,1,1,109929.95944799998,109929.95944799998,109929.95944799998,109929.95944799998,192.0,0.0002758456848840466,0.0002758456848840466,110000,110000,110000,110000,110000,110000,110000,110000,110000,110000,110000
GET,/api/shipping/calc/5083236,1,0,51886.822264999864,51886.822264999864,51886.822264999864,51886.822264999864,28.0,0.0002758456848840466,0.0,52000,52000,52000,52000,52000,52000,52000,52000,52000,52000,52000
GET,/api/shipping/calc/5083421,1,1,109517.864078,109517.864078,109517.864078,109517.864078,192.0,0.0002758456848840466,0.0002758456848840466,110000,110000,110000,110000,110000,110000,110000,110000,110000,110000,110000
GET,/api/shipping/calc/5083652,1,0,18349.57844599967,18349.57844599967,18349.57844599967,18349.57844599967,29.0,0.0002758456848840466,0.0,18000,18000,18000,18000,18000,18000,18000,18000,18000,18000,18000
GET,/api/shipping/calc/5083706,1,0,49015.230541000165,49015.230541000165,49015.230541000165,49015.230541000165,27.0,0.0002758456848840466,0.0,49000,49000,49000,49000,49000,49000,49000,49000,49000,49000,49000
GET,/api/shipping/calc/5084170,1,1,113463.48065999996,113463.48065999996,113463.48065999996,113463.48065999996,192.0,0.0002758456848840466,0.0002758456848840466,113000,113000,113000,113000,113000,113000,113000,113000,113000,113000,113000
GET,/api/shipping/calc/5084382,1,0,48677.77536599988,48677.77536599988,48677.77536599988,48677.77536599988,28.0,0.0002758456848840466,0.0,49000,49000,49000,49000,49000,49000,49000,49000,49000,49000,49000
GET,/api/shipping/calc/5085897,1,0,5917.615459999979,5917.615459999979,5917.615459999979,5917.615459999979,30.0,0.0002758456848840466,0.0,5900,5900,5900,5900,5900,5900,5900,5900,5900,5900,5900
GET,/api/shipping/calc/5087303,1,1,98212.0398290001,98212.0398290001,98212.0398290001,98212.0398290001,192.0,0.0002758456848840466,0.0002758456848840466,98000,98000,98000,98000,98000,98000,98000,98000,98000,98000,98000
GET,/api/shipping/calc/5087559,1,0,313.063947000046,313.063947000046,313.063947000046,313.063947000046,28.0,0.0002758456848840466,0.0,310,310,310,310,310,310,310,310,310,310,310
GET,/api/shipping/calc/5087674,1,1,108916.42764300002,108916.42764300002,108916.42764300002,108916.42764300002,192.0,0.0002758456848840466,0.0002758456848840466,109000,109000,109000,109000,109000,109000,109000,109000,109000,109000,109000
GET,/api/shipping/calc/5088382,1,1,108860.48319099996,108860.48319099996,108860.48319099996,108860.48319099996,192.0,0.0002758456848840466,0.0002758456848840466,109000,109000,109000,109000,109000,109000,109000,109000,109000,109000,109000
GET,/api/shipping/calc/5088480,1,1,109648.941401,109648.941401,109648.941401,109648.941401,192.0,0.0002758456848840466,0.0002758456848840466,110000,110000,110000,110000,110000,110000,110000,110000,110000,110000,110000
GET,/api/shipping/calc/5089323,1,0,105105.7856739999,105105.7856739999,105105.7856739999,105105.7856739999,30.0,0.0002758456848840466,0.0,105000,105000,105000,105000,105000,105000,105000,105000,105000,105000,105000
GET,/api/shipping/calc/5089874,1,0,1614547.335685,1614547.335685,1614547.335685,1614547.335685,29.0,0.0002758456848840466,0.0,1615000,1615000,1615000,1615000,1615000,1615000,1615000,1615000,1615000,1615000,1615000
GET,/api/shipping/calc/5090929,1,1,83201.63793000006,83201.63793000006,83201.63793000006,83201.63793000006,192.0,0.0002758456848840466,0.0002758456848840466,83000,83000,83000,83000,83000,83000,83000,83000,83000,83000,83000
GET,/api/shipping/calc/5091264,1,0,1611298.763754,1611298.763754,1611298.763754,1611298.763754,29.0,0.0002758456848840466,0.0,1611000,1611000,1611000,1611000,1611000,1611000,1611000,1611000,1611000,1611000,1611000
GET,/api/shipping/calc/5092032,1,0,1584577.2703019998,1584577.2703019998,1584577.2703019998,1584577.2703019998,30.0,0.0002758456848840466,0.0,1585000,1585000,1585000,1585000,1585000,1585000,1585000,1585000,1585000,1585000,1585000
GET,/api/shipping/calc/5092152,1,0,105427.11073200007,105427.11073200007,105427.11073200007,105427.11073200007,28.0,0.0002758456848840466,0.0,105000,105000,105000,105000,105000,105000,105000,105000,105000,105000,105000
GET,/api/shipping/calc/5092387,1,0,66245.09225599968,66245.09225599968,66245.09225599968,66245.09225599968,31.0,0.0002758456848840466,0.0,66000,66000,66000,66000,66000,66000,66000,66000,66000,66000,66000
GET,/api/shipping/calc/5092623,1,0,54635.93993199993,54635.93993199993,54635.93993199993,54635.93993199993,30.0,0.0002758456848840466,0.0,55000,55000,55000,55000,55000,55000,55000,55000,55000,55000,55000
GET,/api/shipping/calc/5093320,1,1,113391.65488899994,113391.65488899994,113391.65488899994,113391.65488899994,192.0,0.0002758456848840466,0.0002758456848840466,113000,113000,113000,113000,113000,113000,113000,113000,113000,113000,113000
GET,/api/shipping/calc/5094994,1,1,109993.08711699996,109993.08711699996,109993.08711699996,109993.08711699996,192.0,0.0002758456848840466,0.0002758456848840466,110000,110000,110000,110000,110000,110000,110000,110000,110000,110000,110000
GET,/api/shipping/calc/5095560,1,0,50795.67695000014,50795.67695000014,50795.67695000014,50795.67695000014,29.0,0.0002758456848840466,0.0,51000,51000,51000,51000,51000,51000,51000,51000,51000,51000,51000
GET,/api/shipping/calc/5345668,1,0,1686896.8569480004,1686896.8569480004,1686896.8569480004,1686896.8569480004,31.0,0.0002758456848840466,0.0,1687000,1687000,1687000,1687000,1687000,1687000,1687000,1687000,1687000,1687000,1687000
GET,/api/shipping/calc/5346786,1,0,5647.522308999953,5647.522308999953,5647.522308999953,5647.522308999953,31.0,0.0002758456848840466,0.0,5600,5600,5600,5600,5600,5600,5600,5600,5600,5600,5600
GET,/api/shipping/calc/5347036,1,0,43837.82645100018,43837.82645100018,43837.82645100018,43837.82645100018,31.0,0.0002758456848840466,0.0,44000,44000,44000,44000,44000,44000,44000,44000,44000,44000,44000
GET,/api/shipping/calc/5347714,1,0,151469.5260850003,151469.5260850003,151469.5260850003,151469.5260850003,31.0,0.0002758456848840466,0.0,151000,151000,151000,151000,151000,151000,151000,151000,151000,151000,151000
GET,/api/shipping/calc/5348383,1,0,106270.85654200005,106270.85654200005,106270.85654200005,106270.85654200005,30.0,0.0002758456848840466,0.0,106000,106000,106000,106000,106000,106000,106000,106000,106000,106000,106000
GET,/api/shipping/calc/5348958,1,1,109840.29789500005,109840.29789500005,109840.29789500005,109840.29789500005,192.0,0.0002758456848840466,0.0002758456848840466,110000,110000,110000,110000,110000,110000,110000,110000,110000,110000,110000
GET,/api/shipping/calc/5349677,1,0,1584484.404127,1584484.404127,1584484.404127,1584484.404127,30.0,0.0002758456848840466,0.0,1584000,1584000,1584000,1584000,1584000,1584000,1584000,1584000,1584000,1584000,1584000
GET,/api/shipping/calc/5351420,1,1,109568.60473999995,109568.60473999995,109568.60473999995,109568.60473999995,192.0,0.0002758456848840466,0.0002758456848840466,110000,110000,110000,110000,110000,110000,110000,110000,110000,110000,110000
GET,/api/shipping/calc/5351717,1,1,113662.56256700002,113662.56256700002,113662.56256700002,113662.56256700002,192.0,0.0002758456848840466,0.0002758456848840466,114000,114000,114000,114000,114000,114000,114000,114000,114000,114000,114000
GET,/api/shipping/calc/5352188,1,0,27254.29151399976,27254.29151399976,27254.29151399976,27254.29151399976,31.0,0.0002758456848840466,0.0,27000,27000,27000,27000,27000,27000,27000,27000,27000,27000,27000
GET,/api/shipping/calc/5353970,1,0,72798.10169700022,72798.10169700022,72798.10169700022,72798.10169700022,30.0,0.0002758456848840466,0.0,73000,73000,73000,73000,73000,73000,73000,73000,73000,73000,73000
GET,/api/shipping/calc/5354322,1,0,1416.8956640000943,1416.8956640000943,1416.8956640000943,1416.8956640000943,31.0,0.0002758456848840466,0.0,1400,1400,1400,1400,1400,1400,1400,1400,1400,1400,1400
GET,/api/shipping/calc/5354695,1,0,45753.86966099995,45753.86966099995,45753.86966099995,45753.86966099995,31.0,0.0002758456848840466,0.0,46000,46000,46000,46000,46000,46000,46000,46000,46000,46000,46000
GET,/api/shipping/calc/5355138,1,1,62141.82300399989,62141.82300399989,62141.82300399989,62141.82300399989,0.0,0.0002758456848840466,0.0002758456848840466,62000,62000,62000,62000,62000,62000,62000,62000,62000,62000,62000
GET,/api/shipping/calc/5356505,1,0,66570.48256399957,66570.48256399957,66570.48256399957,66570.48256399957,30.0,0.0002758456848840466,0.0,67000,67000,67000,67000,67000,67000,67000,67000,67000,67000,67000
GET,/api/shipping/calc/5359080,1,0,56731.390127999926,56731.390127999926,56731.390127999926,56731.390127999926,30.0,0.0002758456848840466,0.0,57000,57000,57000,57000,57000,57000,57000,57000,57000,57000,57000
GET,/api/shipping/calc/5359741,1,0,41025.31275199999,41025.31275199999,41025.31275199999,41025.31275199999,29.0,0.0002758456848840466,0.0,41000,41000,41000,41000,41000,41000,41000,41000,41000,41000,41000
GET,/api/shipping/calc/5364269,1,0,75705.68064100007,75705.68064100007,75705.68064100007,75705.68064100007,30.0,0.0002758456848840466,0.0,76000,76000,76000,76000,76000,76000,76000,76000,76000,76000,76000
GET,/api/shipping/calc/5365151,1,0,55722.51639700016,55722.51639700016,55722.51639700016,55722.51639700016,30.0,0.0002758456848840466,0.0,56000,56000,56000,56000,56000,56000,56000,56000,56000,56000,56000
GET,/api/shipping/calc/5368122,1,0,23057.769637000092,23057.769637000092,23057.769637000092,23057.769637000092,30.0,0.0002758456848840466,0.0,23000,23000,23000,23000,23000,23000,23000,23000,23000,23000,23000
GET,/api/shipping/calc/5369583,1,0,65406.07521599987,65406.07521599987,65406.07521599987,65406.07521599987,31.0,0.0002758456848840466,0.0,65000,65000,65000,65000,65000,65000,65000,65000,65000,65000,65000
GET,/api/shipping/calc/5373842,1,0,471.62970899989887,471.62970899989887,471.62970899989887,471.62970899989887,30.0,0.0002758456848840466,0.0,470,470,470,470,470,470,470,470,470,470,470
GET,/api/shipping/calc/5376543,1,0,18254.79093199965,18254.79093199965,18254.79093199965,18254.79093199965,29.0,0.0002758456848840466,0.0,18000,18000,18000,18000,18000,18000,18000,18000,18000,18000,18000
GET,/api/shipping/calc/5380231,1,0,150915.89829499982,150915.89829499982,150915.89829499982,150915.89829499982,29.0,0.0002758456848840466,0.0,151000,151000,151000,151000,151000,151000,151000,151000,151000,151000,151000
GET,/api/shipping/calc/5380355,1,0,47865.47356699975,47865.47356699975,47865.47356699975,47865.47356699975,30.0,0.0002758456848840466,0.0,48000,48000,48000,48000,48000,48000,48000,48000,48000,48000,48000
GET,/api/shipping/calc/5382695,1,1,104357.40923700007,104357.40923700007,104357.40923700007,104357.40923700007,192.0,0.0002758456848840466,0.0002758456848840466,104000,104000,104000,104000,104000,104000,104000,104000,104000,104000,104000
GET,/api/shipping/calc/5383193,1,1,83316.55646799994,83316.55646799994,83316.55646799994,83316.55646799994,192.0,0.0002758456848840466,0.0002758456848840466,83000,83000,83000,83000,83000,83000,83000,83000,83000,83000,83000
GET,/api/shipping/calc/5385895,1,0,55577.62266200007,55577.62266200007,55577.62266200007,55577.62266200007,30.0,0.0002758456848840466,0.0,56000,56000,56000,56000,56000,56000,56000,56000,56000,56000,56000
GET,/api/shipping/calc/5385933,1,0,67729.4505230002,67729.4505230002,67729.4505230002,67729.4505230002,29.0,0.0002758456848840466,0.0,68000,68000,68000,68000,68000,68000,68000,68000,68000,68000,68000
GET,/api/shipping/calc/5387551,1,0,45411.014928999975,45411.014928999975,45411.014928999975,45411.014928999975,31.0,0.0002758456848840466,0.0,45000,45000,45000,45000,45000,45000,45000,45000,45000,45000,45000
GET,/api/shipping/calc/5390558,1,0,91833.962186,91833.962186,91833.962186,91833.962186,30.0,0.0002758456848840466,0.0,92000,92000,92000,92000,92000,92000,92000,92000,92000,92000,92000
GET,/api/shipping/calc/5390871,1,0,56532.68311900001,56532.68311900001,56532.68311900001,56532.68311900001,29.0,0.0002758456848840466,0.0,57000,57000,57000,57000,57000,57000,57000,57000,57000,57000,57000
GET,/api/shipping/calc/5392360,1,0,103072.66433299992,103072.66433299992,103072.66433299992,103072.66433299992,31.0,0.0002758456848840466,0.0,103000,103000,103000,103000,103000,103000,103000,103000,103000,103000,103000
GET,/api/shipping/calc/5417138,1,0,57462.82618899977,57462.82618899977,57462.82618899977,57462.82618899977,31.0,0.0002758456848840466,0.0,57000,57000,57000,57000,57000,57000,57000,57000,57000,57000,57000
GET,/api/shipping/calc/5460495,1,0,45273.275870999896,45273.275870999896,45273.275870999896,45273.275870999896,31.0,0.0002758456848840466,0.0,45000,45000,45000,45000,45000,45000,45000,45000,45000,45000,45000
GET,/api/shipping/calc/5480106,1,0,62520.42636400029,62520.42636400029,62520.42636400029,62520.42636400029,31.0,0.0002758456848840466,0.0,63000,63000,63000,63000,63000,63000,63000,63000,63000,63000,63000
GET,/api/shipping/calc/5494872,1,0,22675.55194500028,22675.55194500028,22675.55194500028,22675.55194500028,30.0,0.0002758456848840466,0.0,23000,23000,23000,23000,23000,23000,23000,23000,23000,23000,23000
GET,/api/shipping/calc/5499716,1,0,52707.474103000095,52707.474103000095,52707.474103000095,52707.474103000095,31.0,0.0002758456848840466,0.0,53000,53000,53000,53000,53000,53000,53000,53000,53000,53000,53000
GET,/api/shipping/calc/5523875,1,0,25474.197357999856,25474.197357999856,25474.197357999856,25474.197357999856,30.0,0.0002758456848840466,0.0,25000,25000,25000,25000,25000,25000,25000,25000,25000,25000,25000
GET,/api/shipping/calc/5551074,1,0,45670.47186399986,45670.47186399986,45670.47186399986,45670.47186399986,31.0,0.0002758456848840466,0.0,46000,46000,46000,46000,46000,46000,46000,46000,46000,46000,46000
GET,/api/shipping/calc/5557647,1,0,45940.44612400012,45940.44612400012,45940.44612400012,45940.44612400012,31.0,0.0002758456848840466,0.0,46000,46000,46000,46000,46000,46000,46000,46000,46000,46000,46000
GET,/api/shipping/calc/5613643,1,0,40368.08144999987,40368.08144999987,40368.08144999987,40368.08144999987,30.0,0.0002758456848840466,0.0,40000,40000,40000,40000,40000,40000,40000,40000,40000,40000,40000
GET,/api/shipping/calc/5645161,1,1,94765.51713900005,94765.51713900005,94765.51713900005,94765.51713900005,192.0,0.0002758456848840466,0.0002758456848840466,95000,95000,95000,95000,95000,95000,95000,95000,95000,95000,95000
GET,/api/shipping/calc/5645986,1,0,19783.146065999972,19783.146065999972,19783.146065999972,19783.146065999972,29.0,0.0002758456848840466,0.0,20000,20000,20000,20000,20000,20000,20000,20000,20000,20000,20000
GET,/api/shipping/calc/5646293,1,0,65441.6774780002,65441.6774780002,65441.6774780002,65441.6774780002,30.0,0.0002758456848840466,0.0,65000,65000,65000,65000,65000,65000,65000,65000,65000,65000,65000
GET,/api/shipping/calc/5646860,1,0,1564936.38827,1564936.38827,1564936.38827,1564936.38827,29.0,0.0002758456848840466,0.0,1565000,1565000,1565000,1565000,1565000,1565000,1565000,1565000,1565000,1565000,1565000
GET,/api/shipping/calc/5650118,1,0,87714.99005400005,87714.99005400005,87714.99005400005,87714.99005400005,30.0,0.0002758456848840466,0.0,88000,88000,88000,88000,88000,88000,88000,88000,88000,88000,88000
GET,/api/shipping/calc/5650931,1,1,75638.38167800003,75638.38167800003,75638.38167800003,75638.38167800003,192.0,0.0002758456848840466,0.0002758456848840466,76000,76000,76000,76000,76000,76000,76000,76000,76000,76000,76000
GET,/api/shipping/calc/5654793,1,0,22349.97210900019,22349.97210900019,22349.97210900019,22349.97210900019,30.0,0.0002758456848840466,0.0,22000,22000,22000,22000,22000,22000,22000,22000,22000,22000,22000
GET,/api/shipping/calc/5656841,1,1,102641.57516299997,102641.57516299997,102641.57516299997,102641.57516299997,192.0,0.0002758456848840466,0.0002758456848840466,103000,103000,103000,103000,103000,103000,103000,103000,103000,103000,103000
GET,/api/shipping/calc/5658918,1,0,48751.006951999894,48751.006951999894,48751.006951999894,48751.006951999894,30.0,0.0002758456848840466,0.0,49000,49000,49000,49000,49000,49000,49000,49000,49000,49000,49000
GET,/api/shipping/calc/5661218,1,0,35346.25491600002,35346.25491600002,35346.25491600002,35346.25491600002,28.0,0.0002758456848840466,0.0,35000,35000,35000,35000,35000,35000,35000,35000,35000,35000,35000
GET,/api/shipping/calc/5663364,1,1,89019.196201,89019.196201,89019.196201,89019.196201,192.0,0.0002758456848840466,0.0002758456848840466,89000,89000,89000,89000,89000,89000,89000,89000,89000,89000,89000
GET,/api/shipping/calc/5664760,1,0,151307.5036760001,151307.5036760001,151307.5036760001,151307.5036760001,28.0,0.0002758456848840466,0.0,151000,151000,151000,151000,151000,151000,151000,151000,151000,151000,151000
GET,/api/shipping/calc/5666071,1,0,62533.86440400004,62533.86440400004,62533.86440400004,62533.86440400004,29.0,0.0002758456848840466,0.0,63000,63000,63000,63000,63000,63000,63000,63000,63000,63000,63000
GET,/api/shipping/calc/5668688,1,0,19633.189020999907,19633.189020999907,19633.189020999907,19633.189020999907,30.0,0.0002758456848840466,0.0,20000,20000,20000,20000,20000,20000,20000,20000,20000,20000,20000
GET,/api/shipping/calc/5818748,1,0,66673.76460099968,66673.76460099968,66673.76460099968,66673.76460099968,30.0,0.0002758456848840466,0.0,67000,67000,67000,67000,67000,67000,67000,67000,67000,67000,67000
GET,/api/shipping/calc/5821076,1,0,30905.142621999858,30905.142621999858,30905.142621999858,30905.142621999858,31.0,0.0002758456848840466,0.0,31000,31000,31000,31000,31000,31000,31000,31000,31000,31000,31000
GET,/api/shipping/calc/5822243,1,1,85708.1904370001,85708.1904370001,85708.1904370001,85708.1904370001,192.0,0.0002758456848840466,0.0002758456848840466,86000,86000,86000,86000,86000,86000,86000,86000,86000,86000,86000
GET,/api/shipping/calc/5827538,1,0,31147.475574000055,31147.475574000055,31147.475574000055,31147.475574000055,30.0,0.0002758456848840466,0.0,31000,31000,31000,31000,31000,31000,31000,31000,31000,31000,31000
GET,/api/shipping/calc/5834141,1,1,99582.128796,99582.128796,99582.128796,99582.128796,192.0,0.0002758456848840466,0.0002758456848840466,100000,100000,100000,100000,100000,100000,100000,100000,100000,100000,100000
GET,/api/shipping/calc/5851089,1,0,42458.94888899966,42458.94888899966,42458.94888899966,42458.94888899966,30.0,0.0002758456848840466,0.0,42000,42000,42000,42000,42000,42000,42000,42000,42000,42000,42000
GET,/api/shipping/calc/5862745,1,0,67950.14714199989,67950.14714199989,67950.14714199989,67950.14714199989,30.0,0.0002758456848840466,0.0,68000,68000,68000,68000,68000,68000,68000,68000,68000,68000,68000
GET,/api/shipping/calc/5877100,1,0,28151.952032999816,28151.952032999816,28151.952032999816,28151.952032999816,31.0,0.0002758456848840466,0.0,28000,28000,28000,28000,28000,28000,28000,28000,28000,28000,28000
GET,/api/shipping/calc/5877555,1,0,44777.00312599973,44777.00312599973,44777.00312599973,44777.00312599973,30.0,0.0002758456848840466,0.0,45000,45000,45000,45000,45000,45000,45000,45000,45000,45000,45000
GET,/api/shipping/calc/5877606,1,0,42026.85803499981,42026.85803499981,42026.85803499981,42026.85803499981,31.0,0.0002758456848840466,0.0,42000,42000,42000,42000,42000,42000,42000,42000,42000,42000,42000
GET,/api/shipping/calc/5879526,1,1,120127.31345199996,120127.31345199996,120127.31345199996,120127.31345199996,182.0,0.0002758456848840466,0.0002758456848840466,120000,120000,120000,120000,120000,120000,120000,120000,120000,120000,120000
GET,/api/shipping/calc/5887205,1,0,51606.52058799997,51606.52058799997,51606.52058799997,51606.52058799997,30.0,0.0002758456848840466,0.0,52000,52000,52000,52000,52000,52000,52000,52000,52000,52000,52000
GET,/api/shipping/calc/5975931,1,0,58091.55849699982,58091.55849699982,58091.55849699982,58091.55849699982,30.0,0.0002758456848840466,0.0,58000,58000,58000,58000,58000,58000,58000,58000,58000,58000,58000
GET,/api/shipping/calc/5978081,1,0,1685589.220124,1685589.220124,1685589.220124,1685589.220124,30.0,0.0002758456848840466,0.0,1686000,1686000,1686000,1686000,1686000,1686000,1686000,1686000,1686000,1686000,1686000
GET,/api/shipping/calc/5987538,1,0,48463.217424000046,48463.217424000046,48463.217424000046,48463.217424000046,30.0,0.0002758456848840466,0.0,48000,48000,48000,48000,48000,48000,48000,48000,48000,48000,48000
GET,/api/shipping/calc/6001226,1,0,48117.36852399963,48117.36852399963,48117.36852399963,48117.36852399963,31.0,0.0002758456848840466,0.0,48000,48000,48000,48000,48000,48000,48000,48000,48000,48000,48000
GET,/api/shipping/calc/6009322,1,0,30107.26513399959,30107.26513399959,30107.26513399959,30107.26513399959,30.0,0.0002758456848840466,0.0,30000,30000,30000,30000,30000,30000,30000,30000,30000,30000,30000
GET,/api/shipping/calc/6010159,1,0,22258.507200000167,22258.507200000167,22258.507200000167,22258.507200000167,31.0,0.0002758456848840466,0.0,22000,22000,22000,22000,22000,22000,22000,22000,22000,22000,22000
GET,/api/shipping/calc/6012586,1,0,56301.85275900021,56301.85275900021,56301.85275900021,56301.85275900021,30.0,0.0002758456848840466,0.0,56000,56000,56000,56000,56000,56000,56000,56000,56000,56000,56000
GET,/api/shipping/calc/6022515,1,0,61686.48466199965,61686.48466199965,61686.48466199965,61686.48466199965,30.0,0.0002758456848840466,0.0,62000,62000,62000,62000,62000,62000,62000,62000,62000,62000,62000
GET,/api/shipping/calc/6027783,1,0,1686416.235307,1686416.235307,1686416.235307,1686416.235307,30.0,0.0002758456848840466,0.0,1686000,1686000,1686000,1686000,1686000,1686000,1686000,1686000,1686000,1686000,1686000
GET,/api/shipping/calc/6049503,1,0,49960.011777000094,49960.011777000094,49960.011777000094,49960.011777000094,30.0,0.0002758456848840466,0.0,50000,50000,50000,50000,50000,50000,50000,50000,50000,50000,50000
GET,/api/shipping/calc/6054192,1,0,63840.07473500015,63840.07473500015,63840.07473500015,63840.07473500015,31.0,0.0002758456848840466,0.0,64000,64000,64000,64000,64000,64000,64000,64000,64000,64000,64000
GET,/api/shipping/calc/6075725,1,0,51902.33659399973,51902.33659399973,51902.33659399973,51902.33659399973,31.0,0.0002758456848840466,0.0,52000,52000,52000,52000,52000,52000,52000,52000,52000,52000,52000
GET,/api/shipping/calc/6082535,1,0,54864.821728000155,54864.821728000155,54864.821728000155,54864.821728000155,31.0,0.0002758456848840466,0.0,55000,55000,55000,55000,55000,55000,55000,55000,55000,55000,55000
GET,/api/shipping/calc/6085049,1,0,26737.86436399996,26737.86436399996,26737.86436399996,26737.86436399996,30.0,0.0002758456848840466,0.0,27000,27000,27000,27000,27000,27000,27000,27000,27000,27000,27000
GET,/api/shipping/cities/at,43,14,67000.0,110977.61791827907,18549.068372000023,1790925.675748,1236311.2093023255,0.011861364450014003,0.0038618395883766522,67000,77000,86000,92000,129000,166000,1791000,1791000,1791000,1791000,1791000
GET,/api/shipping/cities/au,41,17,76000.0,150518.17629685366,17883.800872999986,1790872.793816,794594.0975609756,0.01130967308024591,0.004689376643028792,76000,80000,92000,101000,113000,161000,1791000,1791000,1791000,1791000,1791000
GET,/api/shipping/cities/bg,22,8,77000.0,81454.66532827273,21899.84383000001,180956.22896400004,1579174.0909090908,0.006068605067449025,0.0022067654790723728,80000,92000,111000,113000,137000,179000,181000,181000,181000,181000,181000
GET,/api/shipping/cities/br,30,14,93000.0,142380.0110781333,39275.69426600001,1613066.013184,3008021.1333333333,0.008275370546521396,0.0038618395883766522,94000,105000,111000,127000,136000,181000,1613000,1613000,1613000,1613000,1613000
GET,/api/shipping/cities/ca,29,12,65000.0,129802.84185355168,24768.020878999778,1791065.8945210003,403598.8275862069,0.007999524861637351,0.003310148218608559,65000,83000,91000,105000,137000,162000,1791000,1791000,1791000,1791000,1791000
GET,/api/shipping/cities/ch,35,17,82000.0,75273.07207745715,12446.632174000002,180963.28308499983,226195.7142857143,0.00965459897094163,0.004689376643028792,82000,90000,93000,100000,126000,153000,181000,181000,181000,181000,181000
GET,/api/shipping/cities/cz,23,9,75000.0,70660.53441995649,19794.34316800001,122154.40306899973,1626299.1304347827,0.0063444507523330715,0.002482611163956419,75000,78000,84000,87000,105000,109000,122000,122000,122000,122000,122000
GET,/api/shipping/cities/de,25,14,72000.0,79650.84383475999,43039.55462900012,137888.0603560001,3798748.76,0.006896142122101164,0.0038618395883766522,72000,90000,96000,98000,126000,137000,138000,138000,138000,138000,138000
GET,/api/shipping/cities/dk,23,8,73000.0,145316.03946121738,18899.796271000014,1767787.2912509998,690410.4347826086,0.0063444507523330715,0.0022067654790723728,73000,80000,88000,92000,162000,187000,1768000,1768000,1768000,1768000,1768000
GET,/api/shipping/cities/es,26,8,80000.0,271047.96362607693,39647.99140899999,1791516.311899,2813545.923076923,0.007171987806985211,0.0022067654790723728,84000,107000,126000,126000,1615000,1688000,1792000,1792000,1792000,1792000,1792000
GET,/api/shipping/cities/fi,35,20,80000.0,117409.43764908572,18902.62029500036,1615760.585669,699205.7714285714,0.00965459897094163,0.005516913697680931,80000,85000,92000,102000,107000,125000,1616000,1616000,1616000,1616000,1616000
GET,/api/shipping/cities/fr,38,20,76000.0,79439.50254407893,38331.79374700012,129125.86573499994,3985976.3157894737,0.01048213602559377,0.005516913697680931,76000,85000,93000,102000,126000,128000,129000,129000,129000,129000,129000
GET,/api/shipping/cities/gb,24,15,82000.0,86336.6371221667,16341.399373000002,165971.41181400002,812857.9166666666,0.006620296437217118,0.004137685273260698,82000,96000,106000,108000,142000,161000,166000,166000,166000,166000,166000
GET,/api/shipping/cities/hu,26,11,72000.0,197590.119274,22802.69528000002,1780876.7959730001,1353813.7692307692,0.007171987806985211,0.0030343025337245125,76000,89000,93000,93000,154000,1687000,1781000,1781000,1781000,1781000,1781000
GET,/api/shipping/cities/in,24,16,83000.0,87482.60368529164,50252.54092799969,165408.0528699999,1593322.9166666667,0.006620296437217118,0.0044135309581447455,83000,90000,98000,104000,111000,141000,165000,165000,165000,165000,165000
GET,/api/shipping/cities/it,18,12,82000.0,77376.00903483335,41973.99716200016,112002.77891099994,853216.1111111111,0.004965222327912838,0.003310148218608559,84000,85000,92000,100000,111000,112000,112000,112000,112000,112000,112000
GET,/api/shipping/cities/jp,33,12,70000.0,122166.62065139393,20306.57717600002,1591217.1517069996,1367425.5757575757,0.009102907601173537,0.003310148218608559,70000,80000,88000,105000,137000,179000,1591000,1591000,1591000,1591000,1591000
GET,/api/shipping/cities/nl,33,12,77000.0,73587.3996215758,21719.719037000003,126723.90100800022,703456.1818181818,0.009102907601173537,0.003310148218608559,77000,84000,89000,92000,106000,126000,127000,127000,127000,127000,127000
GET,/api/shipping/cities/no,36,16,76000.0,121580.82206766667,15595.02182,1687273.023105,819896.7222222222,0.009930444655825677,0.0044135309581447455,77000,91000,96000,96000,111000,161000,1687000,1687000,1687000,1687000,1687000
GET,/api/shipping/cities/pt,41,24,76000.0,118915.68267236586,15666.220346000046,1780262.6617280003,801430.7804878049,0.01130967308024591,0.006620296437217118,76000,93000,94000,105000,110000,127000,1780000,1780000,1780000,1780000,1780000
GET,/api/shipping/cities/ro,28,9,72000.0,82733.70112303564,31489.053558999956,179035.14529899985,2382472.1785714286,0.0077236791767533045,0.002482611163956419,76000,92000,104000,112000,136000,162000,179000,179000,179000,179000,179000
GET,/api/shipping/cities/ru,30,18,92000.0,104322.34629633334,66931.48491200009,167599.1358780002,10785938.866666667,0.008275370546521396,0.004965222327912838,96000,104000,122000,138000,154000,155000,168000,168000,168000,168000,168000
GET,/api/shipping/cities/se,22,8,82000.0,151350.2999960909,27450.170866999997,1795741.0792329998,2129691.5454545454,0.006068605067449025,0.0022067654790723728,83000,87000,99000,106000,122000,126000,1796000,1796000,1796000,1796000,1796000
GET,/api/shipping/cities/tr,28,13,82000.0,90527.69873232141,60538.45236200004,146448.09294399965,4722389.964285715,0.0077236791767533045,0.0035859939034926054,84000,91000,105000,111000,135000,135000,146000,146000,146000,146000,146000
GET,/api/shipping/cities/us,29,12,86000.0,92945.68422410348,50562.02345800011,152113.97308200004,10691932.24137931,0.007999524861637351,0.003310148218608559,86000,98000,99000,105000,149000,151000,152000,152000,152000,152000,152000
GET,/api/shipping/codes,1520,748,80000.0,140237.39062646386,115.32426299999088,1741436.0045910003,618.1644736842105,0.4192854410237508,0.20633257229326685,81000,86000,106000,117000,146000,786000,1412000,1576000,1681000,1741000,1741000
POST,/api/shipping/confirm/anonymous-1,1,0,33122.57277999999,33122.57277999999,33122.57277999999,33122.57277999999,311.0,0.0002758456848840466,0.0,33000,33000,33000,33000,33000,33000,33000,33000,33000,33000,33000
POST,/api/shipping/confirm/anonymous-10,2,0,41097.801168000384,48715.1913365002,41097.801168000384,56332.58150500001,318.5,0.0005516913697680932,0.0,56000,56000,56000,56000,56000,56000,56000,56000,56000,56000,56000
POST,/api/shipping/confirm/anonymous-1008,1,0,83244.5705969999,83244.5705969999,83244.5705969999,83244.5705969999,314.0,0.0002758456848840466,0.0,83000,83000,83000,83000,83000,83000,83000,83000,83000,83000,83000
POST,/api/shipping/confirm/anonymous-1011,1,0,28790.666929000054,28790.666929000054,28790.666929000054,28790.666929000054,316.0,0.0002758456848840466,0.0,29000,29000,29000,29000,29000,29000,29000,29000,29000,29000,29000
POST,/api/shipping/confirm/anonymous-1016,1,1,30168.679584000074,30168.679584000074,30168.679584000074,30168.679584000074,106.0,0.0002758456848840466,0.0002758456848840466,30000,30000,30000,30000,30000,30000,30000,30000,30000,30000,30000
POST,/api/shipping/confirm/anonymous-1019,1,1,52467.08348600032,52467.08348600032,52467.08348600032,52467.08348600032,106.0,0.0002758456848840466,0.0002758456848840466,52000,52000,52000,52000,52000,52000,52000,52000,52000,52000,52000
POST,/api/shipping/confirm/anonymous-1023,1,1,75171.6003839997,75171.6003839997,75171.6003839997,75171.6003839997,0.0,0.0002758456848840466,0.0002758456848840466,75000,75000,75000,75000,75000,75000,75000,75000,75000,75000,75000
POST,/api/shipping/confirm/anonymous-1024,1,1,137595.7805019998,137595.7805019998,137595.7805019998,137595.7805019998,106.0,0.0002758456848840466,0.0002758456848840466,138000,138000,138000,138000,138000,138000,138000,138000,138000,138000,138000
POST,/api/shipping/confirm/anonymous-1027,1,1,65457.40426199973,65457.40426199973,65457.40426199973,65457.40426199973,106.0,0.0002758456848840466,0.0002758456848840466,65000,65000,65000,65000,65000,65000,65000,65000,65000,65000,65000
POST,/api/shipping/confirm/anonymous-1029,1,0,103417.56272300017,103417.56272300017,103417.56272300017,103417.56272300017,241.0,0.0002758456848840466,0.0,103000,103000,103000,103000,103000,103000,103000,103000,103000,103000,103000
POST,/api/shipping/confirm/anonymous-1031,1,0,103063.33411900005,103063.33411900005,103063.33411900005,103063.33411900005,220.0,0.0002758456848840466,0.0,103000,103000,103000,103000,103000,103000,103000,103000,103000,103000,103000
POST,/api/shipping/confirm/anonymous-1034,1,1,714.8443970004337,714.8443970004337,714.8443970004337,714.8443970004337,106.0,0.0002758456848840466,0.0002758456848840466,710,710,710,710,710,710,710,710,710,710,710
POST,/api/shipping/confirm/anonymous-11,3,1,54000.0,49379.47986033334,37454.15358899999,56502.27222600006,207.33333333333334,0.0008275370546521397,0.0002758456848840466,54000,54000,57000,57000,57000,57000,57000,57000,57000,57000,57000
POST,/api/shipping/confirm/anonymous-13,1,0,57410.19947300004,57410.19947300004,57410.19947300004,57410.19947300004,300.0,0.0002758456848840466,0.0,57000,57000,57000,57000,57000,57000,57000,57000,57000,57000,57000
POST,/api/shipping/confirm/anonymous-14,1,0,11606.836801999976,11606.836801999976,11606.836801999976,11606.836801999976,325.0,0.0002758456848840466,0.0,12000,12000,12000,12000,12000,12000,12000,12000,12000,12000,12000
POST,/api/shipping/confirm/anonymous-16,2,0,21468.84368300016,37718.7576500001,21468.84368300016,53968.67161700004,274.0,0.0005516913697680932,0.0,54000,54000,54000,54000,54000,54000,54000,54000,54000,54000,54000
POST,/api/shipping/confirm/anonymous-17,1,0,88444.98970599989,88444.98970599989,88444.98970599989,88444.98970599989,401.0,0.0002758456848840466,0.0,88000,88000,88000,88000,88000,88000,88000,88000,88000,88000,88000
POST,/api/shipping/confirm/anonymous-18,1,0,57036.321183000044,57036.321183000044,57036.321183000044,57036.321183000044,288.0,0.0002758456848840466,0.0,57000,57000,57000,57000,57000,57000,57000,57000,57000,57000,57000
POST,/api/shipping/confirm/anonymous-19,1,0,48944.72585499989,48944.72585499989,48944.72585499989,48944.72585499989,388.0,0.0002758456848840466,0.0,49000,49000,49000,49000,49000,49000,49000,49000,49000,49000,49000
POST,/api/shipping/confirm/anonymous-2,2,0,23000.0,27201.69099900022,22724.690949000433,31678.69104900001,271.5,0.0005516913697680932,0.0,32000,32000,32000,32000,32000,32000,32000,32000,32000,32000,32000
POST,/api/shipping/confirm/anonymous-20,1,0,43678.95307699974,43678.95307699974,43678.95307699974,43678.95307699974,376.0,0.0002758456848840466,0.0,44000,44000,44000,44000,44000,44000,44000,44000,44000,44000,44000
POST,/api/shipping/confirm/anonymous-23,3,0,49000.0,43927.167513000015,28815.443897000023,53883.38418500007,327.0,0.0008275370546521397,0.0,49000,49000,54000,54000,54000,54000,54000,54000,54000,54000,54000
POST,/api/shipping/confirm/anonymous-24,2,1,26256.599929999993,74066.89952600004,26256.599929999993,121877.1991220001,155.0,0.0005516913697680932,0.0002758456848840466,122000,122000,122000,122000,122000,122000,122000,122000,122000,122000,122000
POST,/api/shipping/confirm/anonymous-25,1,0,82652.89895299975,82652.89895299975,82652.89895299975,82652.89895299975,304.0,0.0002758456848840466,0.0,83000,83000,83000,83000,83000,83000,83000,83000,83000,83000,83000
POST,/api/shipping/confirm/anonymous-3,1,0,15644.911448000017,15644.911448000017,15644.911448000017,15644.911448000017,305.0,0.0002758456848840466,0.0,16000,16000,16000,16000,16000,16000,16000,16000,16000,16000,16000
POST,/api/shipping/confirm/anonymous-32,1,0,88417.10456600004,88417.10456600004,88417.10456600004,88417.10456600004,478.0,0.0002758456848840466,0.0,88000,88000,88000,88000,88000,88000,88000,88000,88000,88000,88000
POST,/api/shipping/confirm/anonymous-33,1,0,88427.87259600026,88427.87259600026,88427.87259600026,88427.87259600026,480.0,0.0002758456848840466,0.0,88000,88000,88000,88000,88000,88000,88000,88000,88000,88000,88000
POST,/api/shipping/confirm/anonymous-34,1,0,49080.31403099994,49080.31403099994,49080.31403099994,49080.31403099994,450.0,0.0002758456848840466,0.0,49000,49000,49000,49000,49000,49000,49000,49000,49000,49000,49000
POST,/api/shipping/confirm/anonymous-35,2,2,44000.0,62198.660802499886,43612.93777799983,80784.38382699994,148.0,0.0005516913697680932,0.0005516913697680932,81000,81000,81000,81000,81000,81000,81000,81000,81000,81000,81000
POST,/api/shipping/confirm/anonymous-39,1,1,27779.95661900013,27779.95661900013,27779.95661900013,27779.95661900013,104.0,0.0002758456848840466,0.0002758456848840466,28000,28000,28000,28000,28000,28000,28000,28000,28000,28000,28000
POST,/api/shipping/confirm/anonymous-4,3,0,23000.0,24395.75903566663,4449.159136000048,45284.19232100009,276.3333333333333,0.0008275370546521397,0.0,23000,23000,45000,45000,45000,45000,45000,45000,45000,45000,45000
POST,/api/shipping/confirm/anonymous-40,1,0,31563.860426000247,31563.860426000247,31563.860426000247,31563.860426000247,283.0,0.0002758456848840466,0.0,32000,32000,32000,32000,32000,32000,32000,32000,32000,32000,32000
POST,/api/shipping/confirm/anonymous-414,1,0,89885.86296499989,89885.86296499989,89885.86296499989,89885.86296499989,302.0,0.0002758456848840466,0.0,90000,90000,90000,90000,90000,90000,90000,90000,90000,90000,90000
POST,/api/shipping/confirm/anonymous-425,1,0,28320.86575800031,28320.86575800031,28320.86575800031,28320.86575800031,302.0,0.0002758456848840466,0.0,28000,28000,28000,28000,28000,28000,28000,28000,28000,28000,28000
POST,/api/shipping/confirm/anonymous-43,2,2,65438.277539999945,69403.82470599997,65438.277539999945,73369.37187199999,148.0,0.0005516913697680932,0.0005516913697680932,73000,73000,73000,73000,73000,73000,73000,73000,73000,73000,73000
POST,/api/shipping/confirm/anonymous-44,1,1,66363.02621699998,66363.02621699998,66363.02621699998,66363.02621699998,104.0,0.0002758456848840466,0.0002758456848840466,66000,66000,66000,66000,66000,66000,66000,66000,66000,66000,66000
POST,/api/shipping/confirm/anonymous-45,1,1,101173.34934199994,101173.34934199994,101173.34934199994,101173.34934199994,192.0,0.0002758456848840466,0.0002758456848840466,101000,101000,101000,101000,101000,101000,101000,101000,101000,101000,101000
POST,/api/shipping/confirm/anonymous-46,1,0,52688.19508700017,52688.19508700017,52688.19508700017,52688.19508700017,229.0,0.0002758456848840466,0.0,53000,53000,53000,53000,53000,53000,53000,53000,53000,53000,53000
POST,/api/shipping/confirm/anonymous-464,1,1,1457047.7451660004,1457047.7451660004,1457047.7451660004,1457047.7451660004,105.0,0.0002758456848840466,0.0002758456848840466,1457000,1457000,1457000,1457000,1457000,1457000,1457000,1457000,1457000,1457000,1457000
POST,/api/shipping/confirm/anonymous-465,1,1,69626.41955299978,69626.41955299978,69626.41955299978,69626.41955299978,105.0,0.0002758456848840466,0.0002758456848840466,70000,70000,70000,70000,70000,70000,70000,70000,70000,70000,70000
POST,/api/shipping/confirm/anonymous-467,1,0,376.30016399998567,376.30016399998567,376.30016399998567,376.30016399998567,302.0,0.0002758456848840466,0.0,380,380,380,380,380,380,380,380,380,380,380
POST,/api/shipping/confirm/anonymous-468,1,0,61302.47375599993,61302.47375599993,61302.47375599993,61302.47375599993,288.0,0.0002758456848840466,0.0,61000,61000,61000,61000,61000,61000,61000,61000,61000,61000,61000
POST,/api/shipping/confirm/anonymous-469,1,1,386.67248100000506,386.67248100000506,386.67248100000506,386.67248100000506,105.0,0.0002758456848840466,0.0002758456848840466,390,390,390,390,390,390,390,390,390,390,390
POST,/api/shipping/confirm/anonymous-47,2,0,30637.84757900021,30637.28157200012,30636.71556500003,30637.84757900021,311.0,0.0005516913697680932,0.0,31000,31000,31000,31000,31000,31000,31000,31000,31000,31000,31000
POST,/api/shipping/confirm/anonymous-470,1,1,1457043.6234110002,1457043.6234110002,1457043.6234110002,1457043.6234110002,105.0,0.0002758456848840466,0.0002758456848840466,1457000,1457000,1457000,1457000,1457000,1457000,1457000,1457000,1457000,1457000,1457000
POST,/api/shipping/confirm/anonymous-471,1,0,1584857.044081,1584857.044081,1584857.044081,1584857.044081,321.0,0.0002758456848840466,0.0,1585000,1585000,1585000,1585000,1585000,1585000,1585000,1585000,1585000,1585000,1585000
POST,/api/shipping/confirm/anonymous-479,1,0,60922.38601600002,60922.38601600002,60922.38601600002,60922.38601600002,323.0,0.0002758456848840466,0.0,61000,61000,61000,61000,61000,61000,61000,61000,61000,61000,61000
POST,/api/shipping/confirm/anonymous-48,1,0,30026.142186000015,30026.142186000015,30026.142186000015,30026.142186000015,317.0,0.0002758456848840466,0.0,30000,30000,30000,30000,30000,30000,30000,30000,30000,30000,30000
POST,/api/shipping/confirm/anonymous-483,1,0,58872.16764100004,58872.16764100004,58872.16764100004,58872.16764100004,299.0,0.0002758456848840466,0.0,59000,59000,59000,59000,59000,59000,59000,59000,59000,59000,59000
POST,/api/shipping/confirm/anonymous-485,1,0,61395.51773700009,61395.51773700009,61395.51773700009,61395.51773700009,279.0,0.0002758456848840466,0.0,61000,61000,61000,61000,61000,61000,61000,61000,61000,61000,61000
POST,/api/shipping/confirm/anonymous-49,2,1,4218.6703670000725,39695.36402749992,4218.6703670000725,75172.05768799977,152.5,0.0005516913697680932,0.0002758456848840466,75000,75000,75000,75000,75000,75000,75000,75000,75000,75000,75000
POST,/api/shipping/confirm/anonymous-503,1,1,42474.908665999916,42474.908665999916,42474.908665999916,42474.908665999916,105.0,0.0002758456848840466,0.0002758456848840466,42000,42000,42000,42000,42000,42000,42000,42000,42000,42000,42000
POST,/api/shipping/confirm/anonymous-507,1,0,61055.34129299986,61055.34129299986,61055.34129299986,61055.34129299986,294.0,0.0002758456848840466,0.0,61000,61000,61000,61000,61000,61000,61000,61000,61000,61000,61000
POST,/api/shipping/confirm/anonymous-509,1,0,790.0924380001015,790.0924380001015,790.0924380001015,790.0924380001015,208.0,0.0002758456848840466,0.0,790,790,790,790,790,790,790,790,790,790,790
POST,/api/shipping/confirm/anonymous-515,1,0,25680.005164999784,25680.005164999784,25680.005164999784,25680.005164999784,266.0,0.0002758456848840466,0.0,26000,26000,26000,26000,26000,26000,26000,26000,26000,26000,26000
POST,/api/shipping/confirm/anonymous-517,1,1,56014.42051999993,56014.42051999993,56014.42051999993,56014.42051999993,105.0,0.0002758456848840466,0.0002758456848840466,56000,56000,56000,56000,56000,56000,56000,56000,56000,56000,56000
POST,/api/shipping/confirm/anonymous-520,1,0,31621.68371900043,31621.68371900043,31621.68371900043,31621.68371900043,230.0,0.0002758456848840466,0.0,32000,32000,32000,32000,32000,32000,32000,32000,32000,32000,32000
POST,/api/shipping/confirm/anonymous-521,1,0,106150.47360099993,106150.47360099993,106150.47360099993,106150.47360099993,305.0,0.0002758456848840466,0.0,106000,106000,106000,106000,106000,106000,106000,106000,106000,106000,106000
POST,/api/shipping/confirm/anonymous-529,1,0,517.4250629997914,517.4250629997914,517.4250629997914,517.4250629997914,296.0,0.0002758456848840466,0.0,520,520,520,520,520,520,520,520,520,520,520
POST,/api/shipping/confirm/anonymous-53,1,1,38840.555293999845,38840.555293999845,38840.555293999845,38840.555293999845,0.0,0.0002758456848840466,0.0002758456848840466,39000,39000,39000,39000,39000,39000,39000,39000,39000,39000,39000
POST,/api/shipping/confirm/anonymous-532,2,1,63000.0,84391.49508749995,62623.34618099976,106159.64399400013,252.0,0.0005516913697680932,0.0002758456848840466,106000,106000,106000,106000,106000,106000,106000,106000,106000,106000,106000
POST,/api/shipping/confirm/anonymous-533,2,1,23000.0,840835.1785210001,22576.664682000002,1659093.6923600002,198.5,0.0005516913697680932,0.0002758456848840466,1659000,1659000,1659000,1659000,1659000,1659000,1659000,1659000,1659000,1659000,1659000
POST,/api/shipping/confirm/anonymous-540,1,1,1646.387526000126,1646.387526000126,1646.387526000126,1646.387526000126,105.0,0.0002758456848840466,0.0002758456848840466,1600,1600,1600,1600,1600,1600,1600,1600,1600,1600,1600
POST,/api/shipping/confirm/anonymous-541,1,0,60931.65780999993,60931.65780999993,60931.65780999993,60931.65780999993,324.0,0.0002758456848840466,0.0,61000,61000,61000,61000,61000,61000,61000,61000,61000,61000,61000
POST,/api/shipping/confirm/anonymous-544,1,0,1637178.7310880001,1637178.7310880001,1637178.7310880001,1637178.7310880001,307.0,0.0002758456848840466,0.0,1637000,1637000,1637000,1637000,1637000,1637000,1637000,1637000,1637000,1637000,1637000
POST,/api/shipping/confirm/anonymous-549,1,0,80504.97623700017,80504.97623700017,80504.97623700017,80504.97623700017,295.0,0.0002758456848840466,0.0,81000,81000,81000,81000,81000,81000,81000,81000,81000,81000,81000
POST,/api/shipping/confirm/anonymous-55,1,0,38152.22200699964,38152.22200699964,38152.22200699964,38152.22200699964,479.0,0.0002758456848840466,0.0,38000,38000,38000,38000,38000,38000,38000,38000,38000,38000,38000
POST,/api/shipping/confirm/anonymous-551,1,0,47791.142808000135,47791.142808000135,47791.142808000135,47791.142808000135,281.0,0.0002758456848840466,0.0,48000,48000,48000,48000,48000,48000,48000,48000,48000,48000,48000
POST,/api/shipping/confirm/anonymous-555,1,1,38256.38501200001,38256.38501200001,38256.38501200001,38256.38501200001,0.0,0.0002758456848840466,0.0002758456848840466,38000,38000,38000,38000,38000,38000,38000,38000,38000,38000,38000
POST,/api/shipping/confirm/anonymous-559,1,0,61817.86787599981,61817.86787599981,61817.86787599981,61817.86787599981,339.0,0.0002758456848840466,0.0,62000,62000,62000,62000,62000,62000,62000,62000,62000,62000,62000
POST,/api/shipping/confirm/anonymous-561,1,0,57247.247375999905,57247.247375999905,57247.247375999905,57247.247375999905,370.0,0.0002758456848840466,0.0,57000,57000,57000,57000,57000,57000,57000,57000,57000,57000,57000
POST,/api/shipping/confirm/anonymous-562,1,1,865.8240210002077,865.8240210002077,865.8240210002077,865.8240210002077,105.0,0.0002758456848840466,0.0002758456848840466,870,870,870,870,870,870,870,870,870,870,870
POST,/api/shipping/confirm/anonymous-570,2,0,56022.48761100009,97765.51965399995,56022.48761100009,139508.5516969998,311.0,0.0005516913697680932,0.0,140000,140000,140000,140000,140000,140000,140000,140000,140000,140000,140000
POST,/api/shipping/confirm/anonymous-574,1,0,27062.768876000064,27062.768876000064,27062.768876000064,27062.768876000064,323.0,0.0002758456848840466,0.0,27000,27000,27000,27000,27000,27000,27000,27000,27000,27000,27000
POST,/api/shipping/confirm/anonymous-576,1,1,28801.517858000352,28801.517858000352,28801.517858000352,28801.517858000352,105.0,0.0002758456848840466,0.0002758456848840466,29000,29000,29000,29000,29000,29000,29000,29000,29000,29000,29000
POST,/api/shipping/confirm/anonymous-581,1,0,35780.29835699999,35780.29835699999,35780.29835699999,35780.29835699999,305.0,0.0002758456848840466,0.0,36000,36000,36000,36000,36000,36000,36000,36000,36000,36000,36000
POST,/api/shipping/confirm/anonymous-582,1,1,69299.1881060002,69299.1881060002,69299.1881060002,69299.1881060002,182.0,0.0002758456848840466,0.0002758456848840466,69000,69000,69000,69000,69000,69000,69000,69000,69000,69000,69000
POST,/api/shipping/confirm/anonymous-583,1,1,41068.76270599969,41068.76270599969,41068.76270599969,41068.76270599969,105.0,0.0002758456848840466,0.0002758456848840466,41000,41000,41000,41000,41000,41000,41000,41000,41000,41000,41000
POST,/api/shipping/confirm/anonymous-584,1,1,27487.43752700011,27487.43752700011,27487.43752700011,27487.43752700011,105.0,0.0002758456848840466,0.0002758456848840466,27000,27000,27000,27000,27000,27000,27000,27000,27000,27000,27000
POST,/api/shipping/confirm/anonymous-591,1,0,30645.496767000168,30645.496767000168,30645.496767000168,30645.496767000168,306.0,0.0002758456848840466,0.0,31000,31000,31000,31000,31000,31000,31000,31000,31000,31000,31000
POST,/api/shipping/confirm/anonymous-592,1,0,805.1962079998702,805.1962079998702,805.1962079998702,805.1962079998702,226.0,0.0002758456848840466,0.0,810,810,810,810,810,810,810,810,810,810,810
POST,/api/shipping/confirm/anonymous-593,1,0,864.8532090001027,864.8532090001027,864.8532090001027,864.8532090001027,296.0,0.0002758456848840466,0.0,860,860,860,860,860,860,860,860,860,860,860
POST,/api/shipping/confirm/anonymous-595,1,1,47333.421349000215,47333.421349000215,47333.421349000215,47333.421349000215,105.0,0.0002758456848840466,0.0002758456848840466,47000,47000,47000,47000,47000,47000,47000,47000,47000,47000,47000
POST,/api/shipping/confirm/anonymous-598,2,0,48000.0,50313.46599899985,47919.48218499965,52707.44981300004,308.5,0.0005516913697680932,0.0,53000,53000,53000,53000,53000,53000,53000,53000,53000,53000,53000
POST,/api/shipping/confirm/anonymous-6,1,0,44276.17491900003,44276.17491900003,44276.17491900003,44276.17491900003,315.0,0.0002758456848840466,0.0,44000,44000,44000,44000,44000,44000,44000,44000,44000,44000,44000
POST,/api/shipping/confirm/anonymous-605,1,0,58397.652502000026,58397.652502000026,58397.652502000026,58397.652502000026,377.0,0.0002758456848840466,0.0,58000,58000,58000,58000,58000,58000,58000,58000,58000,58000,58000
POST,/api/shipping/confirm/anonymous-606,1,0,22936.627206999674,22936.627206999674,22936.627206999674,22936.627206999674,234.0,0.0002758456848840466,0.0,23000,23000,23000,23000,23000,23000,23000,23000,23000,23000,23000
POST,/api/shipping/confirm/anonymous-609,1,0,51496.04638399978,51496.04638399978,51496.04638399978,51496.04638399978,214.0,0.0002758456848840466,0.0,51000,51000,51000,51000,51000,51000,51000,51000,51000,51000,51000
POST,/api/shipping/confirm/anonymous-610,1,0,28800.492345999828,28800.492345999828,28800.492345999828,28800.492345999828,233.0,0.0002758456848840466,0.0,29000,29000,29000,29000,29000,29000,29000,29000,29000,29000,29000
POST,/api/shipping/confirm/anonymous-614,1,0,47856.35032900018,47856.35032900018,47856.35032900018,47856.35032900018,228.0,0.0002758456848840466,0.0,48000,48000,48000,48000,48000,48000,48000,48000,48000,48000,48000
POST,/api/shipping/confirm/anonymous-618,1,0,720.0967470002979,720.0967470002979,720.0967470002979,720.0967470002979,228.0,0.0002758456848840466,0.0,720,720,720,720,720,720,720,720,720,720,720
POST,/api/shipping/confirm/anonymous-62,1,0,1368.215389999932,1368.215389999932,1368.215389999932,1368.215389999932,312.0,0.0002758456848840466,0.0,1400,1400,1400,1400,1400,1400,1400,1400,1400,1400,1400
POST,/api/shipping/confirm/anonymous-620,1,0,56089.3505460001,56089.3505460001,56089.3505460001,56089.3505460001,306.0,0.0002758456848840466,0.0,56000,56000,56000,56000,56000,56000,56000,56000,56000,56000,56000
POST,/api/shipping/confirm/anonymous-622,1,0,893.3128909998231,893.3128909998231,893.3128909998231,893.3128909998231,218.0,0.0002758456848840466,0.0,890,890,890,890,890,890,890,890,890,890,890
POST,/api/shipping/confirm/anonymous-623,1,1,57238.14096100023,57238.14096100023,57238.14096100023,57238.14096100023,105.0,0.0002758456848840466,0.0002758456848840466,57000,57000,57000,57000,57000,57000,57000,57000,57000,57000,57000
POST,/api/shipping/confirm/anonymous-625,1,0,841.8525000001864,841.8525000001864,841.8525000001864,841.8525000001864,203.0,0.0002758456848840466,0.0,840,840,840,840,840,840,840,840,840,840,840
POST,/api/shipping/confirm/anonymous-628,1,1,131207.3667059999,131207.3667059999,131207.3667059999,131207.3667059999,105.0,0.0002758456848840466,0.0002758456848840466,131000,131000,131000,131000,131000,131000,131000,131000,131000,131000,131000
POST,/api/shipping/confirm/anonymous-629,1,0,31570.563744000083,31570.563744000083,31570.563744000083,31570.563744000083,389.0,0.0002758456848840466,0.0,32000,32000,32000,32000,32000,32000,32000,32000,32000,32000,32000
POST,/api/shipping/confirm/anonymous-63,1,0,67029.7319450001,67029.7319450001,67029.7319450001,67029.7319450001,311.0,0.0002758456848840466,0.0,67000,67000,67000,67000,67000,67000,67000,67000,67000,67000,67000
POST,/api/shipping/confirm/anonymous-631,1,0,23520.17366500013,23520.17366500013,23520.17366500013,23520.17366500013,316.0,0.0002758456848840466,0.0,24000,24000,24000,24000,24000,24000,24000,24000,24000,24000,24000
POST,/api/shipping/confirm/anonymous-635,1,1,487.85312800009706,487.85312800009706,487.85312800009706,487.85312800009706,105.0,0.0002758456848840466,0.0002758456848840466,490,490,490,490,490,490,490,490,490,490,490
POST,/api/shipping/confirm/anonymous-636,1,0,45177.89744400034,45177.89744400034,45177.89744400034,45177.89744400034,240.0,0.0002758456848840466,0.0,45000,45000,45000,45000,45000,45000,45000,45000,45000,45000,45000
POST,/api/shipping/confirm/anonymous-64,1,0,736.1187409997001,736.1187409997001,736.1187409997001,736.1187409997001,294.0,0.0002758456848840466,0.0,740,740,740,740,740,740,740,740,740,740,740
POST,/api/shipping/confirm/anonymous-641,1,0,56079.69544200023,56079.69544200023,56079.69544200023,56079.69544200023,331.0,0.0002758456848840466,0.0,56000,56000,56000,56000,56000,56000,56000,56000,56000,56000,56000
POST,/api/shipping/confirm/anonymous-644,2,1,56071.82383999998,78333.70676100004,56071.82383999998,100595.58968200008,249.0,0.0005516913697680932,0.0002758456848840466,101000,101000,101000,101000,101000,101000,101000,101000,101000,101000,101000
POST,/api/shipping/confirm/anonymous-645,2,0,19000.0,21322.724477499833,18610.49366499992,24034.955289999743,270.5,0.0005516913697680932,0.0,24000,24000,24000,24000,24000,24000,24000,24000,24000,24000,24000
POST,/api/shipping/confirm/anonymous-646,2,1,27178.72035800019,48213.00914049994,27178.72035800019,69247.29792299969,248.0,0.0005516913697680932,0.0002758456848840466,69000,69000,69000,69000,69000,69000,69000,69000,69000,69000,69000
POST,/api/shipping/confirm/anonymous-648,1,1,806.285122999725,806.285122999725,806.285122999725,806.285122999725,105.0,0.0002758456848840466,0.0002758456848840466,810,810,810,810,810,810,810,810,810,810,810
POST,/api/shipping/confirm/anonymous-650,1,0,29540.22467599998,29540.22467599998,29540.22467599998,29540.22467599998,196.0,0.0002758456848840466,0.0,30000,30000,30000,30000,30000,30000,30000,30000,30000,30000,30000
POST,/api/shipping/confirm/anonymous-653,2,0,69247.25062300013,71943.93232700008,69247.25062300013,74640.61403100003,275.0,0.0005516913697680932,0.0,75000,75000,75000,75000,75000,75000,75000,75000,75000,75000,75000
POST,/api/shipping/confirm/anonymous-655,1,0,26162.13679199973,26162.13679199973,26162.13679199973,26162.13679199973,304.0,0.0002758456848840466,0.0,26000,26000,26000,26000,26000,26000,26000,26000,26000,26000,26000
POST,/api/shipping/confirm/anonymous-656,1,0,29253.895734999787,29253.895734999787,29253.895734999787,29253.895734999787,289.0,0.0002758456848840466,0.0,29000,29000,29000,29000,29000,29000,29000,29000,29000,29000,29000
POST,/api/shipping/confirm/anonymous-657,2,1,66315.99024600018,68288.71132500013,66315.99024600018,70261.43240400006,157.0,0.0005516913697680932,0.0002758456848840466,70000,70000,70000,70000,70000,70000,70000,70000,70000,70000,70000
POST,/api/shipping/confirm/anonymous-658,1,0,47954.09285600044,47954.09285600044,47954.09285600044,47954.09285600044,236.0,0.0002758456848840466,0.0,48000,48000,48000,48000,48000,48000,48000,48000,48000,48000,48000
POST,/api/shipping/confirm/anonymous-660,1,0,1579.1341029998875,1579.1341029998875,1579.1341029998875,1579.1341029998875,305.0,0.0002758456848840466,0.0,1600,1600,1600,1600,1600,1600,1600,1600,1600,1600,1600
POST,/api/shipping/confirm/anonymous-662,1,0,57253.99436100043,57253.99436100043,57253.99436100043,57253.99436100043,218.0,0.0002758456848840466,0.0,57000,57000,57000,57000,57000,57000,57000,57000,57000,57000,57000
POST,/api/shipping/confirm/anonymous-663,1,0,27406.861901999946,27406.861901999946,27406.861901999946,27406.861901999946,206.0,0.0002758456848840466,0.0,27000,27000,27000,27000,27000,27000,27000,27000,27000,27000,27000
POST,/api/shipping/confirm/anonymous-664,1,0,26212.481592999666,26212.481592999666,26212.481592999666,26212.481592999666,324.0,0.0002758456848840466,0.0,26000,26000,26000,26000,26000,26000,26000,26000,26000,26000,26000
POST,/api/shipping/confirm/anonymous-665,1,0,58849.48550399986,58849.48550399986,58849.48550399986,58849.48550399986,272.0,0.0002758456848840466,0.0,59000,59000,59000,59000,59000,59000,59000,59000,59000,59000,59000
POST,/api/shipping/confirm/anonymous-669,1,1,57100.31475599999,57100.31475599999,57100.31475599999,57100.31475599999,105.0,0.0002758456848840466,0.0002758456848840466,57000,57000,57000,57000,57000,57000,57000,57000,57000,57000,57000
POST,/api/shipping/confirm/anonymous-675,1,0,67255.31940300016,67255.31940300016,67255.31940300016,67255.31940300016,315.0,0.0002758456848840466,0.0,67000,67000,67000,67000,67000,67000,67000,67000,67000,67000,67000
POST,/api/shipping/confirm/anonymous-677,1,0,42000.27503199999,42000.27503199999,42000.27503199999,42000.27503199999,220.0,0.0002758456848840466,0.0,42000,42000,42000,42000,42000,42000,42000,42000,42000,42000,42000
POST,/api/shipping/confirm/anonymous-68,1,0,55386.49202299996,55386.49202299996,55386.49202299996,55386.49202299996,311.0,0.0002758456848840466,0.0,55000,55000,55000,55000,55000,55000,55000,55000,55000,55000,55000
POST,/api/shipping/confirm/anonymous-681,1,1,894.7521099998994,894.7521099998994,894.7521099998994,894.7521099998994,105.0,0.0002758456848840466,0.0002758456848840466,890,890,890,890,890,890,890,890,890,890,890
POST,/api/shipping/confirm/anonymous-682,1,0,29543.678477000412,29543.678477000412,29543.678477000412,29543.678477000412,312.0,0.0002758456848840466,0.0,30000,30000,30000,30000,30000,30000,30000,30000,30000,30000,30000
POST,/api/shipping/confirm/anonymous-684,2,0,56000.0,63528.1705525,55643.162320999865,71413.17878400013,279.5,0.0005516913697680932,0.0,71000,71000,71000,71000,71000,71000,71000,71000,71000,71000,71000
POST,/api/shipping/confirm/anonymous-685,2,1,27000.0,28145.366907999916,26747.005936999813,29543.727879000016,160.5,0.0005516913697680932,0.0002758456848840466,30000,30000,30000,30000,30000,30000,30000,30000,30000,30000,30000
POST,/api/shipping/confirm/anonymous-688,1,0,28279.41524100015,28279.41524100015,28279.41524100015,28279.41524100015,223.0,0.0002758456848840466,0.0,28000,28000,28000,28000,28000,28000,28000,28000,28000,28000,28000
POST,/api/shipping/confirm/anonymous-693,2,0,27488.786641999923,58700.394142500045,27488.786641999923,89912.00164300017,376.5,0.0005516913697680932,0.0,90000,90000,90000,90000,90000,90000,90000,90000,90000,90000,90000
POST,/api/shipping/confirm/anonymous-695,2,1,29000.0,854124.2578899999,28908.907824999915,1679339.607955,213.0,0.0005516913697680932,0.0002758456848840466,1679000,1679000,1679000,1679000,1679000,1679000,1679000,1679000,1679000,1679000,1679000
POST,/api/shipping/confirm/anonymous-696,1,0,64509.40941299996,64509.40941299996,64509.40941299996,64509.40941299996,202.0,0.0002758456848840466,0.0,65000,65000,65000,65000,65000,65000,65000,65000,65000,65000,65000
POST,/api/shipping/confirm/anonymous-697,1,0,125388.97439499988,125388.97439499988,125388.97439499988,125388.97439499988,326.0,0.0002758456848840466,0.0,125000,125000,125000,125000,125000,125000,125000,125000,125000,125000,125000
POST,/api/shipping/confirm/anonymous-7,3,0,41000.0,39720.22248833339,32806.24732800004,45266.641795000054,279.0,0.0008275370546521397,0.0,41000,41000,45000,45000,45000,45000,45000,45000,45000,45000,45000
POST,/api/shipping/confirm/anonymous-700,1,1,75171.99028699996,75171.99028699996,75171.99028699996,75171.99028699996,0.0,0.0002758456848840466,0.0002758456848840466,75000,75000,75000,75000,75000,75000,75000,75000,75000,75000,75000
POST,/api/shipping/confirm/anonymous-701,2,0,28358.626960000038,37117.34352949998,28358.626960000038,45876.060098999915,206.0,0.0005516913697680932,0.0,46000,46000,46000,46000,46000,46000,46000,46000,46000,46000,46000
POST,/api/shipping/confirm/anonymous-702,2,1,21000.0,38561.940361499976,20612.137975999984,56511.74274699997,159.0,0.0005516913697680932,0.0002758456848840466,57000,57000,57000,57000,57000,57000,57000,57000,57000,57000,57000
POST,/api/shipping/confirm/anonymous-708,1,0,106160.815706,106160.815706,106160.815706,106160.815706,365.0,0.0002758456848840466,0.0,106000,106000,106000,106000,106000,106000,106000,106000,106000,106000,106000
POST,/api/shipping/confirm/anonymous-709,1,1,46093.278603000275,46093.278603000275,46093.278603000275,46093.278603000275,105.0,0.0002758456848840466,0.0002758456848840466,46000,46000,46000,46000,46000,46000,46000,46000,46000,46000,46000
POST,/api/shipping/confirm/anonymous-71,2,0,44275.39854600002,55682.00422750016,44275.39854600002,67088.6099090003,263.5,0.0005516913697680932,0.0,67000,67000,67000,67000,67000,67000,67000,67000,67000,67000,67000
POST,/api/shipping/confirm/anonymous-711,1,0,28907.92351400023,28907.92351400023,28907.92351400023,28907.92351400023,386.0,0.0002758456848840466,0.0,29000,29000,29000,29000,29000,29000,29000,29000,29000,29000,29000
POST,/api/shipping/confirm/anonymous-712,1,0,100090.31942699994,100090.31942699994,100090.31942699994,100090.31942699994,228.0,0.0002758456848840466,0.0,100000,100000,100000,100000,100000,100000,100000,100000,100000,100000,100000
POST,/api/shipping/confirm/anonymous-714,1,0,49595.66952100022,49595.66952100022,49595.66952100022,49595.66952100022,314.0,0.0002758456848840466,0.0,50000,50000,50000,50000,50000,50000,50000,50000,50000,50000,50000
POST,/api/shipping/confirm/anonymous-718,1,0,75420.57704800027,75420.57704800027,75420.57704800027,75420.57704800027,312.0,0.0002758456848840466,0.0,75000,75000,75000,75000,75000,75000,75000,75000,75000,75000,75000
POST,/api/shipping/confirm/anonymous-719,1,0,41120.52275099995,41120.52275099995,41120.52275099995,41120.52275099995,296.0,0.0002758456848840466,0.0,41000,41000,41000,41000,41000,41000,41000,41000,41000,41000,41000
POST,/api/shipping/confirm/anonymous-720,1,0,43663.29158499957,43663.29158499957,43663.29158499957,43663.29158499957,231.0,0.0002758456848840466,0.0,44000,44000,44000,44000,44000,44000,44000,44000,44000,44000,44000
POST,/api/shipping/confirm/anonymous-722,1,1,67107.96924099987,67107.96924099987,67107.96924099987,67107.96924099987,105.0,0.0002758456848840466,0.0002758456848840466,67000,67000,67000,67000,67000,67000,67000,67000,67000,67000,67000
POST,/api/shipping/confirm/anonymous-724,1,1,43523.44267399985,43523.44267399985,43523.44267399985,43523.44267399985,105.0,0.0002758456848840466,0.0002758456848840466,44000,44000,44000,44000,44000,44000,44000,44000,44000,44000,44000
POST,/api/shipping/confirm/anonymous-728,1,0,101077.73494100002,101077.73494100002,101077.73494100002,101077.73494100002,302.0,0.0002758456848840466,0.0,101000,101000,101000,101000,101000,101000,101000,101000,101000,101000,101000
POST,/api/shipping/confirm/anonymous-737,1,0,953.0547919998753,953.0547919998753,953.0547919998753,953.0547919998753,226.0,0.0002758456848840466,0.0,950,950,950,950,950,950,950,950,950,950,950
POST,/api/shipping/confirm/anonymous-738,1,1,75752.10626099988,75752.10626099988,75752.10626099988,75752.10626099988,105.0,0.0002758456848840466,0.0002758456848840466,76000,76000,76000,76000,76000,76000,76000,76000,76000,76000,76000
POST,/api/shipping/confirm/anonymous-739,1,1,66776.85478400008,66776.85478400008,66776.85478400008,66776.85478400008,105.0,0.0002758456848840466,0.0002758456848840466,67000,67000,67000,67000,67000,67000,67000,67000,67000,67000,67000
POST,/api/shipping/confirm/anonymous-740,1,0,67446.8272869999,67446.8272869999,67446.8272869999,67446.8272869999,241.0,0.0002758456848840466,0.0,67000,67000,67000,67000,67000,67000,67000,67000,67000,67000,67000
POST,/api/shipping/confirm/anonymous-741,1,0,65788.99411200019,65788.99411200019,65788.99411200019,65788.99411200019,216.0,0.0002758456848840466,0.0,66000,66000,66000,66000,66000,66000,66000,66000,66000,66000,66000
POST,/api/shipping/confirm/anonymous-742,1,0,18591.518400999576,18591.518400999576,18591.518400999576,18591.518400999576,223.0,0.0002758456848840466,0.0,19000,19000,19000,19000,19000,19000,19000,19000,19000,19000,19000
POST,/api/shipping/confirm/anonymous-747,1,1,65598.71806699994,65598.71806699994,65598.71806699994,65598.71806699994,105.0,0.0002758456848840466,0.0002758456848840466,66000,66000,66000,66000,66000,66000,66000,66000,66000,66000,66000
POST,/api/shipping/confirm/anonymous-750,1,1,65447.64434999979,65447.64434999979,65447.64434999979,65447.64434999979,105.0,0.0002758456848840466,0.0002758456848840466,65000,65000,65000,65000,65000,65000,65000,65000,65000,65000,65000
POST,/api/shipping/confirm/anonymous-752,2,1,57305.75722599997,74649.78772950008,57305.75722599997,91993.81823300019,206.5,0.0005516913697680932,0.0002758456848840466,92000,92000,92000,92000,92000,92000,92000,92000,92000,92000,92000
POST,/api/shipping/confirm/anonymous-756,1,1,56500.21597700015,56500.21597700015,56500.21597700015,56500.21597700015,0.0,0.0002758456848840466,0.0002758456848840466,57000,57000,57000,57000,57000,57000,57000,57000,57000,57000,57000
POST,/api/shipping/confirm/anonymous-759,1,0,27420.617170999776,27420.617170999776,27420.617170999776,27420.617170999776,325.0,0.0002758456848840466,0.0,27000,27000,27000,27000,27000,27000,27000,27000,27000,27000,27000
POST,/api/shipping/confirm/anonymous-764,1,1,100082.63742000009,100082.63742000009,100082.63742000009,100082.63742000009,105.0,0.0002758456848840466,0.0002758456848840466,100000,100000,100000,100000,100000,100000,100000,100000,100000,100000,100000
POST,/api/shipping/confirm/anonymous-767,2,1,43153.81078099972,59100.42355199971,43153.81078099972,75047.0363229997,161.0,0.0005516913697680932,0.0002758456848840466,75000,75000,75000,75000,75000,75000,75000,75000,75000,75000,75000
POST,/api/shipping/confirm/anonymous-768,2,2,52000.0,78967.1847415002,51781.93437800019,106152.43510500022,105.0,0.0005516913697680932,0.0005516913697680932,106000,106000,106000,106000,106000,106000,106000,106000,106000,106000,106000
POST,/api/shipping/confirm/anonymous-769,1,0,43161.16227099974,43161.16227099974,43161.16227099974,43161.16227099974,232.0,0.0002758456848840466,0.0,43000,43000,43000,43000,43000,43000,43000,43000,43000,43000,43000
POST,/api/shipping/confirm/anonymous-770,2,0,48000.0,56774.52137350019,47943.594702000155,65605.44804500023,229.5,0.0005516913697680932,0.0,66000,66000,66000,66000,66000,66000,66000,66000,66000,66000,66000
POST,/api/shipping/confirm/anonymous-774,1,1,75178.46276299997,75178.46276299997,75178.46276299997,75178.46276299997,0.0,0.0002758456848840466,0.0002758456848840466,75000,75000,75000,75000,75000,75000,75000,75000,75000,75000,75000
POST,/api/shipping/confirm/anonymous-780,1,0,65584.56700199985,65584.56700199985,65584.56700199985,65584.56700199985,304.0,0.0002758456848840466,0.0,66000,66000,66000,66000,66000,66000,66000,66000,66000,66000,66000
POST,/api/shipping/confirm/anonymous-781,1,0,67255.138601,67255.138601,67255.138601,67255.138601,387.0,0.0002758456848840466,0.0,67000,67000,67000,67000,67000,67000,67000,67000,67000,67000,67000
POST,/api/shipping/confirm/anonymous-784,2,1,24350.94585900015,31828.622843000063,24350.94585900015,39306.29982699997,207.0,0.0005516913697680932,0.0002758456848840466,39000,39000,39000,39000,39000,39000,39000,39000,39000,39000,39000
POST,/api/shipping/confirm/anonymous-785,1,1,48695.57106999992,48695.57106999992,48695.57106999992,48695.57106999992,105.0,0.0002758456848840466,0.0002758456848840466,49000,49000,49000,49000,49000,49000,49000,49000,49000,49000,49000
POST,/api/shipping/confirm/anonymous-786,1,1,39576.7589269999,39576.7589269999,39576.7589269999,39576.7589269999,0.0,0.0002758456848840466,0.0002758456848840466,40000,40000,40000,40000,40000,40000,40000,40000,40000,40000,40000
POST,/api/shipping/confirm/anonymous-788,1,1,1681491.925545,1681491.925545,1681491.925545,1681491.925545,105.0,0.0002758456848840466,0.0002758456848840466,1681000,1681000,1681000,1681000,1681000,1681000,1681000,1681000,1681000,1681000,1681000
POST,/api/shipping/confirm/anonymous-794,1,0,49375.53054,49375.53054,49375.53054,49375.53054,320.0,0.0002758456848840466,0.0,49000,49000,49000,49000,49000,49000,49000,49000,49000,49000,49000
POST,/api/shipping/confirm/anonymous-796,1,0,18566.201026999806,18566.201026999806,18566.201026999806,18566.201026999806,307.0,0.0002758456848840466,0.0,19000,19000,19000,19000,19000,19000,19000,19000,19000,19000,19000
POST,/api/shipping/confirm/anonymous-797,1,1,1563647.7799069998,1563647.7799069998,1563647.7799069998,1563647.7799069998,105.0,0.0002758456848840466,0.0002758456848840466,1564000,1564000,1564000,1564000,1564000,1564000,1564000,1564000,1564000,1564000,1564000
POST,/api/shipping/confirm/anonymous-798,1,1,1558.045126000252,1558.045126000252,1558.045126000252,1558.045126000252,105.0,0.0002758456848840466,0.0002758456848840466,1600,1600,1600,1600,1600,1600,1600,1600,1600,1600,1600
POST,/api/shipping/confirm/anonymous-8,1,0,21297.728162,21297.728162,21297.728162,21297.728162,299.0,0.0002758456848840466,0.0,21000,21000,21000,21000,21000,21000,21000,21000,21000,21000,21000
POST,/api/shipping/confirm/anonymous-801,1,1,106152.82670899978,106152.82670899978,106152.82670899978,106152.82670899978,105.0,0.0002758456848840466,0.0002758456848840466,106000,106000,106000,106000,106000,106000,106000,106000,106000,106000,106000
POST,/api/shipping/confirm/anonymous-805,1,1,27213.15944800017,27213.15944800017,27213.15944800017,27213.15944800017,105.0,0.0002758456848840466,0.0002758456848840466,27000,27000,27000,27000,27000,27000,27000,27000,27000,27000,27000
POST,/api/shipping/confirm/anonymous-812,1,1,26927.667705000204,26927.667705000204,26927.667705000204,26927.667705000204,105.0,0.0002758456848840466,0.0002758456848840466,27000,27000,27000,27000,27000,27000,27000,27000,27000,27000,27000
POST,/api/shipping/confirm/anonymous-815,1,0,22716.37244400017,22716.37244400017,22716.37244400017,22716.37244400017,312.0,0.0002758456848840466,0.0,23000,23000,23000,23000,23000,23000,23000,23000,23000,23000,23000
POST,/api/shipping/confirm/anonymous-816,1,0,69308.32339800008,69308.32339800008,69308.32339800008,69308.32339800008,305.0,0.0002758456848840466,0.0,69000,69000,69000,69000,69000,69000,69000,69000,69000,69000,69000
POST,/api/shipping/confirm/anonymous-820,1,0,67250.4370470001,67250.4370470001,67250.4370470001,67250.4370470001,317.0,0.0002758456848840466,0.0,67000,67000,67000,67000,67000,67000,67000,67000,67000,67000,67000
POST,/api/shipping/confirm/anonymous-825,1,1,983.7986049997198,983.7986049997198,983.7986049997198,983.7986049997198,105.0,0.0002758456848840466,0.0002758456848840466,980,980,980,980,980,980,980,980,980,980,980
POST,/api/shipping/confirm/anonymous-826,1,1,26827.328985999884,26827.328985999884,26827.328985999884,26827.328985999884,105.0,0.0002758456848840466,0.0002758456848840466,27000,27000,27000,27000,27000,27000,27000,27000,27000,27000,27000
POST,/api/shipping/confirm/anonymous-829,1,1,27072.569006999856,27072.569006999856,27072.569006999856,27072.569006999856,105.0,0.0002758456848840466,0.0002758456848840466,27000,27000,27000,27000,27000,27000,27000,27000,27000,27000,27000
POST,/api/shipping/confirm/anonymous-831,1,1,45921.44114599978,45921.44114599978,45921.44114599978,45921.44114599978,105.0,0.0002758456848840466,0.0002758456848840466,46000,46000,46000,46000,46000,46000,46000,46000,46000,46000,46000
POST,/api/shipping/confirm/anonymous-836,1,0,65456.70475399993,65456.70475399993,65456.70475399993,65456.70475399993,234.0,0.0002758456848840466,0.0,65000,65000,65000,65000,65000,65000,65000,65000,65000,65000,65000
POST,/api/shipping/confirm/anonymous-838,1,0,55799.87237600017,55799.87237600017,55799.87237600017,55799.87237600017,212.0,0.0002758456848840466,0.0,56000,56000,56000,56000,56000,56000,56000,56000,56000,56000,56000
POST,/api/shipping/confirm/anonymous-839,1,0,41048.70475200005,41048.70475200005,41048.70475200005,41048.70475200005,230.0,0.0002758456848840466,0.0,41000,41000,41000,41000,41000,41000,41000,41000,41000,41000,41000
POST,/api/shipping/confirm/anonymous-840,1,0,28737.85011200016,28737.85011200016,28737.85011200016,28737.85011200016,217.0,0.0002758456848840466,0.0,29000,29000,29000,29000,29000,29000,29000,29000,29000,29000,29000
POST,/api/shipping/confirm/anonymous-844,1,0,48780.798175999735,48780.798175999735,48780.798175999735,48780.798175999735,229.0,0.0002758456848840466,0.0,49000,49000,49000,49000,49000,49000,49000,49000,49000,49000,49000
POST,/api/shipping/confirm/anonymous-848,1,0,43623.29119400011,43623.29119400011,43623.29119400011,43623.29119400011,231.0,0.0002758456848840466,0.0,44000,44000,44000,44000,44000,44000,44000,44000,44000,44000,44000
POST,/api/shipping/confirm/anonymous-850,1,0,88356.48902499997,88356.48902499997,88356.48902499997,88356.48902499997,304.0,0.0002758456848840466,0.0,88000,88000,88000,88000,88000,88000,88000,88000,88000,88000,88000
POST,/api/shipping/confirm/anonymous-852,1,0,54174.70603100037,54174.70603100037,54174.70603100037,54174.70603100037,299.0,0.0002758456848840466,0.0,54000,54000,54000,54000,54000,54000,54000,54000,54000,54000,54000
POST,/api/shipping/confirm/anonymous-856,1,1,28910.78474799997,28910.78474799997,28910.78474799997,28910.78474799997,105.0,0.0002758456848840466,0.0002758456848840466,29000,29000,29000,29000,29000,29000,29000,29000,29000,29000,29000
POST,/api/shipping/confirm/anonymous-857,1,0,48928.64927599976,48928.64927599976,48928.64927599976,48928.64927599976,324.0,0.0002758456848840466,0.0,49000,49000,49000,49000,49000,49000,49000,49000,49000,49000,49000
POST,/api/shipping/confirm/anonymous-860,1,0,48869.425270000196,48869.425270000196,48869.425270000196,48869.425270000196,204.0,0.0002758456848840466,0.0,49000,49000,49000,49000,49000,49000,49000,49000,49000,49000,49000
POST,/api/shipping/confirm/anonymous-868,1,0,51267.82885999956,51267.82885999956,51267.82885999956,51267.82885999956,284.0,0.0002758456848840466,0.0,51000,51000,51000,51000,51000,51000,51000,51000,51000,51000,51000
POST,/api/shipping/confirm/anonymous-878,1,1,75171.342181,75171.342181,75171.342181,75171.342181,0.0,0.0002758456848840466,0.0002758456848840466,75000,75000,75000,75000,75000,75000,75000,75000,75000,75000,75000
POST,/api/shipping/confirm/anonymous-879,1,1,75172.03968800005,75172.03968800005,75172.03968800005,75172.03968800005,0.0,0.0002758456848840466,0.0002758456848840466,75000,75000,75000,75000,75000,75000,75000,75000,75000,75000,75000
POST,/api/shipping/confirm/anonymous-882,1,1,67091.10893700017,67091.10893700017,67091.10893700017,67091.10893700017,105.0,0.0002758456848840466,0.0002758456848840466,67000,67000,67000,67000,67000,67000,67000,67000,67000,67000,67000
POST,/api/shipping/confirm/anonymous-885,1,1,29431.4213319999,29431.4213319999,29431.4213319999,29431.4213319999,105.0,0.0002758456848840466,0.0002758456848840466,29000,29000,29000,29000,29000,29000,29000,29000,29000,29000,29000
POST,/api/shipping/confirm/anonymous-893,1,0,55899.41310299991,55899.41310299991,55899.41310299991,55899.41310299991,292.0,0.0002758456848840466,0.0,56000,56000,56000,56000,56000,56000,56000,56000,56000,56000,56000
POST,/api/shipping/confirm/anonymous-897,1,1,486.7623159998402,486.7623159998402,486.7623159998402,486.7623159998402,105.0,0.0002758456848840466,0.0002758456848840466,490,490,490,490,490,490,490,490,490,490,490
POST,/api/shipping/confirm/anonymous-904,1,0,30835.945275000086,30835.945275000086,30835.945275000086,30835.945275000086,289.0,0.0002758456848840466,0.0,31000,31000,31000,31000,31000,31000,31000,31000,31000,31000,31000
POST,/api/shipping/confirm/anonymous-905,1,0,58842.702874999755,58842.702874999755,58842.702874999755,58842.702874999755,215.0,0.0002758456848840466,0.0,59000,59000,59000,59000,59000,59000,59000,59000,59000,59000,59000
POST,/api/shipping/confirm/anonymous-908,1,0,24093.767362000108,24093.767362000108,24093.767362000108,24093.767362000108,223.0,0.0002758456848840466,0.0,24000,24000,24000,24000,24000,24000,24000,24000,24000,24000,24000
POST,/api/shipping/confirm/anonymous-911,1,0,874.7742249997827,874.7742249997827,874.7742249997827,874.7742249997827,304.0,0.0002758456848840466,0.0,870,870,870,870,870,870,870,870,870,870,870
POST,/api/shipping/confirm/anonymous-913,1,1,22092.11304199971,22092.11304199971,22092.11304199971,22092.11304199971,105.0,0.0002758456848840466,0.0002758456848840466,22000,22000,22000,22000,22000,22000,22000,22000,22000,22000,22000
POST,/api/shipping/confirm/anonymous-918,1,0,31577.288018999752,31577.288018999752,31577.288018999752,31577.288018999752,310.0,0.0002758456848840466,0.0,32000,32000,32000,32000,32000,32000,32000,32000,32000,32000,32000
POST,/api/shipping/confirm/anonymous-927,1,1,49757.707299000234,49757.707299000234,49757.707299000234,49757.707299000234,105.0,0.0002758456848840466,0.0002758456848840466,50000,50000,50000,50000,50000,50000,50000,50000,50000,50000,50000
POST,/api/shipping/confirm/anonymous-932,1,1,49764.829009000096,49764.829009000096,49764.829009000096,49764.829009000096,105.0,0.0002758456848840466,0.0002758456848840466,50000,50000,50000,50000,50000,50000,50000,50000,50000,50000,50000
POST,/api/shipping/confirm/anonymous-941,1,0,48031.176479999885,48031.176479999885,48031.176479999885,48031.176479999885,294.0,0.0002758456848840466,0.0,48000,48000,48000,48000,48000,48000,48000,48000,48000,48000,48000
POST,/api/shipping/confirm/anonymous-961,1,1,75263.84973699987,75263.84973699987,75263.84973699987,75263.84973699987,105.0,0.0002758456848840466,0.0002758456848840466,75000,75000,75000,75000,75000,75000,75000,75000,75000,75000,75000
POST,/api/shipping/confirm/anonymous-964,1,1,26967.6080549998,26967.6080549998,26967.6080549998,26967.6080549998,105.0,0.0002758456848840466,0.0002758456848840466,27000,27000,27000,27000,27000,27000,27000,27000,27000,27000,27000
POST,/api/shipping/confirm/anonymous-966,1,1,49459.31030400016,49459.31030400016,49459.31030400016,49459.31030400016,105.0,0.0002758456848840466,0.0002758456848840466,49000,49000,49000,49000,49000,49000,49000,49000,49000,49000,49000
POST,/api/shipping/confirm/anonymous-967,1,1,51493.540353000295,51493.540353000295,51493.540353000295,51493.540353000295,105.0,0.0002758456848840466,0.0002758456848840466,51000,51000,51000,51000,51000,51000,51000,51000,51000,51000,51000
POST,/api/shipping/confirm/anonymous-969,1,0,28289.907974000016,28289.907974000016,28289.907974000016,28289.907974000016,303.0,0.0002758456848840466,0.0,28000,28000,28000,28000,28000,28000,28000,28000,28000,28000,28000
POST,/api/shipping/confirm/anonymous-976,1,1,49564.74403099992,49564.74403099992,49564.74403099992,49564.74403099992,105.0,0.0002758456848840466,0.0002758456848840466,50000,50000,50000,50000,50000,50000,50000,50000,50000,50000,50000
POST,/api/shipping/confirm/anonymous-977,1,0,49458.49389600016,49458.49389600016,49458.49389600016,49458.49389600016,229.0,0.0002758456848840466,0.0,49000,49000,49000,49000,49000,49000,49000,49000,49000,49000,49000
POST,/api/shipping/confirm/anonymous-978,1,0,49476.138821999935,49476.138821999935,49476.138821999935,49476.138821999935,225.0,0.0002758456848840466,0.0,49000,49000,49000,49000,49000,49000,49000,49000,49000,49000,49000
POST,/api/shipping/confirm/anonymous-980,1,1,54193.75169599971,54193.75169599971,54193.75169599971,54193.75169599971,105.0,0.0002758456848840466,0.0002758456848840466,54000,54000,54000,54000,54000,54000,54000,54000,54000,54000,54000
POST,/api/shipping/confirm/anonymous-986,1,0,29185.516463999647,29185.516463999647,29185.516463999647,29185.516463999647,240.0,0.0002758456848840466,0.0,29000,29000,29000,29000,29000,29000,29000,29000,29000,29000,29000
POST,/api/shipping/confirm/anonymous-990,1,0,27404.308770999705,27404.308770999705,27404.308770999705,27404.308770999705,230.0,0.0002758456848840466,0.0,27000,27000,27000,27000,27000,27000,27000,27000,27000,27000,27000
POST,/api/shipping/confirm/anonymous-993,1,1,139806.74766500032,139806.74766500032,139806.74766500032,139806.74766500032,105.0,0.0002758456848840466,0.0002758456848840466,140000,140000,140000,140000,140000,140000,140000,140000,140000,140000,140000
POST,/api/user/login,2838,366,27000.0,172386.6657452856,9.70073000002003,1818207.381156,101.28893587033122,0.7828500537009242,0.10095952066756105,27000,48000,74000,103000,364000,1557000,1635000,1714000,1818000,1818000,1818000
GET,/api/user/uniqueid,2732,318,21000.0,74037.37156862633,4.397913999980574,1702646.3273679998,39.70168374816984,0.7536104111032152,0.08771892779312682,21000,30000,40000,49000,71000,107000,1598000,1619000,1666000,1703000,1703000
,Aggregated,32967,3425,27000.0,86650.43796007222,3.079809999974259,1818444.8579449998,53464.166378499714,9.093804693572363,0.9447714707278595,27000,39000,51000,62000,102000,149000,1499000,1611000,1768000,1818000,1818000
